83 1457135853.282143
111 1457135853.466219
109 1457135853.658134
101 1457135853.778192
32 1457135853.962132
112 1457135855.106203
101 1457135855.298146
111 1457135855.378103
112 1457135855.562120
108 1457135855.786116
101 1457135855.978055
32 1457135856.114085
102 1457135856.298090
101 1457135856.498096
101 1457135856.682052
108 1457135856.834024
32 1457135857.058055
116 1457135857.298142
104 1457135857.386147
97 1457135857.458078
116 1457135857.554111
32 1457135857.690059
116 1457135857.898042
104 1457135858.018015
101 1457135858.138099
32 1457135858.730112
99 1457135859.042061
111 1457135859.130119
109 1457135859.338151
109 1457135859.506079
97 1457135859.666013
110 1457135859.770064
100 1457135859.865993
109 1457135860.146147
101 1457135860.290066
110 1457135860.402137
116 1457135860.594036
115 1457135860.778053
32 1457135860.922088
97 1457135861.138127
114 1457135861.274100
101 1457135861.378103
32 1457135861.514027
98 1457135861.778044
117 1457135862.009984
114 1457135862.234062
100 1457135862.433996
101 1457135862.650041
110 1457135862.777962
115 1457135863.090155
111 1457135863.250075
109 1457135863.434053
101 1457135863.546102
32 1457135863.642023
97 1457135863.786072
110 1457135863.906033
100 1457135863.977981
32 1457135864.073981
116 1457135864.250075
104 1457135864.346005
97 1457135864.433966
8 1457135865.242049
97 1457135865.794079
116 1457135865.937926
32 1457135866.138053
116 1457135866.290056
104 1457135866.369997
101 1457135866.449981
121 1457135866.634003
32 1457135866.841968
108 1457135867.650062
105 1457135867.889938
109 1457135868.138070
105 1457135868.314060
116 1457135868.530018
32 1457135868.770015
102 1457135869.025982
114 1457135869.210021
101 1457135869.370010
101 1457135869.529999
100 1457135869.738016
111 1457135869.937937
109 1457135870.146073
32 1457135870.313963
97 1457135870.394003
110 1457135870.522019
100 1457135870.601902
32 1457135870.705958
112 1457135871.122076
101 1457135871.218049
114 1457135871.329923
115 1457135871.529996
111 1457135871.786078
110 1457135872.034013
97 1457135872.193932
108 1457135872.305982
32 1457135872.457964
103 1457135872.673960
114 1457135872.953940
119 1457135873.146034
8 1457135873.681957
111 1457135874.065948
119 1457135874.257954
116 1457135874.553956
104 1457135874.721893
46 1457135875.058042
32 1457135875.273930
66 1457135875.921907
117 1457135876.890072
116 1457135877.009818
32 1457135877.145967
116 1457135877.265913
104 1457135877.369872
101 1457135877.449896
32 1457135877.537890
83 1457135877.921870
118 1457135878.249913
8 1457135878.698194
97 1457135878.849905
118 1457135879.025820
105 1457135879.890023
111 1457135880.105944
114 1457135880.249869
32 1457135880.409914
116 1457135881.313974
97 1457135881.441794
117 1457135881.569830
103 1457135881.673905
104 1457135881.793810
116 1457135881.881865
32 1457135882.041882
116 1457135882.346034
104 1457135882.441855
97 1457135882.729877
116 1457135882.865834
32 1457135883.433859
116 1457135884.009899
114 1457135884.193966
117 1457135884.441882
101 1457135884.617846
32 1457135884.761807
102 1457135884.977826
114 1457135885.185935
101 1457135885.345861
101 1457135885.513851
100 1457135885.769803
111 1457135886.129835
109 1457135886.345789
101 1457135886.625929
32 1457135886.793802
115 1457135886.977781
8 1457135887.233838
8 1457135887.409853
8 1457135887.561818
32 1457135887.825813
99 1457135888.193890
111 1457135888.289841
109 1457135888.481757
101 1457135888.609753
115 1457135888.793755
32 1457135888.897737
111 1457135889.081761
110 1457135889.289802
108 1457135889.513810
121 1457135889.681747
32 1457135889.929746
102 1457135891.194021
114 1457135891.441757
111 1457135891.785869
109 1457135891.985718
32 1457135892.361880
102 1457135892.537814
111 1457135892.665728
108 1457135892.921803
108 1457135893.081771
111 1457135893.625795
119 1457135893.817768
105 1457135893.913716
110 1457135894.129965
103 1457135894.233846
32 1457135894.353824
72 1457135894.721829
105 1457135894.961767
109 1457135895.209813
58 1457135895.721673
32 1457135896.313744
34 1457135896.921826
73 1457135897.745763
102 1457135897.985620
32 1457135898.193818
121 1457135898.553766
101 1457135898.857754
32 1457135899.081738
99 1457135899.441785
111 1457135899.673696
110 1457135899.881718
116 1457135900.001701
105 1457135900.129768
110 1457135900.305779
117 1457135900.633761
101 1457135900.881642
32 1457135901.025663
105 1457135901.273762
110 1457135901.473700
32 1457135901.593668
109 1457135901.745686
121 1457135901.865700
32 1457135902.041665
119 1457135902.201683
111 1457135902.313640
114 1457135902.433694
107 1457135902.585658
8 1457135903.257756
100 1457135903.449681
44 1457135903.673660
32 1457135903.969634
116 1457135904.313670
104 1457135904.385605
101 1457135904.529658
110 1457135904.625613
32 1457135904.745643
97 1457135904.921685
114 1457135905.025630
101 1457135905.137692
32 1457135905.233827
121 1457135905.513880
101 1457135905.785666
32 1457135906.153721
109 1457135906.369664
121 1457135906.497603
32 1457135906.689623
100 1457135907.073752
105 1457135907.281647
115 1457135907.409609
99 1457135907.681721
105 1457135907.801561
112 1457135908.057660
108 1457135908.377685
101 1457135908.521639
115 1457135908.713579
44 1457135908.881556
8 1457135909.633673
32 1457135909.921726
105 1457135910.273617
110 1457135910.505620
100 1457135910.593569
101 1457135910.785591
101 1457135910.969558
100 1457135911.593629
59 1457135912.001694
32 1457135912.449625
97 1457135912.649568
110 1457135912.809559
100 1457135912.881529
32 1457135913.009484
121 1457135914.529574
101 1457135914.769558
32 1457135914.953558
115 1457135915.113698
116 1457135915.289627
97 1457135915.409557
108 1457135915.585555
8 1457135915.905556
8 1457135916.073521
8 1457135916.241619
104 1457135916.537641
97 1457135916.697549
108 1457135916.825529
108 1457135916.985603
32 1457135917.209701
108 1457135917.377628
8 1457135917.745625
107 1457135918.033559
110 1457135918.249543
111 1457135918.409545
119 1457135918.577538
32 1457135918.705536
104 1457135919.001469
116 1457135919.048748
8 1457135919.529549
8 1457135919.705543
116 1457135919.969492
104 1457135920.105573
101 1457135920.217626
32 1457135920.329472
116 1457135920.633520
114 1457135920.841495
117 1457135921.073473
116 1457135921.249500
104 1457135921.345508
44 1457135921.993637
32 1457135922.233564
97 1457135922.377529
110 1457135922.529521
100 1457135922.633527
32 1457135922.753485
109 1457135922.985552
121 1457135923.057410
32 1457135923.273532
8 1457135923.665534
8 1457135923.857465
8 1457135924.017467
116 1457135924.233555
104 1457135924.361466
101 1457135924.441491
32 1457135924.585459
116 1457135924.849475
114 1457135925.057438
117 1457135925.329550
116 1457135925.473455
104 1457135925.593481
32 1457135925.753478
115 1457135926.065453
104 1457135926.249572
97 1457135926.369595
108 1457135926.505427
108 1457135926.641449
32 1457135926.857442
109 1457135926.977392
97 1457135927.089542
107 1457135927.201482
101 1457135927.305430
32 1457135927.449414
121 1457135927.649446
111 1457135927.793371
117 1457135927.881353
32 1457135928.057362
102 1457135928.321510
114 1457135928.521482
101 1457135928.673445
101 1457135928.849400
34 1457135929.417454
32 1457135930.241521
40 1457135931.001370
74 1457135931.897451
111 1457135932.121466
104 1457135932.329465
110 1457135932.593427
32 1457135933.009365
56 1457135933.913479
58 1457135934.569445
51 1457135935.545473
49 1457135935.817384
45 1457135936.193469
51 1457135936.457403
50 1457135936.657362
41 1457135938.089397
46 1457135938.593373
32 1457135939.049462
71 1457135939.433385
111 1457135939.585330
100 1457135939.713302
32 1457135939.841265
103 1457135940.073272
105 1457135940.201263
118 1457135940.369262
101 1457135940.705342
115 1457135940.905345
32 1457135941.017312
99 1457135941.369434
111 1457135941.513311
109 1457135941.729328
109 1457135941.873284
97 1457135942.009330
110 1457135942.113336
100 1457135942.225344
115 1457135942.441327
8 1457135942.929409
109 1457135943.161377
101 1457135943.281340
110 1457135943.393376
116 1457135943.641298
115 1457135943.905246
32 1457135944.193353
102 1457135944.721370
111 1457135944.825244
117 1457135944.961226
114 1457135945.057220
32 1457135945.201363
111 1457135945.449318
8 1457135945.705311
8 1457135945.881278
8 1457135946.025257
8 1457135946.169298
114 1457135946.369269
32 1457135946.633343
111 1457135946.857265
117 1457135946.961226
114 1457135947.121273
32 1457135947.273309
98 1457135948.241287
101 1457135948.473285
110 1457135948.617231
101 1457135948.721225
102 1457135949.081308
105 1457135949.217187
116 1457135949.377221
46 1457135949.769286
32 1457135950.009205
84 1457135950.377256
104 1457135950.497151
101 1457135950.593166
121 1457135950.785200
32 1457135950.961185
97 1457135951.073166
114 1457135951.169255
101 1457135951.297198
32 1457135951.409244
108 1457135951.649255
111 1457135951.961285
118 1457135952.289261
105 1457135952.449244
110 1457135952.713286
103 1457135952.905198
32 1457135953.065189
105 1457135953.329221
110 1457135953.537210
115 1457135953.665165
116 1457135953.841175
114 1457135954.041153
117 1457135954.177237
99 1457135954.305178
116 1457135954.529217
105 1457135954.649185
111 1457135954.841120
110 1457135955.001122
115 1457135955.129278
32 1457135955.289239
102 1457135955.513227
111 1457135956.353239
114 1457135956.505174
32 1457135956.689237
111 1457135956.865154
117 1457135956.977153
114 1457135957.113203
32 1457135957.273209
104 1457135957.505180
97 1457135957.625175
112 1457135957.825180
112 1457135958.009072
105 1457135958.297189
110 1457135958.505161
101 1457135958.617153
115 1457135958.817114
115 1457135958.961169
32 1457135959.113256
97 1457135959.241251
110 1457135959.353181
100 1457135959.441175
32 1457135959.561175
102 1457135959.745161
111 1457135959.977122
114 1457135960.121275
32 1457135960.281167
111 1457135960.529154
117 1457135960.625126
114 1457135960.745155
32 1457135960.889110
112 1457135961.065076
104 1457135961.281143
121 1457135961.385105
115 1457135961.753153
105 1457135962.409157
99 1457135962.569108
97 1457135962.713028
108 1457135962.833008
32 1457135963.057043
97 1457135963.297149
110 1457135963.433117
100 1457135963.529094
32 1457135963.649090
115 1457135963.833106
105 1457135964.057111
112 1457135964.265136
8 1457135964.737150
8 1457135964.913073
112 1457135965.609097
105 1457135965.849025
114 1457135965.976964
105 1457135966.105182
116 1457135966.457144
117 1457135966.585122
97 1457135966.857109
108 1457135967.057046
32 1457135967.305086
119 1457135967.505069
101 1457135967.689001
108 1457135967.824987
108 1457135968.000990
45 1457135968.729140
98 1457135969.009065
101 1457135969.217083
105 1457135969.353064
110 1457135969.529088
103 1457135969.657049
46 1457135969.817024
