85 1457119709.322618
115 1457119709.714653
105 1457119709.850619
110 1457119710.082810
103 1457119710.194540
32 1457119710.402561
100 1457119710.706550
101 1457119710.906520
99 1457119711.162602
117 1457119711.314605
105 1457119711.554606
8 1457119712.050571
8 1457119712.226631
105 1457119712.954592
115 1457119713.114614
105 1457119713.250669
111 1457119713.658616
110 1457119713.890513
32 1457119714.130567
116 1457119714.602575
114 1457119714.858534
101 1457119714.978539
101 1457119715.178617
115 1457119715.498569
32 1457119715.738529
116 1457119716.034588
104 1457119716.130682
97 1457119716.226596
116 1457119716.290570
32 1457119716.458539
115 1457119716.682622
112 1457119716.802450
108 1457119717.058456
105 1457119717.266708
116 1457119717.458573
32 1457119717.618527
111 1457119717.730473
110 1457119717.930452
32 1457119718.026484
116 1457119718.266553
8 1457119718.730464
114 1457119718.930457
97 1457119719.074536
110 1457119719.178575
100 1457119719.290573
111 1457119719.538551
8 1457119719.890486
111 1457119720.674532
109 1457119720.898456
108 1457119721.106507
121 1457119721.314506
32 1457119721.506494
115 1457119721.754500
101 1457119721.970392
108 1457119722.082423
101 1457119722.194433
99 1457119722.450512
116 1457119722.666509
101 1457119722.826474
100 1457119723.018477
32 1457119723.114474
97 1457119723.242445
116 1457119723.418458
116 1457119723.602452
114 1457119723.802405
105 1457119724.658487
98 1457119724.810529
117 1457119725.002485
116 1457119725.098474
101 1457119725.290444
115 1457119725.530478
32 1457119725.882466
105 1457119726.578475
115 1457119726.714342
32 1457119726.914407
111 1457119727.018313
110 1457119727.234503
101 1457119727.298457
32 1457119727.410340
119 1457119727.690496
97 1457119727.842443
121 1457119728.074324
32 1457119728.290450
111 1457119728.482427
8 1457119728.834417
116 1457119729.130458
111 1457119729.250349
32 1457119729.410347
105 1457119730.154470
110 1457119730.338420
99 1457119730.442425
114 1457119730.634425
101 1457119730.730344
97 1457119730.858421
115 1457119730.970359
101 1457119731.098419
32 1457119731.282409
116 1457119731.466398
104 1457119731.562410
101 1457119731.634394
32 1457119731.770330
100 1457119731.978422
105 1457119732.106455
118 1457119732.266418
105 1457119732.442386
8 1457119732.914538
101 1457119733.090787
114 1457119733.234431
115 1457119733.410315
105 1457119733.586439
116 1457119733.962303
121 1457119734.258389
32 1457119734.498389
116 1457119734.794366
8 1457119735.114338
119 1457119735.306390
105 1457119735.706394
116 1457119735.874289
104 1457119735.994259
105 1457119736.122384
110 1457119736.330389
32 1457119736.522346
97 1457119736.642370
110 1457119736.762353
32 1457119736.914333
101 1457119737.434384
110 1457119737.634338
115 1457119737.802265
101 1457119737.994217
109 1457119738.362354
98 1457119738.682339
108 1457119738.818221
101 1457119738.994216
32 1457119739.338318
111 1457119739.466288
102 1457119739.602356
32 1457119739.722208
100 1457119739.986358
101 1457119740.202351
99 1457119740.426361
105 1457119740.594303
115 1457119740.770298
105 1457119740.858297
111 1457119741.050203
110 1457119741.250386
32 1457119741.490401
116 1457119741.698305
114 1457119741.890261
101 1457119742.010221
101 1457119742.226325
101 1457119742.794311
8 1457119743.178294
115 1457119743.354296
46 1457119743.578297
32 1457119744.114295
65 1457119744.458251
110 1457119744.674215
111 1457119744.842224
116 1457119745.018212
104 1457119745.114766
101 1457119745.226341
114 1457119745.298306
32 1457119745.474281
97 1457119745.778283
112 1457119745.954253
112 1457119746.114369
114 1457119746.618299
111 1457119746.826168
97 1457119747.122299
99 1457119747.666300
104 1457119747.858485
32 1457119748.210284
111 1457119748.354257
8 1457119748.946280
105 1457119749.338311
110 1457119749.658261
99 1457119749.786164
114 1457119750.010611
101 1457119750.106254
97 1457119750.218227
115 1457119750.618236
101 1457119750.818155
115 1457119751.018074
32 1457119751.202244
100 1457119751.626231
101 1457119751.850155
8 1457119752.306231
105 1457119752.546305
118 1457119752.730150
101 1457119752.946191
114 1457119753.082166
115 1457119753.274167
105 1457119753.466559
116 1457119753.738251
121 1457119753.938225
32 1457119754.146212
98 1457119754.418205
121 1457119754.738230
32 1457119755.002139
99 1457119755.226217
111 1457119755.314229
109 1457119755.538223
98 1457119755.810148
105 1457119755.970077
110 1457119756.194308
105 1457119756.362188
110 1457119756.530123
103 1457119756.754065
32 1457119756.946136
109 1457119757.362146
117 1457119757.634149
108 1457119758.002447
116 1457119758.242164
105 1457119758.394082
112 1457119758.626145
108 1457119758.882470
101 1457119759.074015
32 1457119759.250148
116 1457119759.522143
114 1457119759.786050
101 1457119759.954075
101 1457119760.154158
32 1457119760.714145
97 1457119760.882062
108 1457119761.066028
103 1457119761.258074
111 1457119761.354089
114 1457119761.522045
105 1457119761.690075
116 1457119761.882053
104 1457119762.001987
109 1457119762.322151
115 1457119762.586194
46 1457119762.898047
32 1457119763.154121
84 1457119763.594097
104 1457119763.762036
101 1457119763.802004
32 1457119763.994055
114 1457119764.266152
97 1457119764.410088
110 1457119764.498099
100 1457119764.650128
109 1457119765.154117
8 1457119765.690092
105 1457119766.010021
111 1457119766.010216
8 1457119766.474052
8 1457119767.026078
111 1457119767.322063
109 1457119767.530088
32 1457119767.714052
102 1457119767.977983
111 1457119768.114065
114 1457119768.322079
101 1457119768.690098
115 1457119768.858046
116 1457119769.018022
32 1457119769.202145
97 1457119769.554120
112 1457119769.714034
112 1457119769.898045
111 1457119770.250056
114 1457119770.514004
8 1457119770.858019
8 1457119771.025928
114 1457119771.258069
111 1457119771.778104
97 1457119771.993956
99 1457119772.250097
104 1457119772.362023
32 1457119772.569985
104 1457119772.889980
97 1457119772.993983
115 1457119773.106009
32 1457119773.225966
98 1457119773.417980
101 1457119773.594112
99 1457119773.793913
111 1457119773.890007
109 1457119774.065920
101 1457119774.201936
32 1457119774.322065
112 1457119774.642030
111 1457119775.218029
112 1457119775.401887
117 1457119776.426004
108 1457119776.665997
97 1457119777.497999
114 1457119777.689912
32 1457119777.889905
98 1457119778.129982
101 1457119778.298147
99 1457119778.505955
97 1457119778.673973
117 1457119778.921976
115 1457119779.065877
101 1457119779.217884
32 1457119779.337951
105 1457119779.505934
116 1457119779.625875
32 1457119779.786031
105 1457119779.889848
115 1457119780.001892
32 1457119780.113952
115 1457119780.434004
105 1457119780.569931
109 1457119780.825935
112 1457119781.457945
108 1457119781.721915
101 1457119781.841899
32 1457119781.961927
97 1457119782.122045
110 1457119782.242022
100 1457119782.345978
32 1457119782.449992
121 1457119784.098031
105 1457119784.345933
101 1457119784.657871
108 1457119784.897849
100 1457119785.073848
115 1457119785.241853
32 1457119785.442033
103 1457119785.945903
111 1457119786.065823
111 1457119786.241871
100 1457119786.458394
32 1457119786.641895
114 1457119786.969857
101 1457119787.289904
115 1457119787.481914
117 1457119787.609870
108 1457119787.825862
116 1457119788.001801
115 1457119788.137994
32 1457119788.409852
119 1457119788.625899
105 1457119788.737825
116 1457119788.889826
104 1457119788.961760
32 1457119789.193907
99 1457119789.401908
111 1457119789.497894
109 1457119789.697858
109 1457119789.873772
111 1457119790.065772
110 1457119790.273869
32 1457119790.473830
100 1457119790.705847
97 1457119790.849990
116 1457119790.945794
97 1457119791.081771
115 1457119791.265857
101 1457119791.449888
116 1457119791.657845
115 1457119791.793750
46 1457119792.089987
32 1457119792.361845
87 1457119792.841690
101 1457119793.113901
32 1457119793.393865
112 1457119793.641876
114 1457119793.817771
101 1457119793.921781
115 1457119794.121885
101 1457119794.169829
110 1457119794.537863
116 1457119794.713772
32 1457119794.865714
97 1457119795.033736
110 1457119795.161754
32 1457119795.257742
8 1457119795.825978
8 1457119796.377805
32 1457119796.969770
116 1457119797.417809
101 1457119797.625787
99 1457119797.953738
104 1457119798.073708
110 1457119798.425815
105 1457119798.657825
101 1457119798.922403
8 1457119799.297801
113 1457119799.521761
117 1457119799.697751
101 1457119800.017704
32 1457119800.161728
116 1457119800.345773
104 1457119800.425708
97 1457119800.497739
116 1457119800.585695
32 1457119800.689836
99 1457119800.929701
111 1457119801.009680
109 1457119801.217732
98 1457119801.393773
105 1457119801.505772
110 1457119802.017725
101 1457119802.161715
115 1457119802.353724
32 1457119802.473714
104 1457119802.761687
101 1457119802.897645
116 1457119803.425765
101 1457119803.617784
114 1457119803.745730
111 1457119803.985636
103 1457119804.257721
101 1457119804.489699
110 1457119804.641701
111 1457119805.001665
8 1457119805.369726
101 1457119805.569641
111 1457119805.721708
117 1457119805.865638
115 1457119806.161688
32 1457119806.425726
116 1457119806.673723
114 1457119806.929733
101 1457119807.146178
101 1457119807.337980
32 1457119807.729749
97 1457119808.113677
108 1457119808.305677
103 1457119808.553656
111 1457119808.713653
114 1457119808.969665
105 1457119809.097712
116 1457119809.337668
104 1457119809.489687
109 1457119809.753672
115 1457119809.969586
32 1457119810.153717
97 1457119810.521623
110 1457119810.697794
100 1457119810.817792
32 1457119810.929546
99 1457119811.177678
111 1457119811.561611
110 1457119811.777635
115 1457119811.889560
116 1457119812.097753
8 1457119812.457608
8 1457119812.625677
114 1457119812.913600
8 1457119813.609867
116 1457119814.153644
114 1457119814.377639
97 1457119814.513669
115 1457119814.665623
116 1457119814.849554
32 1457119815.025547
105 1457119815.225625
116 1457119815.409598
32 1457119815.561580
119 1457119815.681587
105 1457119815.793554
116 1457119815.969505
104 1457119816.057565
32 1457119816.193695
104 1457119816.937616
111 1457119817.193637
109 1457119817.409594
111 1457119817.609541
103 1457119818.009544
101 1457119818.217611
110 1457119818.369587
101 1457119818.777565
111 1457119818.897553
117 1457119819.073531
115 1457119819.345598
32 1457119819.497578
102 1457119819.953645
111 1457119820.065556
114 1457119820.193606
115 1457119820.409607
116 1457119820.553595
32 1457119820.753490
8 1457119821.033495
8 1457119821.217555
8 1457119821.401575
101 1457119821.593514
115 1457119821.777613
116 1457119821.929523
32 1457119822.065444
97 1457119822.225474
108 1457119822.345508
103 1457119822.497623
111 1457119822.697539
114 1457119823.169574
105 1457119823.321636
116 1457119823.497563
104 1457119823.609597
109 1457119823.857523
115 1457119824.017430
46 1457119824.273509
32 1457119824.577501
79 1457119824.897423
117 1457119825.161517
114 1457119825.345577
32 1457119825.537574
114 1457119825.865530
101 1457119825.969462
115 1457119826.161562
117 1457119826.281580
108 1457119826.465449
116 1457119826.641513
115 1457119826.785388
32 1457119826.969398
105 1457119827.553524
110 1457119827.753471
100 1457119827.969420
105 1457119828.097576
99 1457119828.289762
97 1457119828.481536
116 1457119828.649535
101 1457119829.121453
32 1457119829.313503
116 1457119829.497539
104 1457119829.585450
97 1457119829.641503
116 1457119829.729425
32 1457119829.833466
114 1457119830.729561
97 1457119830.873418
110 1457119831.033641
100 1457119831.153938
111 1457119831.377465
109 1457119831.665481
32 1457119831.977414
102 1457119832.169500
111 1457119832.273476
114 1457119832.409427
115 1457119832.609449
101 1457119832.753473
8 1457119833.081470
8 1457119833.257454
101 1457119833.409442
115 1457119833.577454
116 1457119833.689473
115 1457119833.841394
32 1457119834.113536
100 1457119834.369445
111 1457119834.489396
32 1457119834.641452
112 1457119834.929361
111 1457119835.217469
111 1457119835.369441
114 1457119835.785479
108 1457119836.009373
121 1457119836.249675
32 1457119836.473382
119 1457119836.777471
104 1457119836.961392
101 1457119837.105412
110 1457119837.225334
32 1457119837.385372
102 1457119837.585445
97 1457119837.713984
99 1457119837.881330
101 1457119838.057344
100 1457119838.257429
32 1457119838.393413
119 1457119838.809404
105 1457119838.953355
116 1457119839.065354
104 1457119839.177422
32 1457119839.273300
105 1457119839.585407
114 1457119839.825444
114 1457119840.049270
101 1457119840.345362
108 1457119840.553414
101 1457119840.697338
118 1457119840.969502
97 1457119841.257384
110 1457119841.425370
116 1457119841.545363
32 1457119841.705345
97 1457119841.905277
116 1457119842.113438
116 1457119842.305321
114 1457119842.529334
105 1457119842.753344
98 1457119842.969239
117 1457119843.121365
116 1457119843.273792
101 1457119843.441313
115 1457119843.641344
44 1457119843.937281
32 1457119844.313360
119 1457119844.777391
104 1457119844.889259
105 1457119845.081230
108 1457119845.249257
101 1457119845.401308
32 1457119845.505335
111 1457119845.681309
117 1457119845.849282
114 1457119845.977269
32 1457119846.105366
104 1457119846.385343
101 1457119846.521341
114 1457119846.713282
101 1457119847.089333
8 1457119847.409448
8 1457119847.593325
116 1457119847.921234
101 1457119848.105380
114 1457119848.305262
111 1457119848.521324
103 1457119848.873247
101 1457119849.097281
110 1457119849.265258
101 1457119849.433255
111 1457119849.585214
117 1457119849.689278
115 1457119849.929242
32 1457119850.177305
116 1457119850.585298
104 1457119850.705240
101 1457119850.825272
99 1457119851.049207
104 1457119851.153258
8 1457119851.857321
8 1457119852.273268
8 1457119852.449256
8 1457119852.777311
101 1457119852.969153
99 1457119853.209230
104 1457119853.337252
110 1457119853.617353
105 1457119853.825250
113 1457119854.305276
117 1457119854.489279
101 1457119854.785315
32 1457119855.001237
104 1457119855.185565
97 1457119855.345266
110 1457119855.489232
100 1457119855.601296
108 1457119855.761232
101 1457119855.945116
115 1457119856.137276
32 1457119856.257228
116 1457119856.417195
104 1457119856.473165
101 1457119856.609214
109 1457119856.729242
32 1457119856.977138
114 1457119857.265188
111 1457119857.425212
98 1457119857.609210
117 1457119857.809207
115 1457119857.913234
116 1457119858.065117
108 1457119858.249205
121 1457119858.385212
46 1457119858.609251
32 1457119858.801184
82 1457119859.729194
8 1457119860.129248
70 1457119860.497190
117 1457119860.769219
114 1457119860.905086
116 1457119861.081124
104 1457119861.153203
101 1457119861.273155
114 1457119861.369162
32 1457119861.457192
8 1457119862.049217
44 1457119862.337240
32 1457119862.601212
119 1457119862.985168
101 1457119863.185172
32 1457119863.281120
115 1457119864.481148
104 1457119864.617063
111 1457119864.841179
117 1457119864.937054
8 1457119865.337324
119 1457119865.577146
32 1457119865.793170
116 1457119866.081047
104 1457119866.209191
97 1457119866.321138
116 1457119866.441180
32 1457119866.841110
108 1457119867.241181
97 1457119867.345150
114 1457119867.449100
103 1457119867.673201
101 1457119867.833009
32 1457119867.944993
101 1457119868.193138
110 1457119868.321099
115 1457119868.969085
101 1457119869.169136
109 1457119869.369114
98 1457119870.193031
108 1457119870.473143
101 1457119870.641033
115 1457119870.825097
32 1457119870.969017
111 1457119871.329138
102 1457119871.449148
32 1457119871.569036
114 1457119871.737707
97 1457119871.897041
110 1457119872.033060
100 1457119872.425117
111 1457119872.553122
109 1457119872.737006
32 1457119872.936979
116 1457119873.209027
104 1457119873.321096
114 1457119873.457045
8 1457119873.769114
8 1457119873.945082
114 1457119874.185045
101 1457119874.337039
101 1457119874.569040
115 1457119874.873188
32 1457119875.105541
97 1457119875.497023
114 1457119875.649053
101 1457119875.793005
32 1457119876.008965
109 1457119876.177369
111 1457119876.473068
114 1457119876.617054
101 1457119876.753053
32 1457119876.904966
115 1457119877.953035
117 1457119878.145053
115 1457119878.393028
99 1457119878.897034
101 1457119879.105078
112 1457119879.497110
116 1457119879.728999
105 1457119879.904960
98 1457119880.257062
108 1457119880.385002
101 1457119880.561113
32 1457119881.057017
116 1457119881.264970
111 1457119881.392988
32 1457119883.033029
100 1457119887.288926
105 1457119887.440871
109 1457119887.704997
105 1457119887.960998
110 1457119888.297047
105 1457119888.496929
115 1457119888.888922
104 1457119889.040807
101 1457119889.200918
100 1457119889.440899
8 1457119889.816931
8 1457119889.992829
105 1457119890.496955
110 1457119890.688947
103 1457119890.864949
32 1457119891.353262
114 1457119891.753017
101 1457119891.896899
116 1457119892.216938
117 1457119892.400952
114 1457119892.592861
110 1457119892.712912
115 1457119892.864848
32 1457119893.128911
116 1457119893.672913
104 1457119893.776853
97 1457119893.872818
110 1457119894.489019
32 1457119894.688891
111 1457119894.928868
117 1457119895.112865
114 1457119895.240825
32 1457119895.416886
116 1457119895.744870
101 1457119895.928900
99 1457119896.776848
104 1457119896.984744
110 1457119897.272880
105 1457119897.696886
113 1457119898.120802
105 1457119898.464873
8 1457119899.080812
117 1457119899.624864
101 1457119899.872807
46 1457119900.120926
32 1457119900.480888
87 1457119900.984678
101 1457119901.272832
32 1457119901.480802
97 1457119901.976847
114 1457119902.312836
101 1457119902.448858
32 1457119902.616793
97 1457119903.040795
98 1457119903.280907
108 1457119903.600867
101 1457119903.832787
32 1457119904.288853
116 1457119904.648801
111 1457119904.824785
32 1457119905.000732
111 1457119905.808812
98 1457119906.008771
106 1457119906.200834
8 1457119906.800767
116 1457119907.072707
97 1457119907.232781
105 1457119907.272702
110 1457119907.488783
32 1457119907.688784
98 1457119908.049139
101 1457119908.264724
116 1457119908.496744
116 1457119908.680734
101 1457119908.832708
114 1457119908.920688
32 1457119909.056707
114 1457119909.432743
101 1457119909.552727
115 1457119909.760807
117 1457119909.840682
108 1457119910.032643
116 1457119910.152768
115 1457119910.296739
32 1457119910.448731
97 1457119910.632721
114 1457119910.888709
8 1457119911.376648
99 1457119911.536781
114 1457119911.744726
111 1457119911.864714
115 1457119911.992647
115 1457119912.160742
32 1457119912.328653
97 1457119912.488606
32 1457119913.080729
108 1457119913.328734
97 1457119913.784788
114 1457119913.920675
103 1457119914.168701
101 1457119914.328692
32 1457119914.488623
110 1457119914.648687
117 1457119914.824623
109 1457119915.024570
98 1457119915.160925
101 1457119915.352651
114 1457119915.480698
32 1457119915.616718
111 1457119915.768708
102 1457119915.920611
32 1457119916.040907
100 1457119916.328661
8 1457119916.648669
99 1457119916.872652
111 1457119916.968670
109 1457119917.200717
109 1457119917.344625
111 1457119917.520662
110 1457119917.704713
32 1457119917.872613
100 1457119918.056597
97 1457119918.184666
116 1457119918.296677
97 1457119918.432641
115 1457119918.776620
101 1457119918.952560
116 1457119919.168693
115 1457119919.304550
32 1457119919.528720
119 1457119919.769151
104 1457119919.929160
8 1457119920.304628
105 1457119920.560660
116 1457119920.744621
104 1457119920.840623
32 1457119921.032538
97 1457119921.408659
32 1457119921.576628
115 1457119921.808609
105 1457119921.968518
103 1457119922.104647
110 1457119922.304623
105 1457119922.552653
102 1457119922.744602
105 1457119922.920527
99 1457119923.256616
97 1457119923.440563
110 1457119923.680607
116 1457119923.832536
108 1457119923.984520
121 1457119924.128512
32 1457119924.344541
115 1457119924.552590
109 1457119924.664526
97 1457119924.840528
108 1457119924.984496
108 1457119925.152567
101 1457119925.408575
114 1457119925.712617
32 1457119925.920512
101 1457119926.200572
110 1457119926.360501
115 1457119926.512511
101 1457119926.696560
109 1457119926.960500
98 1457119927.184615
101 1457119927.392566
8 1457119928.120569
108 1457119928.440575
101 1457119928.632603
46 1457119928.784517
32 1457119929.008422
8 1457119929.664577
10 1457119930.136696
10 1457119930.656633
65 1457119931.416503
108 1457119931.608472
103 1457119931.840495
8 1457119932.320567
116 1457119932.520481
104 1457119932.648508
111 1457119932.848504
117 1457119932.944488
103 1457119933.096621
104 1457119933.736482
32 1457119934.040475
82 1457119934.696475
68 1457119934.928439
84 1457119935.744487
32 1457119936.048420
109 1457119936.296457
97 1457119936.376420
121 1457119936.584486
32 1457119936.728555
98 1457119936.944402
101 1457119937.120480
32 1457119937.296456
115 1457119937.464438
111 1457119937.568426
109 1457119937.728482
101 1457119937.832431
119 1457119938.040352
104 1457119938.152488
97 1457119938.248464
116 1457119938.400489
32 1457119938.544488
101 1457119938.704472
102 1457119938.952427
102 1457119939.112511
101 1457119939.280442
99 1457119939.520412
116 1457119939.720529
105 1457119939.856394
118 1457119940.008358
101 1457119940.184517
32 1457119940.328364
97 1457119940.504407
116 1457119940.864451
32 1457119941.048819
112 1457119941.576489
114 1457119941.736422
111 1457119942.016386
100 1457119942.584417
117 1457119942.784341
99 1457119943.040378
105 1457119943.336389
110 1457119943.536416
103 1457119943.656321
32 1457119943.848426
100 1457119944.088387
101 1457119944.288397
115 1457119944.488408
105 1457119944.632374
103 1457119944.912394
8 1457119945.392475
114 1457119945.568422
97 1457119945.728390
98 1457119945.944381
108 1457119946.048360
101 1457119946.184421
32 1457119946.280398
109 1457119946.472393
111 1457119946.640364
100 1457119946.752425
101 1457119946.928320
108 1457119947.032316
32 1457119947.344462
118 1457119947.632380
97 1457119947.832368
114 1457119948.048244
105 1457119948.216558
97 1457119948.360341
110 1457119948.760422
99 1457119949.064321
101 1457119949.248359
32 1457119949.400481
119 1457119949.696404
105 1457119949.792294
116 1457119949.944224
104 1457119950.032274
111 1457119950.256395
8 1457119950.792445
117 1457119951.096292
105 1457119951.096705
8 1457119951.560472
8 1457119951.832563
105 1457119952.112346
110 1457119952.328317
32 1457119952.616357
97 1457119952.760267
110 1457119952.880234
32 1457119953.048214
101 1457119953.288399
110 1457119953.864879
115 1457119954.008235
101 1457119954.304348
109 1457119954.528219
98 1457119954.720246
108 1457119955.192324
101 1457119955.368228
44 1457119955.528268
32 1457119955.800348
104 1457119956.264276
101 1457119956.376246
116 1457119956.592289
101 1457119956.768244
114 1457119956.888233
111 1457119957.128237
117 1457119957.544344
8 1457119958.032330
103 1457119958.240293
101 1457119958.448245
110 1457119958.648225
101 1457119959.128316
111 1457119959.336256
117 1457119959.488318
115 1457119959.688267
32 1457119959.904254
101 1457119960.312270
110 1457119960.608224
115 1457119960.768224
101 1457119960.976222
109 1457119961.176316
98 1457119961.496328
101 1457119961.720251
8 1457119962.128300
108 1457119962.392227
101 1457119962.512212
115 1457119962.696255
32 1457119962.872287
97 1457119963.024113
8 1457119963.464289
116 1457119963.912296
104 1457119964.032211
97 1457119964.120222
116 1457119964.208247
32 1457119964.376156
115 1457119964.552196
101 1457119964.720188
108 1457119964.832133
101 1457119964.944193
99 1457119965.200277
116 1457119965.440238
32 1457119965.616229
102 1457119965.824187
114 1457119966.008184
111 1457119966.112201
109 1457119966.288152
32 1457119966.400335
97 1457119966.544090
109 1457119966.712197
111 1457119966.944529
117 1457119967.224273
8 1457119967.704203
110 1457119967.944127
103 1457119968.096299
32 1457119968.256142
109 1457119968.544185
117 1457119968.752169
108 1457119968.992088
116 1457119969.168263
105 1457119969.312093
112 1457119969.520111
108 1457119969.760603
101 1457119969.936542
32 1457119970.112739
109 1457119970.616164
111 1457119970.824112
100 1457119970.960021
101 1457119971.152185
108 1457119971.280145
115 1457119971.400118
32 1457119971.624206
99 1457119971.856090
97 1457119972.016089
110 1457119972.136101
32 1457119972.272181
111 1457119973.704222
117 1457119973.872057
116 1457119974.048278
112 1457119974.232024
101 1457119974.360054
114 1457119974.496097
102 1457119974.736119
111 1457119974.816047
114 1457119974.968035
109 1457119975.128212
32 1457119975.464132
115 1457119975.752226
117 1457119975.888057
99 1457119976.104169
104 1457119976.192117
32 1457119976.336122
104 1457119976.864133
111 1457119977.136242
109 1457119977.352084
101 1457119977.656096
8 1457119978.152144
111 1457119978.776131
103 1457119979.176149
101 1457119979.440109
110 1457119979.648006
101 1457119980.464100
111 1457119980.656019
117 1457119980.768079
115 1457119980.975989
32 1457119981.288087
101 1457119981.544122
110 1457119981.680016
115 1457119982.096070
101 1457119982.272047
109 1457119982.520053
98 1457119983.048068
108 1457119983.231996
101 1457119983.424133
115 1457119983.704096
46 1457119983.904027
32 1457119984.152178
70 1457119984.488077
117 1457119984.960050
114 1457119985.120069
116 1457119985.335986
104 1457119985.464059
101 1457119985.584036
114 1457119985.672027
109 1457119986.031987
111 1457119986.215967
114 1457119986.343970
101 1457119986.487921
44 1457119986.736009
32 1457119986.967954
101 1457119987.648030
110 1457119987.800017
115 1457119987.927948
101 1457119988.112092
109 1457119988.447997
98 1457119988.695922
108 1457119988.911947
101 1457119989.079877
115 1457119989.287982
32 1457119989.439955
97 1457119989.624007
8 1457119990.040049
111 1457119990.287988
102 1457119990.415997
32 1457119990.527946
82 1457119990.871920
68 1457119991.200013
84 1457119991.560037
32 1457119991.879921
97 1457119992.039929
114 1457119992.183989
101 1457119992.295939
32 1457119992.471933
110 1457119992.712039
111 1457119992.911939
116 1457119993.047812
32 1457119993.183918
114 1457119993.439917
117 1457119993.727900
8 1457119994.327908
111 1457119994.776117
98 1457119995.007909
117 1457119995.175963
115 1457119995.287917
116 1457119995.423930
32 1457119995.567916
116 1457119995.719937
111 1457119995.815890
32 1457119995.975833
105 1457119996.551921
114 1457119996.983914
114 1457119997.167975
101 1457119997.383994
108 1457119997.527881
101 1457119997.631899
118 1457119997.911863
97 1457119998.207940
110 1457119998.375883
116 1457119998.495847
32 1457119998.639862
97 1457119998.831864
116 1457119999.023800
116 1457119999.207857
114 1457119999.416379
105 1457120000.144149
98 1457120000.327908
117 1457120000.431898
116 1457120000.567986
101 1457120000.727897
115 1457120000.895816
46 1457120001.079761
10 1457120001.519915
10 1457120001.863969
84 1457120004.824375
104 1457120004.951715
101 1457120005.112245
32 1457120005.295863
109 1457120005.503840
8 1457120005.975832
77 1457120006.391820
77 1457120006.575845
68 1457120006.879822
84 1457120007.143868
32 1457120007.439825
97 1457120007.671954
108 1457120007.823807
103 1457120007.983711
111 1457120008.111783
114 1457120008.295853
105 1457120008.831834
116 1457120008.975752
104 1457120009.103783
109 1457120009.351828
32 1457120009.591832
105 1457120010.031814
110 1457120010.239742
100 1457120010.415837
8 1457120010.807786
116 1457120010.983701
114 1457120011.271760
111 1457120012.191762
100 1457120012.351703
117 1457120012.487731
99 1457120012.599745
101 1457120012.775758
115 1457120013.015696
8 1457120013.439762
100 1457120013.599759
32 1457120013.807746
104 1457120014.007881
101 1457120014.071731
114 1457120014.183739
101 1457120014.271811
32 1457120014.431763
105 1457120014.583756
115 1457120014.959765
32 1457120015.095830
105 1457120015.479732
110 1457120015.711706
116 1457120015.951674
117 1457120016.079613
105 1457120016.575809
116 1457120016.871786
105 1457120016.983660
118 1457120017.783769
101 1457120017.983693
44 1457120018.183858
32 1457120018.479740
101 1457120018.783694
102 1457120019.079625
102 1457120019.255664
105 1457120019.503850
99 1457120019.751724
105 1457120020.032130
101 1457120020.279971
110 1457120020.871716
116 1457120021.023591
44 1457120021.207763
32 1457120021.391665
115 1457120021.719670
105 1457120022.487664
109 1457120022.719649
112 1457120022.855569
108 1457120023.079571
101 1457120023.295686
32 1457120023.487702
116 1457120023.687606
111 1457120023.751681
32 1457120023.895613
105 1457120024.159752
109 1457120024.415664
112 1457120024.583691
108 1457120024.807650
101 1457120024.975594
109 1457120025.079682
101 1457120025.215688
110 1457120025.367644
116 1457120025.631662
32 1457120025.831647
97 1457120026.231685
110 1457120026.335646
100 1457120026.447667
32 1457120026.551624
112 1457120026.847667
97 1457120026.983613
114 1457120027.159729
97 1457120027.335622
109 1457120027.519613
101 1457120027.767607
116 1457120027.999544
101 1457120028.143618
114 1457120028.255521
108 1457120028.583659
101 1457120028.703611
115 1457120028.943611
115 1457120029.103606
46 1457120029.495615
32 1457120029.727635
73 1457120030.023467
116 1457120030.439698
32 1457120030.719642
105 1457120030.887579
115 1457120031.031522
32 1457120031.255592
8 1457120031.799629
44 1457120032.103555
32 1457120032.423641
116 1457120032.623603
104 1457120032.727566
101 1457120032.815762
114 1457120032.903625
101 1457120033.007510
102 1457120033.255609
111 1457120033.407613
114 1457120033.519522
101 1457120033.647684
44 1457120033.887658
32 1457120034.111615
119 1457120034.335596
101 1457120034.567552
108 1457120034.791548
108 1457120034.951477
45 1457120035.695515
115 1457120035.983636
117 1457120036.159547
105 1457120036.343576
116 1457120036.431481
101 1457120036.599568
100 1457120036.823555
32 1457120037.295617
102 1457120037.479560
111 1457120037.639616
114 1457120037.743586
32 1457120037.927434
117 1457120038.327532
115 1457120038.471542
101 1457120038.631557
32 1457120038.751545
105 1457120038.903474
110 1457120039.135538
32 1457120039.431556
101 1457120039.799634
110 1457120039.943536
115 1457120040.079461
101 1457120040.279460
109 1457120040.503464
98 1457120040.767523
108 1457120041.551536
101 1457120041.663441
115 1457120041.847437
46 1457120042.703541
32 1457120042.871575
65 1457120043.735325
108 1457120043.951458
103 1457120044.167458
8 1457120044.567474
116 1457120044.791486
104 1457120045.039393
111 1457120045.255455
117 1457120045.359466
103 1457120045.551417
104 1457120045.647529
32 1457120045.815430
8 1457120046.471420
44 1457120046.831471
32 1457120047.055376
98 1457120047.791435
121 1457120048.239425
32 1457120048.439404
105 1457120049.199479
116 1457120049.319397
115 1457120049.455405
108 1457120049.615413
101 1457120049.719446
8 1457120050.239637
8 1457120050.423573
101 1457120050.911437
108 1457120051.111496
102 1457120051.271467
44 1457120051.543435
32 1457120051.799412
77 1457120052.639393
77 1457120052.807475
68 1457120053.079350
84 1457120053.455431
32 1457120053.855374
105 1457120054.239428
115 1457120054.391267
32 1457120054.551345
111 1457120054.695338
102 1457120054.887357
116 1457120055.119417
101 1457120055.311358
110 1457120055.447470
32 1457120055.623350
108 1457120055.919399
101 1457120056.039285
115 1457120056.295435
115 1457120056.463365
32 1457120056.631348
97 1457120056.823401
99 1457120057.071290
99 1457120057.247417
117 1457120057.415340
114 1457120057.631346
97 1457120058.087304
116 1457120058.263273
101 1457120058.439360
32 1457120058.567332
116 1457120058.871345
104 1457120058.967212
97 1457120059.071208
110 1457120059.199319
32 1457120059.527384
69 1457120060.663291
82 1457120061.367339
68 1457120061.655370
84 1457120061.863299
44 1457120062.215271
32 1457120062.407298
77 1457120062.799464
77 1457120062.975370
68 1457120063.303283
84 1457120063.663367
32 1457120063.911275
116 1457120064.727307
101 1457120064.919228
110 1457120065.087164
100 1457120065.247245
115 1457120065.447207
32 1457120065.607226
116 1457120065.783276
111 1457120065.871258
32 1457120065.991240
100 1457120066.143307
111 1457120066.215283
32 1457120066.351260
119 1457120066.791287
101 1457120066.959210
108 1457120067.095267
108 1457120067.255211
32 1457120067.471224
119 1457120067.671351
105 1457120067.823181
116 1457120067.983133
104 1457120068.063116
32 1457120068.167263
97 1457120068.271695
32 1457120068.423238
100 1457120068.679271
105 1457120069.071273
102 1457120069.303243
102 1457120069.463224
101 1457120069.647215
114 1457120069.791294
101 1457120069.919216
110 1457120070.055101
116 1457120070.215218
32 1457120070.479257
115 1457120070.679248
101 1457120070.863207
116 1457120071.063152
32 1457120071.223211
111 1457120071.367178
102 1457120071.479276
32 1457120071.599192
112 1457120072.367234
114 1457120072.519215
111 1457120072.623232
98 1457120072.807204
108 1457120072.951140
101 1457120073.135229
109 1457120073.247102
115 1457120073.439183
32 1457120073.935175
116 1457120074.119173
104 1457120074.191124
97 1457120074.295157
110 1457120074.447134
32 1457120074.663193
69 1457120075.247175
82 1457120075.543160
68 1457120075.759120
84 1457120075.983123
46 1457120076.335167
32 1457120076.583192
85 1457120077.383174
115 1457120077.599130
105 1457120077.783224
110 1457120077.999089
103 1457120078.111096
32 1457120078.271072
99 1457120078.703109
114 1457120078.959041
111 1457120079.095116
115 1457120079.263044
115 1457120079.415045
45 1457120079.767209
118 1457120080.383089
97 1457120080.543384
108 1457120080.671179
105 1457120080.879060
100 1457120080.999094
97 1457120081.191173
116 1457120081.375092
105 1457120081.495121
111 1457120081.679101
110 1457120081.871104
32 1457120082.567140
115 1457120082.783094
101 1457120082.975031
108 1457120083.086996
101 1457120083.198999
99 1457120083.487091
116 1457120083.951135
105 1457120084.159317
111 1457120084.359176
110 1457120084.551068
32 1457120084.719054
98 1457120084.919042
101 1457120085.135148
116 1457120085.327060
119 1457120085.519056
101 1457120085.743007
101 1457120085.895012
110 1457120086.070977
32 1457120086.263119
69 1457120086.711012
82 1457120087.287048
68 1457120087.591085
84 1457120087.855072
32 1457120088.191124
97 1457120088.359037
110 1457120088.535051
100 1457120088.703014
32 1457120088.807080
77 1457120089.495028
77 1457120089.654990
68 1457120089.871100
84 1457120090.111225
32 1457120090.775122
99 1457120091.062996
114 1457120091.334984
101 1457120091.495026
97 1457120091.655040
116 1457120091.815030
101 1457120091.966956
115 1457120092.134963
32 1457120092.262962
97 1457120092.382981
32 1457120092.535066
112 1457120092.975033
97 1457120093.143057
114 1457120093.350975
116 1457120094.263021
105 1457120094.583028
99 1457120094.847009
117 1457120094.950922
108 1457120095.183435
97 1457120095.415014
114 1457120095.591005
108 1457120095.775443
121 1457120095.967226
32 1457120096.550946
112 1457120096.815027
111 1457120097.014915
119 1457120097.151000
101 1457120097.294919
114 1457120097.422948
102 1457120097.703046
117 1457120097.814920
108 1457120098.046841
32 1457120098.534961
109 1457120098.790966
111 1457120099.150988
100 1457120099.374883
101 1457120099.558956
108 1457120099.726892
46 1457120100.078918
32 1457120100.358957
79 1457120100.662889
117 1457120100.958890
114 1457120101.118988
32 1457120101.270908
114 1457120101.486936
101 1457120101.606957
115 1457120101.806966
117 1457120101.878879
108 1457120102.054902
116 1457120102.166897
115 1457120102.542922
32 1457120102.814901
100 1457120103.095168
101 1457120103.294872
109 1457120103.446901
111 1457120103.662922
110 1457120103.878926
115 1457120104.086855
116 1457120104.286874
114 1457120104.470874
97 1457120104.638903
116 1457120104.766921
101 1457120105.142932
32 1457120105.327034
116 1457120105.534938
104 1457120105.638870
97 1457120105.694757
116 1457120105.790919
32 1457120105.950824
118 1457120106.374896
101 1457120106.566818
114 1457120106.654915
121 1457120106.886807
32 1457120107.094841
115 1457120107.350901
109 1457120107.454880
97 1457120107.614843
108 1457120107.734861
108 1457120107.886827
32 1457120108.118889
101 1457120108.398802
110 1457120108.622831
115 1457120108.870903
101 1457120109.014797
109 1457120109.222865
98 1457120109.670878
108 1457120109.854875
101 1457120109.966904
115 1457120110.166846
32 1457120110.446876
111 1457120110.702892
102 1457120110.806793
32 1457120110.942717
115 1457120111.310852
117 1457120111.422858
99 1457120111.590957
104 1457120111.694868
32 1457120111.814867
99 1457120112.126919
114 1457120112.446781
111 1457120112.646862
115 1457120112.775062
115 1457120112.958825
45 1457120113.326864
118 1457120113.606810
97 1457120113.806893
108 1457120113.950675
105 1457120114.262839
100 1457120114.454860
97 1457120114.614797
116 1457120114.766787
105 1457120114.862764
111 1457120115.062765
110 1457120115.238748
32 1457120115.406889
100 1457120115.566769
101 1457120115.758752
115 1457120116.206820
8 1457120116.838792
99 1457120117.087021
117 1457120117.294846
8 1457120117.814862
105 1457120118.542824
115 1457120118.726784
105 1457120118.806777
111 1457120118.990666
110 1457120119.214821
32 1457120119.830769
116 1457120120.086760
114 1457120120.406756
101 1457120120.758770
101 1457120120.966706
115 1457120121.398746
32 1457120121.982774
40 1457120122.486850
49 1457120123.286764
48 1457120123.686727
48 1457120123.854743
32 1457120124.118789
118 1457120124.366744
115 1457120124.646702
46 1457120124.974812
32 1457120125.222776
49 1457120125.758758
44 1457120126.102762
48 1457120126.550707
48 1457120126.726683
48 1457120126.894687
41 1457120127.886681
32 1457120128.310743
99 1457120128.606639
97 1457120128.750573
110 1457120128.910653
32 1457120129.022645
111 1457120129.430664
117 1457120129.678702
116 1457120129.814685
112 1457120130.150732
101 1457120130.278573
114 1457120130.414646
102 1457120130.630663
111 1457120130.694629
114 1457120130.846672
109 1457120131.014579
32 1457120131.262682
118 1457120131.694620
101 1457120131.878610
114 1457120131.982621
121 1457120132.238693
32 1457120132.486692
108 1457120132.758644
97 1457120132.886595
114 1457120132.990561
103 1457120133.238672
101 1457120133.422607
32 1457120133.558572
109 1457120133.790621
111 1457120134.054578
8 1457120134.422681
8 1457120134.606604
104 1457120135.174694
111 1457120135.374602
109 1457120135.574691
111 1457120135.742568
103 1457120136.126666
101 1457120136.318572
110 1457120136.462529
111 1457120136.662707
117 1457120136.774525
115 1457120137.014511
8 1457120137.278637
8 1457120137.454735
8 1457120137.598748
101 1457120138.022694
111 1457120138.270631
117 1457120138.598651
115 1457120138.830613
32 1457120139.086526
101 1457120139.318569
110 1457120139.550606
115 1457120139.686577
101 1457120139.846557
109 1457120140.150618
98 1457120140.558665
108 1457120140.958568
101 1457120141.078485
115 1457120141.286551
32 1457120141.478496
111 1457120141.630562
102 1457120141.750620
32 1457120141.862543
82 1457120142.230591
68 1457120142.598809
84 1457120142.958529
32 1457120143.366524
98 1457120143.870550
111 1457120144.494558
116 1457120144.654516
104 1457120144.774474
32 1457120144.902513
105 1457120145.070423
110 1457120145.286503
32 1457120145.654525
116 1457120145.870547
101 1457120146.030470
114 1457120146.150509
109 1457120146.326368
115 1457120146.710511
32 1457120146.934510
111 1457120147.110489
102 1457120147.246429
32 1457120147.382426
97 1457120147.534517
99 1457120147.782457
99 1457120147.934481
117 1457120148.094513
114 1457120148.294419
97 1457120148.454479
99 1457120148.902485
121 1457120149.206631
32 1457120149.446664
97 1457120149.630408
110 1457120149.750388
100 1457120149.854508
32 1457120149.966366
116 1457120150.286515
111 1457120150.390461
108 1457120150.654603
101 1457120151.182448
114 1457120151.422454
97 1457120151.630456
110 1457120151.838608
99 1457120152.006429
101 1457120152.174371
32 1457120152.326361
116 1457120152.846497
111 1457120152.942408
32 1457120153.102458
105 1457120153.438454
114 1457120153.614405
114 1457120153.846458
101 1457120154.134485
108 1457120154.342311
101 1457120154.478366
118 1457120154.742380
97 1457120154.934413
110 1457120155.078397
116 1457120155.238432
32 1457120155.422447
97 1457120155.590410
116 1457120155.942451
116 1457120156.286469
114 1457120156.630453
117 1457120156.894415
8 1457120157.438468
105 1457120157.902421
98 1457120158.062285
116 1457120158.278348
117 1457120158.374425
101 1457120158.478360
8 1457120159.006374
8 1457120159.182465
8 1457120159.494365
117 1457120160.046408
116 1457120160.222335
101 1457120160.382354
115 1457120160.574378
46 1457120160.862392
