83 1457131888.983155
111 1457131889.183213
109 1457131889.375158
101 1457131889.559159
32 1457131889.711116
112 1457131892.231196
101 1457131892.391123
111 1457131892.471099
112 1457131892.631140
108 1457131892.839091
101 1457131892.999074
32 1457131893.127215
102 1457131893.327138
101 1457131893.583126
101 1457131893.767123
108 1457131893.943210
32 1457131894.183546
116 1457131894.415202
104 1457131894.519067
97 1457131894.583033
116 1457131894.655074
32 1457131894.799521
116 1457131894.943065
104 1457131895.023104
101 1457131895.143180
32 1457131895.215158
99 1457131895.463129
111 1457131895.559077
109 1457131895.759031
109 1457131895.919176
97 1457131896.103153
110 1457131896.199099
100 1457131896.295084
108 1457131896.527090
8 1457131897.031161
109 1457131897.327173
101 1457131897.527081
110 1457131897.639103
116 1457131897.863155
115 1457131898.047199
32 1457131898.223191
97 1457131898.503119
114 1457131898.623075
101 1457131898.743093
32 1457131898.863126
98 1457131899.343154
117 1457131899.847211
114 1457131900.039073
100 1457131900.255079
101 1457131900.439069
110 1457131900.655482
115 1457131900.879106
111 1457131901.015050
109 1457131901.231142
101 1457131901.311085
32 1457131901.759132
97 1457131901.911064
110 1457131902.047080
100 1457131902.151051
32 1457131902.223075
116 1457131902.399010
104 1457131902.463005
97 1457131902.542950
116 1457131902.630983
32 1457131902.742990
116 1457131902.919050
104 1457131903.006974
101 1457131903.095167
121 1457131903.294999
32 1457131903.470996
108 1457131903.614966
105 1457131904.079095
109 1457131904.311099
105 1457131904.495008
116 1457131904.703011
32 1457131904.887021
102 1457131905.175067
114 1457131905.399032
101 1457131905.550984
101 1457131905.718966
100 1457131905.967090
111 1457131906.327048
109 1457131906.550989
32 1457131906.742970
97 1457131906.983026
110 1457131907.102998
100 1457131907.215131
32 1457131907.287114
112 1457131907.686973
101 1457131907.806955
114 1457131907.935041
115 1457131908.095018
111 1457131908.223033
110 1457131908.423004
97 1457131908.550956
108 1457131908.695015
32 1457131908.903027
103 1457131909.151075
114 1457131909.374995
111 1457131910.087015
119 1457131910.263003
116 1457131910.502921
104 1457131910.622905
46 1457131911.127027
32 1457131911.406994
66 1457131911.806911
117 1457131912.102989
116 1457131912.310992
32 1457131912.478996
116 1457131912.622898
104 1457131912.718858
101 1457131912.830889
32 1457131912.879017
83 1457131913.550869
97 1457131913.774859
118 1457131913.958917
105 1457131914.174960
111 1457131914.374873
114 1457131914.526860
32 1457131914.678886
116 1457131914.902932
97 1457131915.062924
117 1457131915.254956
103 1457131915.398857
104 1457131915.550831
116 1457131915.734946
32 1457131915.918946
116 1457131916.078955
104 1457131916.174955
97 1457131916.238996
116 1457131916.326903
32 1457131916.470893
116 1457131916.630872
104 1457131916.742877
101 1457131916.814903
32 1457131916.918965
8 1457131917.398983
8 1457131917.582898
8 1457131918.014973
114 1457131918.598972
117 1457131918.734904
101 1457131918.870921
32 1457131918.998870
102 1457131919.623004
114 1457131919.830882
101 1457131919.990954
101 1457131920.166991
100 1457131920.406894
111 1457131920.590907
109 1457131920.798913
32 1457131921.006903
99 1457131921.182956
111 1457131921.238877
109 1457131921.422855
101 1457131921.518905
115 1457131921.719092
32 1457131921.862833
111 1457131922.167017
110 1457131922.374866
108 1457131922.510802
121 1457131922.662791
32 1457131922.854860
102 1457131923.086886
114 1457131923.262901
111 1457131923.366842
109 1457131923.494861
32 1457131923.694801
102 1457131923.854833
111 1457131923.934836
108 1457131924.198879
108 1457131924.350832
111 1457131924.550861
119 1457131924.718767
105 1457131924.830812
110 1457131925.014894
103 1457131925.110842
32 1457131925.262889
72 1457131925.542776
105 1457131925.726831
109 1457131925.966896
58 1457131926.726687
32 1457131927.158861
34 1457131928.134897
73 1457131928.798770
102 1457131928.990799
32 1457131929.166880
121 1457131929.414798
101 1457131929.630762
32 1457131929.814718
99 1457131930.118878
111 1457131930.222828
110 1457131930.422735
116 1457131930.598796
105 1457131930.822905
110 1457131931.038805
117 1457131931.206867
101 1457131931.326789
32 1457131931.430730
116 1457131931.742793
8 1457131932.126879
105 1457131932.566808
110 1457131932.766776
32 1457131932.998890
109 1457131933.190850
121 1457131933.318717
32 1457131933.550747
119 1457131933.830750
111 1457131933.950756
114 1457131934.078741
107 1457131934.214787
8 1457131935.086818
100 1457131935.414795
44 1457131935.734717
32 1457131935.990772
116 1457131936.294822
104 1457131936.422703
101 1457131936.574712
110 1457131936.694712
32 1457131936.854722
97 1457131937.022743
114 1457131937.134834
101 1457131937.246802
32 1457131937.350720
121 1457131937.726741
101 1457131937.982805
32 1457131938.182863
109 1457131938.382698
121 1457131938.534674
32 1457131938.734759
100 1457131938.926718
105 1457131939.030830
115 1457131939.150714
99 1457131939.390710
105 1457131939.550692
112 1457131939.822648
108 1457131940.126805
101 1457131940.262665
115 1457131940.454614
32 1457131941.702734
105 1457131941.950725
110 1457131942.174759
100 1457131942.262646
101 1457131942.470648
101 1457131942.662621
100 1457131942.878653
59 1457131943.686723
32 1457131944.278719
97 1457131944.462658
110 1457131944.558638
100 1457131944.654603
32 1457131944.742675
105 1457131944.974708
8 1457131945.310694
121 1457131945.622684
8 1457131945.982691
121 1457131946.774701
101 1457131946.998698
32 1457131947.238661
115 1457131947.446625
104 1457131947.558578
97 1457131947.654619
108 1457131947.774616
108 1457131947.934640
32 1457131948.062671
107 1457131948.390743
110 1457131948.558652
111 1457131948.734604
119 1457131948.854609
32 1457131948.990616
116 1457131949.198720
104 1457131949.241487
97 1457131949.366600
116 1457131949.478593
32 1457131949.598633
8 1457131949.974646
8 1457131950.174659
8 1457131950.470705
101 1457131950.694618
32 1457131950.846578
116 1457131951.070631
114 1457131951.518896
117 1457131951.830551
116 1457131951.990601
104 1457131952.078623
32 1457131952.206668
8 1457131953.166660
32 1457131953.526631
8 1457131954.286602
44 1457131954.582561
32 1457131954.846564
97 1457131955.062634
110 1457131955.486653
100 1457131955.582532
32 1457131955.718504
116 1457131956.022619
104 1457131956.110608
101 1457131956.238625
32 1457131956.350529
116 1457131956.646529
114 1457131956.870501
117 1457131956.990551
116 1457131957.158547
104 1457131957.270549
32 1457131957.438513
115 1457131957.726513
104 1457131957.966526
97 1457131958.070608
108 1457131958.222573
108 1457131958.398500
32 1457131958.582443
109 1457131958.718464
97 1457131958.838538
107 1457131958.958603
101 1457131959.070563
32 1457131959.166552
121 1457131959.342563
111 1457131959.478558
117 1457131959.558488
32 1457131959.686479
102 1457131959.982549
114 1457131960.214551
101 1457131960.374493
101 1457131960.550496
34 1457131960.950549
32 1457131961.510589
40 1457131962.286557
74 1457131962.798499
111 1457131963.198500
104 1457131963.534481
110 1457131963.822522
32 1457131964.430515
56 1457131965.494523
58 1457131965.982463
51 1457131967.006517
49 1457131967.206506
45 1457131967.542431
51 1457131967.918466
50 1457131968.102547
8 1457131968.902465
8 1457131969.094463
8 1457131969.262450
45 1457131970.238463
51 1457131971.214425
50 1457131971.430414
41 1457131971.894424
46 1457131972.926422
32 1457131973.150404
71 1457131973.598295
111 1457131973.790373
100 1457131973.966367
32 1457131974.206472
103 1457131975.230715
105 1457131975.390321
118 1457131975.550302
101 1457131975.710351
115 1457131975.926438
32 1457131976.054385
99 1457131976.822357
111 1457131976.934420
109 1457131977.110474
109 1457131977.270354
97 1457131977.494362
110 1457131977.622324
100 1457131977.734388
111 1457131977.950402
8 1457131978.318390
109 1457131978.590363
101 1457131978.774393
110 1457131978.846322
116 1457131979.030330
115 1457131979.206432
32 1457131979.366312
102 1457131979.630309
111 1457131979.750284
114 1457131980.166400
32 1457131980.430328
111 1457131980.614309
117 1457131980.710296
114 1457131980.806252
32 1457131980.974370
98 1457131981.494375
101 1457131981.702266
110 1457131981.854281
101 1457131981.990477
102 1457131982.230381
105 1457131982.350227
116 1457131982.542235
46 1457131982.934361
32 1457131983.230405
84 1457131983.606247
104 1457131983.742261
101 1457131983.838361
121 1457131984.062536
32 1457131984.270267
97 1457131984.422231
114 1457131984.510272
101 1457131984.662233
32 1457131984.758274
108 1457131984.918258
111 1457131985.158328
118 1457131985.414247
105 1457131985.534173
110 1457131985.742145
103 1457131985.846249
32 1457131985.998245
105 1457131986.518339
110 1457131986.718230
115 1457131986.814282
116 1457131986.950279
114 1457131987.142321
117 1457131987.278225
99 1457131987.438266
116 1457131987.662273
105 1457131987.782277
111 1457131987.982266
110 1457131988.150258
115 1457131988.374194
32 1457131988.550212
102 1457131988.750197
114 1457131988.950259
111 1457131989.118307
8 1457131989.718278
8 1457131989.926307
111 1457131990.198244
114 1457131990.382220
32 1457131990.566213
111 1457131990.814215
117 1457131990.966249
114 1457131991.062195
32 1457131991.214292
104 1457131991.558228
97 1457131991.694162
108 1457131991.846344
108 1457131992.014264
8 1457131992.406254
8 1457131992.606173
112 1457131992.878253
112 1457131993.078248
105 1457131993.390200
110 1457131993.630152
101 1457131993.790162
115 1457131993.982171
115 1457131994.142231
32 1457131994.318194
97 1457131994.502165
110 1457131994.614214
100 1457131994.694122
32 1457131994.798208
102 1457131995.142267
111 1457131995.326168
117 1457131995.454165
114 1457131995.606132
8 1457131995.982249
8 1457131996.270223
114 1457131996.510204
32 1457131996.686205
111 1457131996.934183
117 1457131997.070172
116 1457131997.214129
32 1457131997.406133
8 1457131998.174246
8 1457131998.598158
114 1457131998.998149
32 1457131999.326178
112 1457131999.926191
104 1457132000.230208
121 1457132000.414099
115 1457132000.638113
105 1457132000.822085
99 1457132000.998138
97 1457132001.158060
108 1457132001.278137
32 1457132001.422104
97 1457132001.558093
110 1457132001.654090
100 1457132001.750048
32 1457132001.878075
115 1457132002.062114
112 1457132002.486126
105 1457132002.758120
114 1457132002.886091
105 1457132002.990129
116 1457132003.230214
105 1457132003.382098
8 1457132003.926173
117 1457132004.206148
97 1457132004.398084
108 1457132004.494128
32 1457132004.694018
119 1457132004.942144
101 1457132005.166138
108 1457132005.286107
108 1457132005.454055
45 1457132005.822053
98 1457132006.086074
101 1457132006.310112
105 1457132006.382029
110 1457132006.566046
103 1457132006.622127
46 1457132007.054088
10 1457132007.918221
10 1457132008.326112
73 1457132009.174068
110 1457132009.438019
32 1457132009.654002
116 1457132009.926215
104 1457132010.030093
101 1457132010.142131
32 1457132010.230239
112 1457132010.389953
114 1457132010.517967
101 1457132010.693948
109 1457132011.110062
111 1457132011.350039
114 1457132011.838098
116 1457132012.094015
97 1457132012.302073
108 1457132012.437977
32 1457132012.701983
101 1457132012.869973
120 1457132013.134051
105 1457132013.261976
115 1457132013.397921
116 1457132013.613942
101 1457132013.797976
110 1457132014.038036
99 1457132014.246019
101 1457132014.381941
44 1457132014.605962
32 1457132014.805988
72 1457132015.238019
101 1457132015.398010
97 1457132015.685958
118 1457132015.877974
121 1457132016.126128
108 1457132016.317979
8 1457132016.741985
8 1457132016.925951
101 1457132017.118063
110 1457132017.358013
108 1457132017.565961
121 1457132017.709944
32 1457132017.901966
70 1457132018.230073
97 1457132018.453943
116 1457132018.589940
104 1457132018.733907
101 1457132018.790036
114 1457132018.869892
32 1457132018.989929
112 1457132019.462047
114 1457132019.613915
101 1457132019.789877
100 1457132020.165950
105 1457132020.421941
8 1457132020.830053
8 1457132020.998008
115 1457132021.230008
105 1457132021.341952
100 1457132021.525939
101 1457132021.718011
100 1457132021.950009
32 1457132022.101946
111 1457132022.566015
117 1457132022.765957
118 1457132023.133944
8 1457132023.413916
8 1457132023.597919
118 1457132024.541984
101 1457132024.741870
114 1457132024.837919
32 1457132024.973904
97 1457132025.645941
32 1457132025.789881
103 1457132026.125925
114 1457132026.453934
101 1457132026.557902
97 1457132026.685849
116 1457132026.853841
32 1457132027.045872
67 1457132027.653827
111 1457132027.909852
117 1457132028.005884
110 1457132028.245906
99 1457132028.565866
105 1457132028.669867
108 1457132028.861838
32 1457132029.149955
105 1457132029.309882
110 1457132029.517858
32 1457132029.661887
72 1457132030.445739
101 1457132030.677826
97 1457132030.837847
118 1457132031.069823
101 1457132031.573880
110 1457132031.797791
46 1457132032.117877
32 1457132032.461931
84 1457132033.277912
104 1457132033.469799
101 1457132033.613868
114 1457132033.781883
101 1457132033.877795
32 1457132034.173890
97 1457132034.341928
8 1457132034.717862
119 1457132034.933819
101 1457132035.077749
32 1457132035.197877
108 1457132035.429843
101 1457132035.549858
97 1457132035.789756
114 1457132035.925792
110 1457132036.094004
101 1457132036.373848
100 1457132036.597791
32 1457132036.717740
111 1457132037.117895
102 1457132037.205798
32 1457132037.333775
72 1457132037.597686
105 1457132037.813764
115 1457132037.941778
32 1457132038.077715
112 1457132038.381781
108 1457132038.605770
97 1457132038.733728
110 1457132038.909778
32 1457132039.045737
102 1457132039.269781
111 1457132039.389700
114 1457132040.277904
32 1457132040.509753
111 1457132040.965792
117 1457132041.045744
114 1457132041.197656
32 1457132041.325703
115 1457132041.733808
97 1457132041.917744
108 1457132042.021778
118 1457132042.229835
97 1457132042.389714
116 1457132042.549718
105 1457132042.677653
111 1457132042.869728
110 1457132043.045714
46 1457132043.301785
8 1457132044.029752
44 1457132044.662156
32 1457132045.005775
119 1457132045.453737
104 1457132045.589782
105 1457132046.165822
99 1457132046.541734
104 1457132046.741688
32 1457132046.941668
105 1457132047.181764
110 1457132047.501693
99 1457132048.029730
108 1457132048.197766
117 1457132048.485797
100 1457132048.621660
101 1457132048.829656
100 1457132049.053693
32 1457132049.205685
97 1457132049.357687
32 1457132049.517628
116 1457132049.901675
105 1457132049.981688
109 1457132050.181594
101 1457132050.301693
32 1457132050.389641
111 1457132051.717735
102 1457132051.853666
32 1457132051.997653
116 1457132052.325706
101 1457132052.517631
115 1457132052.693591
116 1457132052.781592
105 1457132052.925575
110 1457132053.117697
103 1457132053.221651
32 1457132053.397663
111 1457132053.565626
110 1457132053.781632
32 1457132054.021652
116 1457132054.181768
104 1457132054.261682
101 1457132054.357575
32 1457132054.421696
101 1457132055.181728
97 1457132055.309646
114 1457132055.445621
116 1457132055.669580
104 1457132055.853624
58 1457132056.501577
32 1457132056.781546
58 1457132057.237662
8 1457132057.821631
34 1457132058.477658
87 1457132059.053624
101 1457132059.269623
32 1457132059.429538
119 1457132059.637517
105 1457132059.741485
108 1457132059.941546
108 1457132060.093660
32 1457132060.285603
109 1457132060.485524
97 1457132060.597485
107 1457132060.717484
101 1457132060.829508
32 1457132060.909517
97 1457132061.053578
110 1457132061.301562
32 1457132061.501455
101 1457132061.677549
97 1457132061.813491
114 1457132061.933546
116 1457132062.205611
104 1457132062.357535
32 1457132062.685537
119 1457132062.917511
104 1457132063.077511
101 1457132063.181600
114 1457132063.341537
101 1457132063.405521
111 1457132063.749507
110 1457132063.981606
32 1457132064.197617
116 1457132064.381593
104 1457132064.437650
101 1457132064.549512
115 1457132064.685496
101 1457132064.773481
32 1457132065.093593
109 1457132065.357661
97 1457132065.461507
121 1457132065.677498
32 1457132066.037641
100 1457132066.789650
119 1457132067.021552
108 1457132067.821554
8 1457132068.221593
101 1457132068.421508
108 1457132068.541472
108 1457132068.773458
59 1457132069.301525
32 1457132069.717526
97 1457132070.125546
110 1457132070.245530
100 1457132070.325473
32 1457132070.421468
119 1457132070.677464
101 1457132070.901417
32 1457132071.013500
119 1457132071.453678
105 1457132071.717507
108 1457132071.933449
108 1457132072.093444
32 1457132072.277501
112 1457132072.429417
114 1457132072.589398
111 1457132072.725410
118 1457132072.957372
101 1457132073.181460
32 1457132073.357470
116 1457132073.525394
104 1457132073.605381
101 1457132073.733344
109 1457132073.861386
32 1457132073.989404
104 1457132074.301467
101 1457132074.453414
114 1457132074.589447
101 1457132074.685416
119 1457132075.005457
105 1457132075.181462
116 1457132075.301360
104 1457132075.413358
44 1457132075.941458
32 1457132076.253495
116 1457132076.501327
111 1457132076.613409
32 1457132076.701445
115 1457132076.813328
101 1457132076.997388
101 1457132077.141408
32 1457132077.341456
105 1457132077.525399
102 1457132077.629362
32 1457132077.749340
116 1457132077.925385
104 1457132077.989412
101 1457132078.061363
121 1457132078.229447
32 1457132078.413408
119 1457132078.693373
105 1457132078.813275
108 1457132079.013395
108 1457132079.157444
32 1457132079.309390
100 1457132079.437351
111 1457132079.517358
32 1457132079.837341
97 1457132080.077400
108 1457132080.205365
108 1457132080.373371
32 1457132080.533342
116 1457132080.629324
104 1457132080.733372
105 1457132080.869349
110 1457132081.037370
103 1457132081.125379
115 1457132081.293409
32 1457132081.437312
119 1457132081.677378
104 1457132081.773290
97 1457132081.893292
116 1457132082.021378
115 1457132082.341389
111 1457132082.573331
118 1457132082.821340
101 1457132083.005367
114 1457132083.125420
8 1457132083.461375
8 1457132083.645344
8 1457132083.797340
101 1457132083.973362
118 1457132084.181426
101 1457132084.333350
114 1457132084.445311
32 1457132084.621362
116 1457132084.813279
104 1457132084.925300
101 1457132085.005400
32 1457132085.125417
76 1457132085.341389
111 1457132085.533294
114 1457132085.653283
100 1457132085.853349
32 1457132085.989426
116 1457132086.493385
104 1457132086.621318
101 1457132086.701257
105 1457132086.885244
114 1457132087.037244
32 1457132087.253404
71 1457132087.565230
111 1457132087.701282
100 1457132087.813340
32 1457132088.021328
115 1457132088.365385
104 1457132088.541330
97 1457132088.677303
108 1457132088.813304
108 1457132088.989414
32 1457132089.149344
99 1457132089.341343
111 1457132089.421329
109 1457132089.645261
109 1457132089.821230
97 1457132090.045304
110 1457132090.157404
100 1457132090.293287
32 1457132090.413233
116 1457132090.581230
104 1457132090.629194
101 1457132090.765217
109 1457132090.885245
34 1457132092.029319
32 1457132092.285343
40 1457132092.869292
65 1457132093.717247
98 1457132094.045288
114 1457132094.317284
97 1457132094.445296
104 1457132094.685274
97 1457132095.261281
109 1457132095.421305
32 1457132096.101282
51 1457132096.533241
58 1457132096.973191
50 1457132098.029261
52 1457132098.285316
45 1457132098.557294
50 1457132100.013220
53 1457132100.213299
41 1457132100.677145
46 1457132101.573222
32 1457132101.957173
79 1457132102.237296
110 1457132102.565271
101 1457132102.717149
32 1457132102.853157
114 1457132103.037183
101 1457132103.133184
97 1457132103.221142
115 1457132103.349185
111 1457132103.485185
110 1457132103.677166
32 1457132103.901191
119 1457132104.045181
101 1457132104.181207
32 1457132104.309126
97 1457132104.525175
114 1457132104.661133
101 1457132104.757109
32 1457132104.885162
104 1457132105.213157
101 1457132105.285271
114 1457132105.381148
101 1457132105.477116
32 1457132105.629108
105 1457132105.877172
110 1457132106.069149
32 1457132106.213102
116 1457132106.389121
104 1457132106.437068
8 1457132106.741095
8 1457132106.909112
8 1457132107.077116
8 1457132107.237150
8 1457132107.613164
111 1457132108.013210
110 1457132108.309166
32 1457132108.597130
116 1457132109.037120
104 1457132109.117190
101 1457132109.221040
32 1457132109.789148
101 1457132110.157139
97 1457132110.293138
114 1457132110.421151
116 1457132110.621217
104 1457132110.757049
32 1457132110.909075
105 1457132111.389139
115 1457132111.517085
32 1457132111.653050
116 1457132112.061088
111 1457132112.181093
32 1457132112.309074
115 1457132112.645076
104 1457132112.733062
111 1457132112.925122
119 1457132113.053125
32 1457132113.189075
111 1457132113.485102
117 1457132113.629102
114 1457132113.765096
32 1457132113.909034
119 1457132114.117086
105 1457132114.229077
108 1457132114.437046
108 1457132114.597058
105 1457132114.805095
110 1457132114.981050
103 1457132115.173083
105 1457132115.245076
8 1457132115.749038
110 1457132116.117098
101 1457132116.213051
115 1457132116.380996
115 1457132116.533047
32 1457132116.660960
97 1457132116.829013
8 1457132117.229097
116 1457132117.413020
111 1457132117.509003
32 1457132117.636995
111 1457132118.053029
98 1457132118.189009
106 1457132118.413068
101 1457132118.548995
121 1457132118.748995
8 1457132119.005021
8 1457132119.173028
8 1457132119.541042
101 1457132119.861000
121 1457132120.117083
32 1457132120.293087
72 1457132120.828944
101 1457132120.949116
97 1457132121.084944
118 1457132121.237024
101 1457132121.877051
110 1457132122.093006
108 1457132122.485035
121 1457132122.756973
32 1457132122.948912
70 1457132123.277007
97 1457132123.484932
116 1457132123.636954
104 1457132123.732980
101 1457132123.828954
114 1457132123.932929
59 1457132124.637120
8 1457132125.132978
39 1457132125.708972
115 1457132125.948922
32 1457132126.117058
99 1457132126.621020
111 1457132126.740902
109 1457132126.940910
109 1457132127.109004
97 1457132127.268893
110 1457132127.364994
100 1457132127.485006
109 1457132127.900961
101 1457132128.044925
110 1457132128.180975
116 1457132128.348944
115 1457132128.564902
46 1457132128.876925
