87 1457133170.707157
101 1457133170.891079
44 1457133171.131195
32 1457133171.363085
116 1457133171.571155
104 1457133171.715134
101 1457133171.859113
32 1457133175.747124
102 1457133176.027102
105 1457133176.171156
114 1457133176.322993
115 1457133176.467004
116 1457133176.611026
32 1457133176.827122
112 1457133177.251116
114 1457133177.434986
101 1457133177.602993
115 1457133178.123174
105 1457133178.355014
100 1457133178.483087
101 1457133178.699090
110 1457133178.907012
99 1457133179.427052
121 1457133179.907070
32 1457133180.347102
97 1457133180.499036
110 1457133180.619117
100 1457133180.698985
32 1457133180.811010
116 1457133180.963100
104 1457133181.050933
101 1457133181.147046
32 1457133181.251031
67 1457133181.851064
111 1457133182.003007
117 1457133182.099044
110 1457133182.323057
99 1457133182.675050
105 1457133182.866993
108 1457133183.058965
32 1457133183.258965
111 1457133183.386901
102 1457133183.506964
32 1457133183.643006
116 1457133183.779037
104 1457133183.827024
101 1457133183.946917
32 1457133184.026872
84 1457133184.955057
119 1457133185.171080
101 1457133185.354958
108 1457133185.530968
101 1457133185.650936
8 1457133186.075032
118 1457133186.282931
101 1457133186.466931
32 1457133186.634986
65 1457133186.954979
112 1457133187.074919
111 1457133187.290911
115 1457133187.506935
116 1457133187.763029
108 1457133187.978963
101 1457133188.146983
115 1457133188.338939
32 1457133188.570969
111 1457133188.771004
102 1457133188.882883
32 1457133188.986908
84 1457133189.530871
104 1457133189.722948
101 1457133189.811035
32 1457133189.970968
67 1457133190.442907
104 1457133190.698969
117 1457133190.923007
114 1457133191.282933
99 1457133191.562871
104 1457133191.698917
32 1457133192.306933
111 1457133192.602946
102 1457133192.706924
32 1457133192.826928
74 1457133193.218974
101 1457133193.962926
115 1457133194.162954
117 1457133194.330867
115 1457133194.418777
32 1457133194.826922
67 1457133195.162972
104 1457133195.346842
114 1457133195.546975
105 1457133195.746907
115 1457133195.922833
116 1457133196.091012
32 1457133196.266836
111 1457133196.442892
102 1457133196.554849
32 1457133196.690886
76 1457133196.898743
97 1457133197.114892
116 1457133197.298916
116 1457133197.474819
101 1457133197.714911
114 1457133197.794921
32 1457133198.018917
8 1457133198.450989
45 1457133198.730910
100 1457133199.490927
97 1457133199.634867
116 1457133199.770891
32 1457133200.082940
8 1457133200.378879
8 1457133200.546836
121 1457133201.186926
32 1457133201.330850
83 1457133201.666866
97 1457133201.906817
105 1457133202.050865
110 1457133202.298833
116 1457133202.426809
115 1457133202.570760
44 1457133202.842876
32 1457133203.122875
115 1457133203.370901
111 1457133203.466815
108 1457133203.970827
101 1457133204.154872
109 1457133204.282763
101 1457133204.442773
8 1457133205.226837
110 1457133205.514843
108 1457133205.890857
121 1457133206.082818
32 1457133206.322826
112 1457133206.698833
114 1457133206.938754
111 1457133207.082717
99 1457133207.394820
108 1457133208.162834
105 1457133208.498762
8 1457133208.914868
97 1457133209.098770
105 1457133209.258751
109 1457133209.514833
32 1457133209.794792
116 1457133210.026803
104 1457133210.066686
97 1457133210.186793
116 1457133210.282632
32 1457133210.434746
109 1457133210.706775
97 1457133210.842741
114 1457133211.234832
114 1457133211.418975
105 1457133211.690788
97 1457133211.986736
103 1457133212.202838
101 1457133212.370713
32 1457133212.506773
98 1457133212.834734
101 1457133213.074722
116 1457133213.306735
119 1457133213.450645
101 1457133213.682706
101 1457133213.818717
110 1457133214.090722
32 1457133214.298681
97 1457133214.418671
32 1457133214.586761
109 1457133214.866724
97 1457133214.986698
110 1457133215.130732
32 1457133215.210739
97 1457133215.330657
110 1457133215.498666
100 1457133215.642678
32 1457133215.810757
97 1457133215.962718
32 1457133216.162765
119 1457133216.770757
111 1457133216.874662
109 1457133217.210798
97 1457133217.386611
110 1457133217.530689
32 1457133217.650704
111 1457133217.906720
115 1457133218.018654
32 1457133218.186749
8 1457133218.538714
8 1457133218.730666
8 1457133218.906637
105 1457133219.642794
115 1457133219.762629
32 1457133219.954798
111 1457133220.378755
114 1457133220.634729
100 1457133220.874708
97 1457133221.122734
105 1457133221.330639
110 1457133221.570647
101 1457133221.730566
100 1457133221.954608
32 1457133222.090740
111 1457133222.202637
102 1457133222.298579
32 1457133222.418595
71 1457133222.682664
111 1457133222.810705
100 1457133222.962668
32 1457133223.098668
97 1457133223.202539
110 1457133223.346564
100 1457133223.418623
32 1457133223.490570
116 1457133223.690621
104 1457133223.802629
97 1457133223.858573
116 1457133223.962661
32 1457133224.106609
116 1457133224.250651
104 1457133224.362536
101 1457133224.434722
32 1457133224.562761
102 1457133224.946614
97 1457133225.114716
109 1457133225.290601
105 1457133225.522627
108 1457133225.706616
121 1457133225.898579
32 1457133226.082577
105 1457133226.234495
115 1457133226.330544
99 1457133226.698659
101 1457133226.906558
110 1457133227.050529
8 1457133227.378674
8 1457133227.570629
8 1457133227.722625
32 1457133228.130641
99 1457133228.474601
101 1457133228.698588
110 1457133229.130627
116 1457133229.362532
114 1457133229.578559
97 1457133229.730543
108 1457133229.922533
32 1457133230.146719
116 1457133230.386601
111 1457133230.474572
32 1457133230.594513
116 1457133230.738593
104 1457133230.834616
101 1457133230.906593
32 1457133231.018574
67 1457133231.546524
114 1457133231.826588
101 1457133231.938602
97 1457133232.074519
116 1457133232.258587
111 1457133232.610578
114 1457133233.266643
39 1457133233.546483
115 1457133233.722505
32 1457133233.890512
8 1457133234.282559
32 1457133235.274622
112 1457133235.722594
108 1457133235.954558
97 1457133236.098544
110 1457133236.258503
32 1457133236.418427
102 1457133236.682476
111 1457133236.778451
114 1457133236.930456
32 1457133237.090542
116 1457133237.234474
104 1457133237.290459
101 1457133237.394487
32 1457133237.506460
101 1457133237.810524
116 1457133238.010544
101 1457133238.170521
114 1457133238.282482
110 1457133238.538571
97 1457133238.754547
108 1457133238.930468
32 1457133239.218598
100 1457133239.586494
101 1457133239.778476
115 1457133239.954532
116 1457133240.146539
105 1457133240.298439
110 1457133240.922490
121 1457133241.106499
32 1457133241.378522
111 1457133241.554464
102 1457133241.658412
32 1457133241.778451
72 1457133242.042501
105 1457133242.218551
115 1457133242.322514
32 1457133242.466423
99 1457133242.706504
104 1457133242.802560
105 1457133242.970514
108 1457133243.170512
100 1457133243.450432
114 1457133243.650541
101 1457133243.946471
110 1457133244.202540
46 1457133244.698531
10 1457133245.346504
10 1457133245.682478
65 1457133246.458364
108 1457133246.642407
108 1457133246.818439
32 1457133246.994436
106 1457133247.226456
117 1457133247.498422
8 1457133247.882437
8 1457133248.058440
104 1457133248.746439
117 1457133248.938413
109 1457133249.178475
97 1457133249.354340
110 1457133249.498450
32 1457133249.690402
98 1457133249.922421
101 1457133250.162467
105 1457133250.282340
110 1457133250.466359
103 1457133250.570399
115 1457133251.058390
45 1457133251.562434
109 1457133252.090386
97 1457133252.218322
105 1457133252.378251
108 1457133252.570305
8 1457133253.098380
8 1457133253.282259
108 1457133253.610330
101 1457133253.962362
32 1457133254.122352
97 1457133254.258404
110 1457133254.394359
100 1457133254.498332
32 1457133254.578313
102 1457133254.738375
101 1457133254.914349
109 1457133255.106359
97 1457133255.306313
105 1457133255.426323
108 1457133255.610390
8 1457133256.130329
8 1457133256.306301
108 1457133256.994331
101 1457133257.138422
45 1457133257.746385
32 1457133258.298366
97 1457133258.434238
8 1457133258.834349
8 1457133259.010318
97 1457133259.482291
114 1457133259.626286
101 1457133259.754307
32 1457133259.866261
99 1457133260.106335
114 1457133260.378298
97 1457133260.618244
8 1457133261.258327
101 1457133261.394249
97 1457133261.522285
116 1457133261.674325
101 1457133262.258348
100 1457133262.506191
32 1457133262.674304
105 1457133262.850280
110 1457133263.034276
32 1457133263.138278
116 1457133263.282260
104 1457133263.322132
101 1457133263.442251
32 1457133263.538306
105 1457133263.754281
109 1457133263.954256
97 1457133264.058243
103 1457133264.202216
101 1457133264.362210
32 1457133264.458310
111 1457133264.570184
102 1457133264.730222
32 1457133264.858213
71 1457133265.146355
111 1457133265.354239
100 1457133265.498199
46 1457133265.690235
32 1457133265.946252
69 1457133266.266276
97 1457133266.458247
99 1457133266.650229
104 1457133266.762194
32 1457133266.898253
111 1457133267.058229
8 1457133267.426265
105 1457133267.698201
115 1457133267.906186
32 1457133268.018205
97 1457133268.154200
32 1457133268.274184
98 1457133269.234244
101 1457133269.458144
108 1457133269.586172
111 1457133269.786263
118 1457133269.898142
101 1457133270.082225
100 1457133270.298216
32 1457133270.394160
115 1457133270.554219
112 1457133270.778236
105 1457133271.138571
114 1457133271.658174
105 1457133271.850186
116 1457133272.122233
32 1457133272.322203
115 1457133272.714196
111 1457133272.826237
110 1457133273.026212
32 1457133273.186149
111 1457133273.386109
114 1457133273.514140
32 1457133273.666184
100 1457133273.970222
97 1457133274.154239
117 1457133274.322181
103 1457133274.458154
104 1457133274.610162
116 1457133274.810206
101 1457133275.042147
114 1457133275.162136
32 1457133275.402150
111 1457133275.602153
102 1457133275.722202
32 1457133275.826156
104 1457133276.594302
101 1457133276.666207
97 1457133276.786058
118 1457133276.978170
101 1457133277.362153
110 1457133277.562114
108 1457133277.770149
121 1457133278.362148
32 1457133278.714159
112 1457133278.962140
97 1457133279.050107
114 1457133279.186114
101 1457133279.338121
110 1457133279.434079
116 1457133279.738150
115 1457133279.986185
44 1457133280.290123
32 1457133280.466096
97 1457133280.642075
110 1457133280.946164
100 1457133281.114151
32 1457133281.266109
8 1457133281.786133
44 1457133282.090293
32 1457133282.466053
97 1457133282.642049
115 1457133282.794080
32 1457133282.945986
115 1457133283.154089
117 1457133283.337972
99 1457133283.490045
104 1457133283.698097
44 1457133284.066044
32 1457133284.330106
101 1457133284.594095
97 1457133284.738052
99 1457133284.914007
104 1457133285.074007
32 1457133285.210005
104 1457133285.442001
97 1457133285.505947
115 1457133285.690089
32 1457133285.834057
97 1457133286.050091
32 1457133286.210023
100 1457133286.465975
105 1457133286.601991
118 1457133286.753991
105 1457133286.905976
110 1457133287.234043
101 1457133287.674059
32 1457133287.842063
110 1457133288.082092
97 1457133288.169999
116 1457133288.369944
117 1457133288.481982
114 1457133288.746057
101 1457133288.809944
32 1457133289.410049
97 1457133289.553960
110 1457133289.706010
100 1457133289.785955
32 1457133289.897967
100 1457133290.058013
101 1457133290.258063
115 1457133290.426013
116 1457133290.554083
105 1457133290.658036
110 1457133290.842081
121 1457133291.178082
46 1457133291.554053
32 1457133291.850058
71 1457133292.202023
101 1457133292.433910
110 1457133292.602067
100 1457133292.890013
101 1457133293.106063
114 1457133293.210135
32 1457133293.369930
105 1457133293.521924
115 1457133293.681929
32 1457133293.825890
97 1457133293.969906
110 1457133294.106034
32 1457133294.217885
101 1457133294.674104
115 1457133294.881935
115 1457133295.065956
101 1457133295.273931
110 1457133295.529956
116 1457133295.697945
105 1457133295.881949
97 1457133296.130013
108 1457133296.265944
32 1457133296.505907
99 1457133296.745932
104 1457133296.865988
97 1457133296.985913
114 1457133297.169952
97 1457133297.313971
99 1457133297.505852
116 1457133297.769916
101 1457133297.913872
114 1457133298.017916
105 1457133298.585902
115 1457133298.729908
116 1457133298.913881
105 1457133299.033987
99 1457133299.577951
32 1457133299.857940
111 1457133300.033960
102 1457133300.113912
32 1457133300.233874
105 1457133300.481892
110 1457133300.825922
100 1457133301.506210
105 1457133301.657862
99 1457133301.865905
105 1457133302.041909
8 1457133302.617900
8 1457133302.793867
118 1457133303.625931
105 1457133303.889921
100 1457133304.065878
105 1457133304.169830
8 1457133304.793903
117 1457133305.185924
97 1457133305.289832
108 1457133305.409822
32 1457133305.601794
112 1457133306.257918
114 1457133306.425842
101 1457133306.593860
109 1457133306.913931
111 1457133307.121906
114 1457133307.305809
116 1457133307.513806
97 1457133307.689825
108 1457133307.849862
44 1457133308.145853
32 1457133308.441820
109 1457133308.729896
111 1457133308.969809
114 1457133309.145912
97 1457133309.345768
8 1457133309.889830
116 1457133310.113867
97 1457133310.281740
108 1457133310.433769
44 1457133310.737800
32 1457133310.993854
97 1457133311.113833
110 1457133311.257865
100 1457133311.329971
32 1457133311.417792
101 1457133311.617800
116 1457133311.793771
101 1457133311.937814
114 1457133312.041859
110 1457133312.225868
97 1457133312.409750
108 1457133312.545766
32 1457133312.745826
105 1457133312.969862
100 1457133313.097819
101 1457133313.273726
110 1457133313.465827
116 1457133313.649726
105 1457133313.881834
116 1457133314.121797
121 1457133314.577813
32 1457133315.305807
97 1457133315.441714
110 1457133315.561798
100 1457133315.665709
32 1457133315.729704
112 1457133315.921807
114 1457133316.305758
8 1457133317.017772
117 1457133317.329808
114 1457133317.537695
112 1457133317.689881
111 1457133317.905821
115 1457133318.377770
101 1457133318.537660
46 1457133318.833781
10 1457133319.377796
10 1457133319.713760
73 1457133320.225768
110 1457133320.457761
32 1457133320.697730
116 1457133320.889746
104 1457133320.969691
101 1457133321.081711
32 1457133321.153717
112 1457133321.553762
114 1457133321.681661
101 1457133321.825796
109 1457133321.969646
111 1457133322.553780
114 1457133322.713712
116 1457133322.921745
97 1457133323.065725
108 1457133323.209711
32 1457133323.385676
114 1457133323.753769
101 1457133323.889767
97 1457133323.985672
108 1457133324.185726
109 1457133324.953770
44 1457133325.449812
32 1457133325.689615
115 1457133325.897664
105 1457133326.073719
8 1457133326.665795
112 1457133327.129731
105 1457133327.825716
114 1457133328.033720
105 1457133328.161609
116 1457133328.353576
32 1457133328.537620
115 1457133328.705670
111 1457133328.793671
110 1457133328.969639
115 1457133329.209662
32 1457133329.361573
97 1457133329.489559
110 1457133329.649630
100 1457133329.705634
32 1457133329.801644
100 1457133330.081687
97 1457133330.241564
117 1457133330.297529
103 1457133330.473578
104 1457133330.577645
116 1457133330.697669
101 1457133330.881679
114 1457133330.961648
115 1457133331.217992
32 1457133331.489772
107 1457133331.897648
110 1457133332.097745
111 1457133332.281644
119 1457133332.409560
32 1457133332.569578
8 1457133332.945649
8 1457133333.137656
8 1457133333.417600
101 1457133333.665580
32 1457133333.833586
8 1457133334.497836
119 1457133334.665559
32 1457133334.873617
97 1457133335.193644
110 1457133335.353523
100 1457133335.433519
32 1457133335.569527
119 1457133335.769567
111 1457133335.881605
114 1457133335.993494
115 1457133336.673625
104 1457133336.849578
105 1457133337.033630
112 1457133337.305558
112 1457133337.481456
101 1457133337.697516
100 1457133338.473640
32 1457133338.673512
71 1457133339.249614
111 1457133339.457555
100 1457133339.849607
32 1457133339.985536
97 1457133340.201514
110 1457133340.441493
8 1457133341.049642
115 1457133341.225599
32 1457133341.369522
116 1457133341.577546
104 1457133341.681547
101 1457133341.793493
105 1457133341.889525
114 1457133342.017595
32 1457133342.185548
69 1457133342.697476
116 1457133342.913523
101 1457133343.081522
114 1457133343.161624
110 1457133343.401434
97 1457133343.545460
108 1457133343.697460
32 1457133343.889486
70 1457133344.201566
111 1457133344.337474
97 1457133344.449496
116 1457133344.601498
8 1457133345.041603
8 1457133345.225537
8 1457133345.393449
97 1457133345.641472
116 1457133345.817466
104 1457133345.953453
101 1457133346.033497
114 1457133346.145499
32 1457133346.433465
97 1457133346.609476
110 1457133346.729494
100 1457133346.801563
32 1457133346.913468
97 1457133347.089605
99 1457133347.377530
99 1457133347.521450
101 1457133347.761495
112 1457133348.145515
116 1457133348.353413
101 1457133348.617417
100 1457133348.897455
32 1457133349.033462
72 1457133349.321364
105 1457133349.489375
115 1457133349.593427
32 1457133349.753486
112 1457133350.025432
108 1457133350.241510
97 1457133350.361424
110 1457133350.497393
32 1457133350.633474
119 1457133350.929464
8 1457133351.249499
98 1457133351.681566
121 1457133351.857381
32 1457133352.033439
119 1457133352.145366
104 1457133352.297358
105 1457133352.465365
99 1457133352.617403
104 1457133352.713449
32 1457133352.809384
72 1457133353.321443
105 1457133353.545407
115 1457133353.745449
32 1457133353.937448
99 1457133354.369420
104 1457133354.529397
105 1457133354.721482
108 1457133354.897441
100 1457133355.073431
114 1457133355.257421
101 1457133355.417379
110 1457133355.561366
32 1457133355.825434
99 1457133356.233469
111 1457133356.361400
117 1457133356.449365
108 1457133356.625393
100 1457133356.793320
32 1457133356.873337
111 1457133357.225399
98 1457133357.393275
116 1457133357.697369
97 1457133357.953344
105 1457133358.065392
110 1457133358.305349
32 1457133358.977388
97 1457133359.129426
32 1457133359.273334
112 1457133359.825445
104 1457133360.105419
121 1457133360.225309
115 1457133360.385268
105 1457133360.569252
99 1457133360.737394
97 1457133360.945679
108 1457133361.129339
32 1457133361.313302
98 1457133361.545230
111 1457133361.617275
100 1457133361.753308
121 1457133362.001257
32 1457133362.617376
97 1457133362.769353
110 1457133362.889396
100 1457133363.001317
32 1457133363.065324
103 1457133363.273307
97 1457133363.409240
105 1457133363.569262
108 1457133363.785350
8 1457133364.425839
110 1457133364.825345
32 1457133365.065283
101 1457133365.745322
97 1457133366.065319
114 1457133366.377280
116 1457133366.649285
104 1457133366.865263
108 1457133367.121297
121 1457133367.305254
32 1457133367.513224
101 1457133368.177335
120 1457133368.433227
112 1457133368.529225
101 1457133368.681218
114 1457133368.873352
105 1457133369.033258
101 1457133369.153264
110 1457133369.297188
99 1457133369.401159
101 1457133369.537236
32 1457133369.649178
116 1457133369.857288
111 1457133369.977185
32 1457133370.097246
112 1457133370.545215
114 1457133370.673177
111 1457133370.841251
103 1457133370.993222
114 1457133371.225323
101 1457133371.369257
115 1457133371.593266
115 1457133371.761246
32 1457133371.945267
116 1457133372.145299
119 1457133372.329208
111 1457133372.497174
8 1457133372.937267
8 1457133373.121230
111 1457133373.425193
119 1457133373.625262
97 1457133373.793243
114 1457133373.945250
100 1457133374.145278
32 1457133374.297234
112 1457133374.569234
101 1457133374.713186
114 1457133374.873192
102 1457133375.153269
101 1457133375.361192
99 1457133375.569170
116 1457133375.809209
105 1457133375.937268
111 1457133376.145252
110 1457133376.321213
32 1457133376.601205
97 1457133376.737201
110 1457133376.913263
100 1457133377.001232
32 1457133377.113188
117 1457133377.697218
108 1457133377.993206
116 1457133378.257231
105 1457133378.377160
109 1457133378.569216
97 1457133378.633180
116 1457133378.785225
101 1457133378.905239
108 1457133379.049212
121 1457133379.209185
32 1457133379.481184
114 1457133379.721219
101 1457133379.865163
97 1457133379.993146
108 1457133380.177227
105 1457133380.425172
122 1457133380.601131
101 1457133380.785215
32 1457133380.937167
116 1457133381.121199
104 1457133381.233114
101 1457133381.345055
105 1457133381.465106
114 1457133381.601139
32 1457133381.729131
100 1457133381.921139
105 1457133382.009075
118 1457133382.313124
105 1457133382.561117
110 1457133382.833103
101 1457133383.129277
32 1457133383.313128
100 1457133383.569093
101 1457133383.769142
115 1457133383.937199
116 1457133384.057154
105 1457133384.193139
110 1457133384.401120
108 1457133384.593077
121 1457133384.721080
32 1457133384.889146
97 1457133385.041139
8 1457133385.305095
8 1457133385.489081
8 1457133385.641082
8 1457133385.785134
121 1457133386.337133
32 1457133386.537071
97 1457133386.745071
115 1457133386.961156
32 1457133387.121164
104 1457133387.385160
101 1457133387.449156
105 1457133387.601121
102 1457133387.785115
8 1457133388.345129
114 1457133388.505082
115 1457133388.697094
32 1457133388.849173
111 1457133389.033287
102 1457133389.153030
32 1457133389.241085
101 1457133389.457064
116 1457133389.641099
101 1457133389.801105
114 1457133389.881148
110 1457133390.145138
97 1457133390.265015
108 1457133390.385040
32 1457133390.560988
108 1457133390.721024
105 1457133390.993052
102 1457133391.745068
101 1457133391.937048
46 1457133392.153162
32 1457133393.041226
84 1457133393.584983
104 1457133393.769067
101 1457133393.833003
32 1457133393.969084
100 1457133394.337026
105 1457133394.465081
99 1457133395.049054
8 1457133395.697021
118 1457133396.073048
105 1457133396.281007
110 1457133396.937029
101 1457133397.201073
32 1457133397.377000
112 1457133397.657033
108 1457133397.881003
97 1457133397.993009
110 1457133398.185041
32 1457133398.376924
111 1457133398.504928
102 1457133398.632936
32 1457133398.737046
104 1457133398.993003
97 1457133399.112967
112 1457133399.272970
112 1457133399.456986
105 1457133399.680946
110 1457133400.105071
101 1457133400.232974
115 1457133400.424924
115 1457133400.568921
32 1457133400.712954
101 1457133400.928981
110 1457133401.201043
97 1457133401.328978
98 1457133401.560944
108 1457133401.712968
101 1457133401.832936
115 1457133402.024925
32 1457133402.176932
102 1457133402.360920
97 1457133402.496935
105 1457133402.600989
109 1457133402.937023
8 1457133403.233027
8 1457133403.416943
109 1457133404.041018
105 1457133404.281011
108 1457133404.424880
121 1457133404.560875
32 1457133404.744980
114 1457133404.984918
101 1457133405.121022
108 1457133405.592881
97 1457133405.784925
116 1457133405.944862
105 1457133406.024835
111 1457133406.224918
110 1457133406.392863
115 1457133406.576883
104 1457133406.704857
105 1457133406.912929
112 1457133407.216982
115 1457133407.512846
32 1457133407.704904
116 1457133407.889007
111 1457133407.968875
32 1457133408.088993
98 1457133408.280869
101 1457133408.496823
32 1457133408.608826
112 1457133409.176902
101 1457133409.328797
114 1457133409.504853
112 1457133409.728934
101 1457133410.608906
112 1457133410.792959
8 1457133411.480922
116 1457133412.200927
117 1457133412.408820
97 1457133412.520875
116 1457133412.648903
101 1457133412.816919
100 1457133413.040897
32 1457133413.168938
98 1457133413.384871
121 1457133413.680858
111 1457133413.920989
110 1457133414.128882
100 1457133414.248809
32 1457133414.352799
8 1457133414.696915
8 1457133414.864859
8 1457133415.008839
8 1457133415.144872
8 1457133415.280785
101 1457133415.544835
121 1457133415.856881
111 1457133415.960946
110 1457133416.136871
100 1457133416.216836
32 1457133416.368805
116 1457133416.560760
104 1457133416.624778
101 1457133416.728822
32 1457133416.808805
103 1457133417.048799
114 1457133417.288885
97 1457133417.416752
118 1457133417.752891
101 1457133417.952824
46 1457133418.184869
32 1457133418.400793
83 1457133418.816833
97 1457133419.056888
99 1457133419.240804
114 1457133419.528701
101 1457133419.664756
100 1457133420.032768
32 1457133420.184801
111 1457133420.696829
114 1457133420.832747
100 1457133421.024766
105 1457133421.152761
110 1457133421.609327
97 1457133422.000817
110 1457133422.160825
99 1457133422.272739
101 1457133422.448717
115 1457133422.624734
32 1457133422.760776
97 1457133422.864705
110 1457133423.032716
100 1457133423.104924
32 1457133423.288810
99 1457133423.920872
111 1457133424.040768
118 1457133424.240750
101 1457133424.456779
110 1457133424.936773
97 1457133425.080751
110 1457133425.240758
116 1457133425.432683
115 1457133425.848754
32 1457133426.048736
97 1457133426.376763
118 1457133426.568698
97 1457133426.728708
105 1457133426.856721
108 1457133427.048706
97 1457133427.328710
98 1457133427.568686
108 1457133427.728774
101 1457133427.864706
32 1457133427.968732
111 1457133428.152745
8 1457133428.624763
105 1457133429.056792
110 1457133429.304690
32 1457133429.480676
111 1457133429.632753
8 1457133430.016705
104 1457133430.336642
111 1457133430.680691
108 1457133430.920671
121 1457133431.144680
32 1457133431.360747
116 1457133431.632711
101 1457133431.824693
109 1457133431.952723
112 1457133432.144732
108 1457133432.624741
101 1457133432.832721
115 1457133433.008686
32 1457133433.168695
109 1457133433.584681
97 1457133433.688693
107 1457133433.848679
101 1457133433.928723
32 1457133434.032685
105 1457133434.168739
116 1457133434.776648
32 1457133435.000674
112 1457133435.544639
115 1457133435.912654
8 1457133436.264703
111 1457133436.512634
115 1457133436.680639
115 1457133436.856687
105 1457133436.976650
98 1457133437.160753
108 1457133437.304646
101 1457133437.432560
32 1457133437.544556
102 1457133437.744567
111 1457133437.872538
114 1457133437.984592
32 1457133438.120722
105 1457133438.568636
100 1457133439.112690
8 1457133439.608596
110 1457133439.840686
105 1457133440.040551
100 1457133440.240656
105 1457133440.376617
8 1457133440.744608
8 1457133440.920610
8 1457133441.072591
100 1457133441.712704
105 1457133441.872614
118 1457133442.160634
105 1457133442.296547
100 1457133442.737111
117 1457133442.992741
97 1457133443.120560
108 1457133443.256553
115 1457133443.560540
32 1457133443.760550
116 1457133444.024587
111 1457133444.120631
32 1457133444.256535
114 1457133444.480558
101 1457133444.640490
116 1457133444.856570
117 1457133445.600606
114 1457133445.752553
110 1457133445.880480
32 1457133445.992596
116 1457133446.240617
111 1457133446.304484
32 1457133446.432521
116 1457133446.968558
104 1457133447.024504
101 1457133447.160512
32 1457133447.248450
112 1457133447.656546
114 1457133447.800571
101 1457133447.928598
115 1457133448.104587
101 1457133448.176607
110 1457133448.592560
99 1457133449.224596
101 1457133449.408440
32 1457133449.552403
111 1457133449.744461
102 1457133450.136542
32 1457133450.248434
71 1457133450.536380
111 1457133450.680452
100 1457133450.784459
32 1457133450.880472
97 1457133451.000394
100 1457133452.000503
110 1457133452.128507
8 1457133452.424525
8 1457133452.592411
110 1457133452.840509
100 1457133452.960476
32 1457133453.104565
102 1457133453.368473
111 1457133453.488526
114 1457133453.584396
32 1457133453.696429
102 1457133453.904511
97 1457133454.080470
109 1457133454.200419
105 1457133454.432430
108 1457133454.624450
105 1457133454.848512
101 1457133455.128511
115 1457133455.336452
32 1457133455.488452
116 1457133455.704498
111 1457133455.784472
32 1457133455.888548
98 1457133456.256476
101 1457133456.584509
32 1457133456.760442
117 1457133457.496509
110 1457133457.672454
105 1457133457.856436
116 1457133457.968408
101 1457133458.136441
100 1457133458.352421
32 1457133458.464402
101 1457133458.624346
116 1457133458.824440
101 1457133458.968433
114 1457133459.072416
110 1457133459.272404
97 1457133459.408370
108 1457133459.528350
108 1457133459.704456
121 1457133459.984511
46 1457133460.360533
10 1457133460.880409
10 1457133461.192451
84 1457133462.344255
104 1457133462.528305
101 1457133462.632363
32 1457133462.720319
102 1457133463.104448
105 1457133463.280332
114 1457133463.368389
115 1457133463.512347
116 1457133463.608416
32 1457133463.744334
99 1457133463.968399
111 1457133464.064341
109 1457133464.280437
109 1457133464.448298
97 1457133464.624290
110 1457133464.784415
100 1457133464.888338
109 1457133465.240433
101 1457133465.408297
110 1457133465.488348
116 1457133465.648278
32 1457133465.856389
116 1457133466.176433
104 1457133466.272347
97 1457133466.368349
116 1457133466.472288
32 1457133466.592281
71 1457133466.928389
111 1457133467.064289
100 1457133467.192315
32 1457133467.344302
103 1457133467.720408
97 1457133467.880322
118 1457133468.128366
101 1457133468.320267
32 1457133468.424239
116 1457133468.592283
111 1457133468.720293
32 1457133468.840316
65 1457133469.168391
100 1457133469.400296
97 1457133469.584232
109 1457133469.840313
32 1457133470.216400
97 1457133470.432331
110 1457133470.592274
100 1457133470.728302
32 1457133470.824342
69 1457133471.216361
118 1457133471.456239
101 1457133471.632260
32 1457133472.256314
112 1457133472.536298
101 1457133472.712253
114 1457133472.848312
116 1457133473.112301
97 1457133473.392279
105 1457133473.560201
110 1457133473.808307
101 1457133473.944295
100 1457133474.168348
32 1457133474.272280
116 1457133474.440223
111 1457133474.536229
32 1457133474.656190
116 1457133474.792290
104 1457133474.872310
101 1457133474.992280
105 1457133475.104213
114 1457133475.232261
32 1457133475.400221
112 1457133475.696290
111 1457133475.904236
116 1457133476.120265
101 1457133476.344250
110 1457133476.712274
116 1457133476.864228
105 1457133477.032207
97 1457133477.200256
108 1457133477.352340
32 1457133477.568225
102 1457133477.840297
111 1457133477.920311
114 1457133478.088303
32 1457133478.232203
112 1457133478.536209
97 1457133478.672171
114 1457133478.888322
101 1457133479.096261
110 1457133479.384265
116 1457133479.864262
104 1457133480.352289
111 1457133480.560217
111 1457133480.728172
100 1457133480.976238
32 1457133481.104230
97 1457133481.288157
115 1457133481.496154
32 1457133481.640197
104 1457133482.416240
117 1457133483.544236
115 1457133483.744184
98 1457133484.000224
97 1457133484.176203
110 1457133484.368132
100 1457133484.472176
32 1457133484.760280
97 1457133484.888128
110 1457133485.040158
100 1457133485.104139
32 1457133485.176147
119 1457133485.496178
105 1457133485.592120
102 1457133485.800211
101 1457133485.992147
46 1457133486.240244
32 1457133486.496145
87 1457133486.872171
101 1457133486.976238
32 1457133487.152123
100 1457133487.408117
101 1457133487.592123
99 1457133487.840193
108 1457133488.016087
97 1457133488.192222
114 1457133488.424223
101 1457133488.552151
32 1457133488.664203
116 1457133488.824169
104 1457133488.936250
97 1457133488.984800
116 1457133489.064088
32 1457133489.160212
71 1457133489.456048
111 1457133489.584071
100 1457133489.752055
39 1457133490.072212
115 1457133490.368125
32 1457133490.720142
99 1457133491.312178
111 1457133491.456072
109 1457133491.712109
109 1457133491.872124
97 1457133492.056064
110 1457133492.168078
100 1457133492.272090
109 1457133492.520074
101 1457133492.696063
110 1457133492.816159
116 1457133493.032153
32 1457133493.240120
116 1457133493.584071
8 1457133493.896114
111 1457133494.208143
8 1457133494.648149
102 1457133494.976123
111 1457133495.104213
114 1457133495.248032
32 1457133495.376020
72 1457133495.856105
105 1457133496.056098
115 1457133496.168023
32 1457133496.295971
99 1457133496.528025
104 1457133496.608070
105 1457133497.456117
108 1457133497.648045
100 1457133497.792084
114 1457133497.984123
101 1457133498.160059
110 1457133498.304044
32 1457133498.512006
116 1457133498.672075
111 1457133498.768081
32 1457133498.864049
109 1457133499.072054
117 1457133499.368052
108 1457133499.575954
116 1457133499.720157
105 1457133499.840015
112 1457133500.008039
108 1457133500.216082
121 1457133500.384076
32 1457133500.527999
97 1457133500.655989
110 1457133500.759996
100 1457133500.888057
32 1457133500.968024
114 1457133501.168036
101 1457133501.287983
112 1457133501.423974
108 1457133501.688069
101 1457133501.840030
110 1457133502.032001
105 1457133502.472019
115 1457133502.607985
104 1457133502.720033
32 1457133502.839988
116 1457133503.024098
104 1457133503.111987
101 1457133503.216002
32 1457133503.288116
101 1457133503.848022
97 1457133503.991985
114 1457133504.112042
116 1457133504.320005
104 1457133504.463963
32 1457133504.640080
114 1457133504.872035
101 1457133505.007964
109 1457133505.159971
97 1457133505.311964
105 1457133505.447916
110 1457133506.120021
115 1457133506.319991
32 1457133506.487899
105 1457133506.623905
110 1457133506.808003
32 1457133506.895899
102 1457133507.071928
111 1457133507.135931
114 1457133507.271857
99 1457133507.567925
101 1457133507.743937
46 1457133507.943965
32 1457133508.143985
87 1457133508.479920
101 1457133508.655880
32 1457133508.783915
102 1457133509.559917
117 1457133509.775921
114 1457133509.911957
116 1457133510.111990
104 1457133510.263920
101 1457133510.343901
114 1457133510.455828
32 1457133510.591873
100 1457133510.823916
101 1457133511.119944
99 1457133511.335936
108 1457133511.567877
97 1457133511.687914
114 1457133511.856010
101 1457133511.975932
32 1457133512.095906
116 1457133512.399939
104 1457133512.575874
97 1457133512.618131
116 1457133512.743850
32 1457133512.895938
71 1457133513.527822
111 1457133513.687860
100 1457133513.823886
32 1457133513.975922
104 1457133514.343894
97 1457133514.423845
115 1457133514.623815
32 1457133514.767877
99 1457133514.975895
111 1457133515.095886
109 1457133515.311900
109 1457133515.463852
97 1457133515.639852
110 1457133515.751914
100 1457133515.855909
101 1457133516.055882
100 1457133516.303873
32 1457133516.535849
116 1457133516.823870
104 1457133516.935855
97 1457133516.991848
116 1457133517.095917
32 1457133517.247837
116 1457133517.591879
104 1457133517.687929
101 1457133517.775831
32 1457133517.871891
115 1457133518.103878
99 1457133518.447865
8 1457133518.903891
97 1457133519.039795
99 1457133519.263822
114 1457133519.527813
101 1457133519.655758
100 1457133520.263886
32 1457133520.511827
112 1457133520.783995
111 1457133521.327892
119 1457133521.607798
101 1457133521.823875
114 1457133521.975860
115 1457133522.247763
32 1457133522.519728
111 1457133522.663823
102 1457133522.783783
32 1457133522.895782
112 1457133523.151903
114 1457133523.311801
111 1457133523.439852
99 1457133523.751875
114 1457133524.031837
101 1457133524.167804
97 1457133524.343817
116 1457133524.559775
105 1457133524.983828
110 1457133525.199879
8 1457133525.639799
111 1457133525.895832
110 1457133526.183848
32 1457133526.439771
97 1457133526.951813
114 1457133527.103861
101 1457133527.215897
32 1457133527.311829
116 1457133527.567741
111 1457133527.703832
32 1457133527.799716
98 1457133528.015795
101 1457133528.223828
32 1457133528.327765
101 1457133528.575752
109 1457133528.735758
112 1457133528.911762
108 1457133529.159812
111 1457133529.959822
121 1457133530.151845
101 1457133530.367803
100 1457133530.607729
32 1457133530.743690
111 1457133531.015747
110 1457133531.271773
108 1457133531.383721
121 1457133531.527685
32 1457133531.711708
98 1457133531.927769
101 1457133532.111740
116 1457133532.287671
119 1457133532.647691
101 1457133533.063819
101 1457133533.375770
110 1457133533.775841
32 1457133534.175781
109 1457133534.391737
97 1457133534.503658
110 1457133534.631589
32 1457133534.775714
97 1457133534.919729
110 1457133535.039691
100 1457133535.159687
32 1457133535.247665
119 1457133535.447693
111 1457133535.639660
109 1457133535.903739
111 1457133536.255731
97 1457133536.831718
8 1457133537.399740
8 1457133537.583678
97 1457133537.823680
110 1457133537.959633
44 1457133538.367761
32 1457133538.607622
108 1457133538.783675
97 1457133538.879650
119 1457133539.063668
102 1457133539.583859
117 1457133539.871648
108 1457133540.071706
108 1457133540.511679
121 1457133540.703635
32 1457133540.943665
32 1457133541.431710
119 1457133541.631554
101 1457133541.823678
8 1457133542.103624
8 1457133542.287724
8 1457133542.447573
119 1457133542.695621
101 1457133542.911679
100 1457133543.135690
100 1457133543.295598
101 1457133543.527624
100 1457133543.751596
32 1457133543.919579
97 1457133544.143675
110 1457133544.367537
8 1457133544.799825
115 1457133544.991614
32 1457133545.167738
104 1457133545.495682
115 1457133545.695630
117 1457133545.903628
8 1457133546.311637
8 1457133546.479607
117 1457133547.031651
115 1457133547.175622
98 1457133547.431593
97 1457133547.615510
110 1457133547.751576
100 1457133547.887641
32 1457133548.007571
97 1457133548.127569
110 1457133548.295658
100 1457133548.375606
32 1457133548.511508
119 1457133551.943601
105 1457133552.687561
102 1457133552.783496
101 1457133552.943517
46 1457133553.175561
10 1457133553.959642
10 1457133554.279619
87 1457133554.879529
101 1457133555.063499
32 1457133555.175534
100 1457133555.543509
101 1457133555.727503
99 1457133555.927553
108 1457133556.071486
97 1457133556.127458
114 1457133556.303473
101 1457133556.415457
32 1457133556.575472
116 1457133556.743514
104 1457133556.855526
101 1457133557.399524
32 1457133557.631456
109 1457133557.815471
101 1457133557.895488
97 1457133557.991544
110 1457133558.119559
115 1457133558.215466
32 1457133558.375459
98 1457133558.591457
121 1457133558.815518
32 1457133558.983448
119 1457133559.167511
104 1457133559.303447
105 1457133559.439378
99 1457133559.575497
104 1457133559.695435
32 1457133559.799468
109 1457133559.967441
111 1457133560.143503
114 1457133560.215578
116 1457133560.407481
97 1457133560.575414
108 1457133560.751520
32 1457133560.951449
108 1457133561.119552
105 1457133561.327453
101 1457133561.439486
102 1457133561.639418
8 1457133562.151515
8 1457133562.327436
102 1457133562.623418
101 1457133562.791460
32 1457133562.927477
105 1457133563.151495
115 1457133563.263508
32 1457133563.367404
99 1457133563.543400
114 1457133563.791471
101 1457133563.887423
97 1457133563.975400
116 1457133564.111506
101 1457133564.223391
100 1457133564.511422
32 1457133564.631343
116 1457133564.903446
111 1457133565.047386
32 1457133565.143500
98 1457133565.343420
101 1457133565.551383
32 1457133565.679302
100 1457133565.919457
105 1457133566.063492
118 1457133566.279485
105 1457133566.607424
110 1457133566.879395
101 1457133567.071403
108 1457133567.327365
121 1457133567.471316
32 1457133567.687385
112 1457133568.015445
8 1457133568.439465
97 1457133568.631343
112 1457133568.799370
112 1457133568.983359
111 1457133569.303515
105 1457133569.719420
110 1457133570.039368
116 1457133570.199349
101 1457133570.367371
100 1457133570.607337
46 1457133571.287388
32 1457133571.647351
87 1457133572.015400
101 1457133572.239408
32 1457133572.351299
97 1457133572.607333
102 1457133572.887477
102 1457133573.079381
105 1457133573.375364
114 1457133573.535270
109 1457133573.775363
32 1457133574.031394
116 1457133574.199334
104 1457133574.303345
97 1457133574.383283
8 1457133574.727296
101 1457133575.199421
32 1457133575.383293
115 1457133575.543277
97 1457133575.727351
99 1457133575.951341
8 1457133576.567345
110 1457133576.815319
99 1457133577.103332
116 1457133577.383281
114 1457133577.428597
8 1457133577.919312
105 1457133578.375314
116 1457133578.583240
121 1457133579.007304
32 1457133579.271297
111 1457133579.439242
102 1457133579.535184
32 1457133579.655189
108 1457133579.783237
105 1457133579.983245
102 1457133580.095246
101 1457133580.303243
32 1457133580.415181
97 1457133580.607195
110 1457133580.759201
100 1457133580.919241
32 1457133581.103275
111 1457133581.263317
102 1457133581.367283
32 1457133581.479188
116 1457133581.679241
8 1457133581.999294
105 1457133582.287309
116 1457133582.463242
115 1457133582.919338
32 1457133583.095261
105 1457133583.591266
109 1457133583.855267
112 1457133584.031266
111 1457133584.215341
114 1457133584.415212
116 1457133584.831248
97 1457133585.047272
110 1457133585.255211
99 1457133585.495205
101 1457133585.671207
32 1457133585.791217
105 1457133586.055305
110 1457133586.247243
32 1457133586.359227
71 1457133586.687149
111 1457133586.847255
100 1457133586.991341
39 1457133587.399277
115 1457133587.631168
32 1457133587.839198
101 1457133588.279259
116 1457133588.463166
101 1457133588.607100
114 1457133588.743160
110 1457133589.111218
97 1457133589.359172
108 1457133589.567077
32 1457133590.095403
112 1457133590.447242
108 1457133590.695083
97 1457133590.839171
110 1457133590.983168
46 1457133591.391186
10 1457133591.855227
10 1457133592.231169
72 1457133596.119208
117 1457133596.303156
115 1457133596.415124
98 1457133596.727129
118 1457133596.771616
8 1457133597.271205
97 1457133597.583092
110 1457133597.759123
100 1457133597.863159
32 1457133598.095125
97 1457133598.231096
110 1457133598.343048
100 1457133598.439022
32 1457133598.527014
119 1457133598.895129
105 1457133599.031096
102 1457133599.143119
101 1457133599.359056
32 1457133599.495015
104 1457133599.679074
97 1457133599.742982
118 1457133599.927094
101 1457133600.239155
32 1457133600.551096
97 1457133600.711166
32 1457133600.839108
115 1457133601.007103
111 1457133601.143018
108 1457133601.495113
101 1457133601.671140
109 1457133601.799011
110 1457133602.031126
32 1457133602.359078
114 1457133602.647033
101 1457133602.783015
115 1457133602.991060
112 1457133603.151114
111 1457133603.358996
110 1457133603.911105
115 1457133604.207053
105 1457133604.319092
98 1457133605.255132
105 1457133605.439034
108 1457133605.639036
105 1457133606.159082
116 1457133606.383043
121 1457133606.598993
32 1457133606.799020
116 1457133607.007071
111 1457133607.150980
32 1457133607.247010
108 1457133607.735695
111 1457133607.935296
118 1457133608.086981
101 1457133608.335052
32 1457133608.422974
97 1457133608.582948
110 1457133608.726968
100 1457133608.783042
32 1457133608.895009
99 1457133609.055047
97 1457133609.215003
114 1457133609.358950
101 1457133609.438934
32 1457133609.558950
102 1457133609.766961
111 1457133609.910988
114 1457133610.215062
101 1457133610.446961
8 1457133611.071020
32 1457133611.287053
101 1457133611.526988
97 1457133611.662958
99 1457133611.822977
104 1457133611.966944
32 1457133612.119009
111 1457133612.334970
116 1457133612.655010
104 1457133612.766958
101 1457133612.887028
114 1457133612.967066
32 1457133613.311031
97 1457133613.639031
110 1457133613.806873
100 1457133613.870952
32 1457133614.038997
102 1457133614.223049
111 1457133614.326944
114 1457133614.446886
32 1457133614.614931
116 1457133614.814925
104 1457133614.926987
101 1457133615.054965
105 1457133615.214985
114 1457133615.374935
32 1457133615.574932
99 1457133615.815009
104 1457133615.950939
105 1457133616.143005
108 1457133616.326932
100 1457133616.494884
114 1457133616.710900
114 1457133616.878970
101 1457133616.990830
110 1457133617.239016
8 1457133617.574954
8 1457133617.766913
8 1457133617.926952
101 1457133618.159021
110 1457133618.278863
46 1457133618.582880
32 1457133618.966924
34 1457133619.894950
67 1457133620.287011
104 1457133620.422927
105 1457133620.614861
108 1457133620.806877
100 1457133621.246939
114 1457133621.438911
101 1457133621.614872
110 1457133621.758891
32 1457133621.870845
97 1457133621.998839
114 1457133622.134886
101 1457133622.254844
32 1457133622.414904
97 1457133622.518826
110 1457133622.646841
32 1457133622.758907
104 1457133623.046963
101 1457133623.166853
114 1457133623.342850
105 1457133623.518788
116 1457133623.686822
97 1457133624.054908
103 1457133624.230810
101 1457133624.398839
32 1457133624.494785
111 1457133624.678930
102 1457133624.742734
32 1457133624.854841
116 1457133624.998876
104 1457133625.094805
101 1457133625.150816
32 1457133625.246894
76 1457133625.502773
111 1457133625.686819
114 1457133625.782838
100 1457133625.974843
34 1457133626.254922
32 1457133626.630862
40 1457133627.214874
80 1457133627.838844
115 1457133628.390922
97 1457133628.574822
108 1457133629.006927
109 1457133629.334880
32 1457133629.662864
49 1457133630.070884
50 1457133630.294837
55 1457133631.806859
58 1457133632.318840
51 1457133632.638835
41 1457133633.150783
46 1457133633.982845
