117 1457134122.130500
115 1457134122.338405
105 1457134122.482269
110 1457134122.578202
103 1457134122.738283
32 1457134123.394309
100 1457134123.698255
101 1457134123.890304
99 1457134123.994233
105 1457134124.370264
115 1457134124.546276
105 1457134124.642241
111 1457134124.714212
110 1457134124.810124
32 1457134124.954142
116 1457134125.186251
114 1457134125.378299
101 1457134125.450210
101 1457134125.642200
115 1457134125.818216
32 1457134125.914254
116 1457134126.106271
104 1457134126.242231
97 1457134126.306205
116 1457134126.418233
32 1457134126.498242
115 1457134126.682258
112 1457134126.794241
108 1457134127.010177
105 1457134127.122281
116 1457134127.274182
32 1457134127.346221
111 1457134127.490254
110 1457134127.578211
32 1457134127.666147
114 1457134127.810172
97 1457134127.938157
110 1457134128.026153
100 1457134128.162202
109 1457134128.346272
8 1457134128.874249
111 1457134129.194218
109 1457134129.330261
108 1457134129.482216
121 1457134129.650148
32 1457134129.786118
115 1457134130.010135
101 1457134130.290224
108 1457134130.402183
101 1457134130.498185
99 1457134130.578124
116 1457134130.818164
101 1457134130.906181
100 1457134131.114259
32 1457134131.226248
97 1457134131.450216
116 1457134131.586195
116 1457134131.738182
114 1457134131.922149
105 1457134132.010110
98 1457134132.138284
117 1457134132.226130
116 1457134132.346235
101 1457134132.482211
115 1457134132.562164
32 1457134132.666175
105 1457134132.866143
115 1457134133.002136
32 1457134133.098207
111 1457134133.330187
110 1457134133.426158
101 1457134133.538163
32 1457134133.642175
119 1457134133.762106
97 1457134133.906093
121 1457134133.978083
32 1457134134.090528
116 1457134134.250121
111 1457134134.362190
32 1457134134.442124
105 1457134134.842109
110 1457134134.922127
99 1457134135.050136
114 1457134135.242186
101 1457134135.338172
97 1457134135.450151
115 1457134135.554178
101 1457134135.650087
32 1457134135.802130
116 1457134135.938109
104 1457134136.042245
101 1457134136.138167
32 1457134136.226117
100 1457134136.362149
105 1457134136.474136
118 1457134136.618125
101 1457134136.922131
114 1457134137.050127
115 1457134137.242181
105 1457134137.378020
116 1457134137.466172
121 1457134137.682076
32 1457134137.826087
119 1457134138.098134
105 1457134138.226092
116 1457134138.346104
104 1457134138.458124
105 1457134138.594105
110 1457134138.690130
32 1457134138.970109
97 1457134139.194192
110 1457134139.290135
32 1457134139.538257
101 1457134139.914050
115 1457134140.186126
110 1457134140.394081
115 1457134140.714096
8 1457134141.314126
8 1457134141.466131
8 1457134141.602072
110 1457134141.962134
115 1457134142.218150
101 1457134142.410049
109 1457134142.546168
98 1457134142.714046
108 1457134142.834023
101 1457134143.026180
32 1457134143.106198
111 1457134143.306083
102 1457134143.434012
32 1457134143.490095
116 1457134143.698045
104 1457134143.770017
8 1457134144.002020
8 1457134144.194072
100 1457134144.474130
101 1457134144.674013
99 1457134144.762007
105 1457134144.946023
115 1457134145.154146
105 1457134145.234046
111 1457134145.314013
110 1457134145.394032
32 1457134145.498048
116 1457134146.050022
114 1457134146.234084
101 1457134146.338073
101 1457134146.522074
115 1457134146.714047
46 1457134146.850002
32 1457134146.961970
65 1457134147.322107
110 1457134147.530074
111 1457134147.633983
116 1457134147.729997
104 1457134147.834027
101 1457134147.922000
114 1457134148.009978
32 1457134148.065980
97 1457134148.394082
112 1457134148.490027
112 1457134148.650018
111 1457134149.082112
8 1457134149.370071
114 1457134149.482084
111 1457134149.578044
97 1457134149.729985
99 1457134149.841986
104 1457134150.058013
32 1457134150.338049
105 1457134151.226095
110 1457134151.314047
99 1457134151.602040
114 1457134151.825975
101 1457134151.905979
97 1457134152.002019
115 1457134152.138026
101 1457134152.242015
115 1457134152.425976
32 1457134152.601999
105 1457134152.825958
100 1457134152.953962
105 1457134153.098086
8 1457134153.458102
8 1457134153.601961
8 1457134153.737932
100 1457134154.626043
105 1457134154.857949
118 1457134155.210008
101 1457134155.393974
114 1457134155.489990
115 1457134155.681977
105 1457134155.857919
116 1457134156.009920
114 1457134156.054196
8 1457134156.457959
121 1457134156.929925
32 1457134157.385975
98 1457134157.753979
121 1457134157.897924
32 1457134158.001880
99 1457134158.209944
111 1457134158.289979
109 1457134158.361963
98 1457134158.529951
105 1457134158.617918
110 1457134158.673867
105 1457134159.177952
110 1457134159.241892
103 1457134159.393939
32 1457134159.457869
109 1457134159.841880
117 1457134160.137946
8 1457134160.577958
117 1457134161.217941
108 1457134161.738008
116 1457134161.881902
105 1457134161.985920
112 1457134162.265899
108 1457134162.489898
101 1457134162.697850
32 1457134162.809833
116 1457134163.129899
114 1457134163.321982
101 1457134163.410038
101 1457134163.601913
32 1457134163.737849
97 1457134163.913803
108 1457134164.017845
103 1457134164.153988
111 1457134164.249913
114 1457134164.369866
105 1457134164.465930
116 1457134164.585844
104 1457134164.665876
109 1457134164.873848
115 1457134165.025896
46 1457134165.121946
32 1457134165.225943
84 1457134165.593827
104 1457134165.713830
101 1457134165.865823
32 1457134165.985793
114 1457134166.553934
97 1457134166.761839
110 1457134167.377959
111 1457134167.593871
109 1457134167.681818
100 1457134167.809799
32 1457134167.921793
8 1457134168.217923
8 1457134168.369870
8 1457134168.505896
8 1457134168.665816
100 1457134168.913837
111 1457134168.993804
109 1457134169.089844
32 1457134169.225875
102 1457134169.561839
111 1457134169.657822
114 1457134169.809827
101 1457134170.001795
115 1457134170.129848
116 1457134170.225832
32 1457134170.521841
97 1457134171.153832
112 1457134171.289850
112 1457134171.449768
114 1457134171.585754
111 1457134171.697784
97 1457134171.793761
99 1457134171.873762
104 1457134171.977744
32 1457134172.089875
104 1457134172.353816
97 1457134172.441813
115 1457134172.521887
32 1457134172.625809
98 1457134172.793807
101 1457134172.953785
99 1457134173.233808
111 1457134173.321804
109 1457134173.417764
101 1457134173.489835
32 1457134173.609752
112 1457134173.753752
111 1457134173.897738
112 1457134174.001806
117 1457134174.209755
108 1457134174.345805
97 1457134174.457769
114 1457134174.561808
32 1457134174.649729
98 1457134174.897792
101 1457134175.065747
99 1457134175.177778
97 1457134175.297784
117 1457134175.409762
115 1457134175.505819
101 1457134175.561711
32 1457134175.649716
105 1457134175.809752
116 1457134175.889771
32 1457134175.993727
105 1457134176.145834
115 1457134176.257765
32 1457134176.329805
115 1457134176.481785
105 1457134176.553874
109 1457134176.633761
112 1457134176.777716
108 1457134176.849861
101 1457134176.977740
32 1457134177.065818
97 1457134177.177803
110 1457134177.297787
100 1457134177.401748
32 1457134177.465678
121 1457134177.617724
105 1457134177.753707
101 1457134177.865671
108 1457134177.985672
100 1457134178.129753
115 1457134178.217787
32 1457134178.281668
103 1457134178.449762
111 1457134178.505734
111 1457134178.665731
100 1457134178.769734
32 1457134178.865763
114 1457134178.969698
101 1457134179.057748
115 1457134179.129774
117 1457134179.209777
108 1457134179.265681
116 1457134179.385725
115 1457134179.481727
32 1457134179.526862
119 1457134179.713714
105 1457134179.793689
116 1457134179.921723
104 1457134180.017739
32 1457134180.081644
99 1457134180.329788
111 1457134180.417752
109 1457134180.497757
109 1457134180.665686
111 1457134180.825671
110 1457134180.921709
32 1457134181.017706
100 1457134181.273803
97 1457134181.401735
116 1457134181.489780
97 1457134181.641743
115 1457134181.753653
101 1457134181.889714
116 1457134181.961687
115 1457134182.113726
46 1457134182.289696
32 1457134182.529698
87 1457134182.713627
101 1457134183.009674
32 1457134183.249719
112 1457134183.449650
114 1457134183.545677
101 1457134183.649672
115 1457134183.745667
101 1457134183.921716
110 1457134184.385733
116 1457134184.513723
32 1457134184.593745
97 1457134184.873656
32 1457134185.057709
116 1457134185.409744
101 1457134185.689693
99 1457134185.809683
104 1457134185.969663
110 1457134186.209672
105 1457134186.705880
113 1457134186.961686
117 1457134187.105672
101 1457134187.225705
32 1457134187.361655
116 1457134187.577750
104 1457134187.689684
97 1457134187.753562
116 1457134187.841619
32 1457134187.921641
99 1457134188.089737
111 1457134188.161099
109 1457134188.233691
98 1457134188.361676
105 1457134188.457660
110 1457134188.529716
101 1457134188.617656
115 1457134188.681593
32 1457134188.769694
104 1457134188.969610
101 1457134189.073692
116 1457134189.361756
101 1457134189.577654
114 1457134189.689659
111 1457134190.113734
103 1457134190.329645
101 1457134190.665632
110 1457134190.809557
101 1457134191.217641
111 1457134191.457885
117 1457134191.545651
115 1457134191.737606
32 1457134191.849649
116 1457134192.065632
114 1457134192.273654
101 1457134192.361645
101 1457134192.569691
32 1457134192.665627
97 1457134192.889562
108 1457134192.985602
103 1457134193.113631
111 1457134193.209643
114 1457134193.345544
105 1457134193.441562
116 1457134193.553572
104 1457134193.673569
109 1457134193.849592
115 1457134193.961544
32 1457134194.033612
97 1457134194.169608
110 1457134194.265579
100 1457134194.401556
32 1457134194.481572
99 1457134194.657545
111 1457134194.761554
110 1457134194.825548
116 1457134194.921554
114 1457134195.097741
97 1457134195.209622
115 1457134195.297550
116 1457134195.417598
32 1457134195.529637
105 1457134195.713579
116 1457134195.809560
32 1457134195.905551
119 1457134196.057515
105 1457134196.161643
116 1457134196.289526
104 1457134196.377647
32 1457134196.449537
104 1457134196.665554
111 1457134196.817549
109 1457134196.905545
111 1457134197.201613
103 1457134197.505659
101 1457134197.737568
110 1457134197.945498
101 1457134198.281573
111 1457134198.473523
117 1457134198.553499
115 1457134198.697498
32 1457134198.793492
102 1457134199.209671
111 1457134199.313519
114 1457134199.457536
101 1457134199.641556
115 1457134199.713467
116 1457134199.841467
32 1457134199.921520
97 1457134200.097861
108 1457134200.185574
103 1457134200.321496
111 1457134200.409575
114 1457134200.545589
105 1457134200.625543
116 1457134200.745503
104 1457134200.817572
109 1457134201.017557
115 1457134201.145554
46 1457134201.249556
32 1457134201.337500
79 1457134201.649969
117 1457134201.857491
114 1457134201.993493
32 1457134202.081521
114 1457134202.353565
101 1457134202.457531
115 1457134202.537528
117 1457134202.617491
108 1457134202.673467
116 1457134202.785518
115 1457134202.857536
32 1457134202.929398
105 1457134203.081505
110 1457134203.161563
100 1457134203.321456
105 1457134203.417497
99 1457134203.521508
97 1457134203.665488
116 1457134203.745463
101 1457134203.849442
32 1457134203.961502
116 1457134204.065556
104 1457134204.161537
97 1457134204.217540
116 1457134204.297478
32 1457134204.361489
114 1457134204.529481
97 1457134204.641430
110 1457134204.785439
100 1457134204.905377
111 1457134205.017434
109 1457134205.073405
32 1457134205.145507
102 1457134205.313482
111 1457134205.417563
114 1457134205.545524
101 1457134205.737469
115 1457134205.857439
116 1457134205.913429
32 1457134206.033478
100 1457134206.233507
111 1457134206.321414
8 1457134206.609519
8 1457134206.761497
8 1457134206.897465
115 1457134207.209543
32 1457134207.313470
100 1457134207.649511
111 1457134207.769400
32 1457134208.001436
112 1457134208.249495
111 1457134208.489507
114 1457134208.745488
114 1457134208.913400
108 1457134209.081406
8 1457134209.321547
8 1457134209.457438
8 1457134209.593462
111 1457134209.785510
114 1457134209.929446
108 1457134210.017468
121 1457134210.225473
32 1457134210.353427
119 1457134210.801476
104 1457134210.905399
101 1457134211.033383
110 1457134211.113400
32 1457134211.201418
102 1457134211.689448
97 1457134211.889383
99 1457134211.977379
101 1457134212.089471
115 1457134212.153418
32 1457134212.273476
8 1457134212.737497
8 1457134212.881398
100 1457134213.065531
32 1457134213.217464
119 1457134213.409415
105 1457134213.537485
116 1457134213.649373
104 1457134213.761395
32 1457134213.857386
105 1457134214.201494
114 1457134214.337424
101 1457134214.809448
8 1457134215.113451
114 1457134215.225422
101 1457134215.697394
108 1457134215.929443
101 1457134216.129469
118 1457134216.385474
97 1457134216.745434
110 1457134216.849437
116 1457134216.969366
32 1457134217.057346
97 1457134217.225387
116 1457134217.321428
116 1457134217.497350
114 1457134217.705337
105 1457134217.793338
98 1457134217.913323
117 1457134218.009322
116 1457134218.137431
101 1457134218.249428
115 1457134218.305361
44 1457134218.441354
32 1457134218.561412
97 1457134218.785379
8 1457134219.345417
119 1457134219.425377
104 1457134219.561431
105 1457134219.609284
108 1457134219.681355
101 1457134219.793302
32 1457134219.889378
111 1457134220.033307
117 1457134220.137422
114 1457134220.305405
32 1457134220.377558
104 1457134220.537435
101 1457134220.865383
116 1457134221.113408
101 1457134221.281391
114 1457134221.401364
111 1457134221.593354
103 1457134221.993427
101 1457134222.273370
110 1457134222.425358
101 1457134222.769385
111 1457134222.929330
117 1457134223.009325
115 1457134223.161404
32 1457134223.233495
116 1457134223.433352
101 1457134223.625359
99 1457134223.945317
104 1457134224.081265
110 1457134224.425326
105 1457134224.705330
113 1457134224.849238
117 1457134224.969211
101 1457134225.081325
32 1457134225.201407
104 1457134225.377324
97 1457134225.489300
110 1457134225.585309
100 1457134225.705300
108 1457134225.809265
101 1457134225.929280
115 1457134225.993173
32 1457134226.065253
116 1457134226.177379
104 1457134226.241327
101 1457134226.385298
109 1457134226.441257
32 1457134226.537318
114 1457134226.657260
111 1457134226.737272
98 1457134226.881243
117 1457134226.961310
101 1457134227.097389
115 1457134227.193262
116 1457134227.297295
108 1457134227.385314
121 1457134227.545315
8 1457134227.817344
8 1457134227.969285
8 1457134228.121355
8 1457134228.281341
8 1457134228.433379
115 1457134228.513226
116 1457134228.593280
108 1457134229.145400
121 1457134229.377308
46 1457134229.497258
32 1457134229.609320
70 1457134229.961207
117 1457134230.121325
114 1457134230.241285
116 1457134230.433335
104 1457134230.585310
101 1457134230.817235
114 1457134230.937275
44 1457134231.273307
32 1457134231.361304
109 1457134231.929321
8 1457134232.209296
119 1457134232.305218
101 1457134232.361142
32 1457134232.481236
32 1457134233.065311
115 1457134233.305258
8 1457134233.561259
8 1457134233.705173
115 1457134233.801168
104 1457134233.921229
111 1457134233.977129
119 1457134234.033156
32 1457134234.201232
116 1457134234.361220
104 1457134234.433239
97 1457134234.545243
116 1457134234.625292
32 1457134234.669941
108 1457134234.953209
97 1457134235.105238
114 1457134235.193269
103 1457134235.393250
101 1457134235.529271
32 1457134235.601274
101 1457134235.753181
110 1457134235.881173
115 1457134236.025173
101 1457134236.105329
109 1457134236.233220
98 1457134236.377314
108 1457134236.513198
101 1457134236.625248
115 1457134236.721194
32 1457134236.793171
111 1457134236.985218
102 1457134237.105206
32 1457134237.193211
114 1457134237.377259
97 1457134237.489238
110 1457134237.569273
100 1457134237.737171
111 1457134237.825246
109 1457134237.889138
32 1457134237.977158
116 1457134238.121219
114 1457134238.337198
101 1457134238.449167
101 1457134238.609187
115 1457134238.785114
32 1457134238.857143
97 1457134239.081179
114 1457134239.177188
101 1457134239.305258
32 1457134239.401208
109 1457134239.545204
111 1457134239.617165
114 1457134239.697176
101 1457134239.761057
32 1457134239.865125
115 1457134240.017146
117 1457134240.137167
115 1457134240.625202
99 1457134241.329215
101 1457134241.673195
112 1457134241.753147
116 1457134242.361174
105 1457134242.481197
98 1457134242.689125
108 1457134242.865126
101 1457134243.001129
115 1457134243.057084
32 1457134243.201104
8 1457134243.585174
8 1457134243.729103
32 1457134244.145178
116 1457134244.401166
111 1457134244.445191
32 1457134244.569139
100 1457134245.273156
105 1457134245.369130
109 1457134245.529218
105 1457134245.705133
110 1457134245.969088
115 1457134246.137110
105 1457134246.201036
104 1457134246.329060
8 1457134246.801149
8 1457134246.969103
8 1457134247.113175
105 1457134247.441125
115 1457134247.633104
104 1457134247.737097
105 1457134247.977084
110 1457134248.057039
103 1457134248.177066
32 1457134248.257097
114 1457134248.697136
101 1457134248.857123
116 1457134249.169121
117 1457134249.257170
114 1457134249.433128
110 1457134249.521148
115 1457134250.289114
32 1457134250.401074
116 1457134251.353147
104 1457134251.505091
97 1457134251.761070
110 1457134251.865090
32 1457134252.105101
111 1457134252.385082
117 1457134252.473023
116 1457134252.617043
8 1457134253.273057
114 1457134253.457045
32 1457134253.600998
116 1457134254.225086
101 1457134254.449085
99 1457134254.745037
104 1457134254.840999
110 1457134255.233035
105 1457134255.905085
113 1457134256.033018
117 1457134256.161063
101 1457134256.320989
32 1457134256.441058
8 1457134256.961126
32 1457134257.257109
8 1457134257.713075
46 1457134257.945085
32 1457134258.024956
87 1457134258.737053
101 1457134258.969030
32 1457134259.048987
97 1457134259.400996
114 1457134259.488928
101 1457134259.641066
32 1457134259.800990
97 1457134260.361047
98 1457134260.473006
108 1457134260.577077
101 1457134260.736949
32 1457134261.193106
111 1457134261.449051
8 1457134261.753047
116 1457134261.905010
111 1457134261.977056
32 1457134262.097034
111 1457134262.897078
98 1457134262.984989
116 1457134263.433016
105 1457134263.920963
97 1457134264.105021
105 1457134264.176886
8 1457134264.528988
8 1457134264.680928
8 1457134264.832899
105 1457134265.072904
110 1457134265.145032
8 1457134265.488993
8 1457134265.632930
97 1457134265.752898
105 1457134265.832927
110 1457134265.912945
32 1457134266.016975
98 1457134266.473143
101 1457134266.656950
116 1457134266.776974
116 1457134266.952892
101 1457134267.113006
114 1457134267.192935
32 1457134267.312935
114 1457134268.016978
101 1457134268.209008
115 1457134268.496950
117 1457134268.608943
108 1457134268.688914
116 1457134268.792916
115 1457134269.360969
32 1457134269.456928
97 1457134269.760916
99 1457134269.888916
114 1457134270.264939
111 1457134270.400973
115 1457134270.552953
115 1457134270.728909
32 1457134270.848916
97 1457134271.264960
108 1457134271.512906
32 1457134271.680862
8 1457134272.032909
8 1457134272.176989
32 1457134272.296882
108 1457134272.488886
111 1457134272.696895
114 1457134272.816857
8 1457134273.240891
97 1457134273.376868
8 1457134273.680912
8 1457134273.840864
97 1457134273.920920
114 1457134273.984763
103 1457134274.184953
101 1457134274.336893
32 1457134274.456887
110 1457134274.761223
117 1457134274.968790
109 1457134275.160924
98 1457134275.248867
101 1457134275.440878
114 1457134275.544849
32 1457134276.233000
111 1457134276.496910
102 1457134276.664892
32 1457134276.744828
99 1457134276.912812
111 1457134276.977040
109 1457134277.048824
109 1457134277.216918
111 1457134277.400890
110 1457134277.480821
32 1457134277.584900
100 1457134277.664879
97 1457134277.816782
116 1457134277.896791
97 1457134278.144887
115 1457134278.792966
101 1457134278.896775
116 1457134278.984731
115 1457134279.120866
32 1457134279.240795
119 1457134279.416804
105 1457134279.472808
116 1457134279.592836
104 1457134279.672817
32 1457134279.728774
97 1457134279.832847
32 1457134279.944852
115 1457134280.048753
105 1457134280.176829
110 1457134280.272822
8 1457134280.696840
102 1457134280.808760
110 1457134281.032775
8 1457134281.408880
8 1457134281.584802
103 1457134281.768739
110 1457134282.024806
105 1457134282.624860
102 1457134282.833009
105 1457134282.968781
99 1457134283.096741
97 1457134283.248827
110 1457134283.368810
116 1457134283.536753
108 1457134283.648771
121 1457134283.824750
32 1457134283.936703
97 1457134284.448802
8 1457134284.808808
115 1457134284.912722
109 1457134285.040741
97 1457134285.184739
108 1457134285.280783
108 1457134285.432787
101 1457134285.720797
114 1457134285.800769
32 1457134285.952756
101 1457134286.264808
110 1457134286.424764
115 1457134286.536739
101 1457134286.760685
109 1457134286.856727
98 1457134287.024693
108 1457134287.120802
101 1457134287.272771
46 1457134287.440800
10 1457134287.928750
10 1457134288.664723
65 1457134289.464828
108 1457134289.944708
116 1457134290.152747
104 1457134290.344701
111 1457134290.528691
117 1457134290.608713
103 1457134290.744659
104 1457134290.816677
32 1457134290.976640
82 1457134291.392741
68 1457134291.584693
84 1457134291.816617
89 1457134291.861478
8 1457134292.320758
32 1457134292.736665
109 1457134293.160717
97 1457134293.296740
121 1457134293.440736
32 1457134293.552688
98 1457134293.808704
101 1457134294.008732
32 1457134294.088900
115 1457134294.232675
111 1457134294.352714
109 1457134294.432717
101 1457134294.536722
119 1457134294.720719
104 1457134294.840721
97 1457134294.904656
116 1457134294.976709
32 1457134295.088708
111 1457134295.224720
101 1457134295.408773
102 1457134295.488765
8 1457134295.712618
8 1457134295.872670
8 1457134296.008669
101 1457134296.104681
102 1457134296.176800
102 1457134296.352689
101 1457134296.504691
99 1457134296.616699
116 1457134296.864683
105 1457134297.016638
118 1457134297.096653
101 1457134297.216655
32 1457134297.344683
97 1457134297.504644
116 1457134297.568641
32 1457134297.712565
112 1457134297.928566
114 1457134298.032564
111 1457134298.152660
100 1457134298.304663
117 1457134298.416612
99 1457134298.528647
105 1457134298.664562
110 1457134298.744660
103 1457134298.864702
32 1457134298.944648
100 1457134299.272744
101 1457134299.464653
115 1457134299.632658
105 1457134299.784614
114 1457134300.000634
97 1457134300.184762
98 1457134300.288720
108 1457134300.384613
101 1457134300.536627
32 1457134300.600646
109 1457134300.760566
111 1457134300.872627
100 1457134300.944693
101 1457134301.160746
108 1457134301.256669
32 1457134301.368631
118 1457134301.520657
97 1457134301.664608
114 1457134301.760565
105 1457134301.864580
97 1457134302.024578
110 1457134302.176597
99 1457134302.312637
101 1457134302.408622
32 1457134302.776603
119 1457134303.208661
105 1457134303.344569
116 1457134303.440627
104 1457134303.520710
105 1457134303.984768
110 1457134304.064629
32 1457134304.280602
97 1457134304.568561
110 1457134304.648649
32 1457134304.760535
101 1457134304.952577
110 1457134305.840594
115 1457134306.000599
101 1457134306.240675
109 1457134306.408590
98 1457134306.584564
108 1457134306.688515
101 1457134306.864598
44 1457134307.184678
32 1457134307.280573
104 1457134307.640577
101 1457134308.208659
116 1457134308.480574
101 1457134308.720544
114 1457134308.848500
111 1457134309.112558
103 1457134309.312639
101 1457134309.608597
110 1457134309.920540
101 1457134310.144605
111 1457134310.400594
117 1457134310.480649
115 1457134310.976559
32 1457134311.064543
97 1457134311.568718
8 1457134311.856524
101 1457134311.984478
110 1457134312.160509
115 1457134312.528494
101 1457134312.736506
109 1457134312.888498
98 1457134313.016450
108 1457134313.136544
101 1457134313.232491
115 1457134313.312494
32 1457134313.448453
116 1457134314.080542
104 1457134314.160594
97 1457134314.264529
116 1457134314.344610
32 1457134314.440542
115 1457134314.824504
101 1457134314.952395
108 1457134315.064400
101 1457134315.136483
99 1457134315.280446
116 1457134315.504500
32 1457134315.608459
102 1457134315.800446
114 1457134316.008436
111 1457134316.072414
109 1457134316.184527
32 1457134316.248435
97 1457134316.528515
109 1457134316.632486
111 1457134316.928550
110 1457134317.128555
103 1457134317.288500
32 1457134317.344424
109 1457134317.520461
117 1457134317.720551
108 1457134317.792424
116 1457134317.944448
105 1457134318.024522
112 1457134318.208507
108 1457134318.280662
101 1457134318.464447
32 1457134318.568427
109 1457134319.392527
111 1457134319.504484
100 1457134319.608480
108 1457134319.912416
101 1457134320.032399
115 1457134320.096447
32 1457134320.200381
8 1457134320.504525
8 1457134320.656458
8 1457134320.800470
8 1457134320.952460
101 1457134321.056411
108 1457134321.160415
115 1457134321.312443
32 1457134321.408497
99 1457134321.624367
97 1457134321.720363
110 1457134321.800358
32 1457134321.880348
111 1457134322.208415
117 1457134322.328420
116 1457134322.392336
112 1457134322.592417
101 1457134322.728366
114 1457134322.800483
102 1457134323.024382
111 1457134323.112465
114 1457134323.264383
109 1457134323.328340
32 1457134323.440482
115 1457134323.808438
117 1457134323.880496
99 1457134324.032351
104 1457134324.104488
32 1457134324.192362
104 1457134324.464391
111 1457134324.640433
109 1457134324.712413
111 1457134324.872364
103 1457134325.232431
101 1457134325.424508
110 1457134325.528352
101 1457134325.824337
111 1457134325.936295
117 1457134326.016290
115 1457134326.160421
32 1457134326.248345
101 1457134326.456437
110 1457134326.688452
101 1457134327.112376
8 1457134327.536432
115 1457134327.608450
101 1457134327.776343
109 1457134328.256417
98 1457134328.424552
108 1457134329.032445
101 1457134329.152355
115 1457134329.240340
46 1457134329.640415
32 1457134329.720396
70 1457134330.280416
117 1457134330.624448
114 1457134330.744257
116 1457134330.952286
104 1457134331.360384
101 1457134331.520278
114 1457134331.640361
32 1457134331.768338
8 1457134332.056335
109 1457134332.248354
111 1457134332.344309
114 1457134332.400259
101 1457134332.496299
44 1457134332.792325
32 1457134332.880288
101 1457134333.264376
110 1457134333.448403
115 1457134333.864340
101 1457134334.008282
109 1457134334.144376
98 1457134334.296351
108 1457134334.408292
101 1457134334.504441
115 1457134334.584453
32 1457134334.680287
111 1457134334.872258
102 1457134335.016211
32 1457134335.096356
84 1457134335.544298
8 1457134335.952320
82 1457134336.080244
68 1457134336.248273
89 1457134336.496326
8 1457134337.080358
84 1457134337.200286
32 1457134337.464287
97 1457134337.640301
114 1457134337.720236
101 1457134337.832229
32 1457134337.992204
110 1457134338.464270
111 1457134338.552275
116 1457134338.720283
32 1457134338.840281
114 1457134339.128263
111 1457134339.448287
98 1457134339.696296
117 1457134339.832246
115 1457134339.952233
32 1457134340.080203
8 1457134340.712335
116 1457134340.864249
32 1457134341.040245
111 1457134341.296281
116 1457134341.400225
32 1457134341.536305
8 1457134341.944339
8 1457134342.104365
8 1457134342.240265
116 1457134342.560862
111 1457134342.672260
32 1457134343.096966
105 1457134343.384289
114 1457134343.512209
114 1457134344.112338
101 1457134344.336240
108 1457134344.680263
101 1457134344.792149
118 1457134344.944147
101 1457134345.080179
97 1457134345.400241
110 1457134345.504336
8 1457134345.784216
8 1457134345.928173
8 1457134346.072198
97 1457134346.240281
110 1457134346.344187
116 1457134346.512196
32 1457134346.624208
97 1457134347.256252
116 1457134347.408155
116 1457134347.592152
114 1457134347.816118
105 1457134347.920149
98 1457134348.064170
117 1457134348.192225
116 1457134348.328222
101 1457134348.432150
115 1457134348.568135
46 1457134348.736121
10 1457134349.120259
10 1457134349.296293
84 1457134350.000109
104 1457134350.192183
101 1457134350.344189
32 1457134350.456219
77 1457134350.896106
77 1457134351.048150
68 1457134351.184158
84 1457134351.488231
32 1457134351.664183
97 1457134352.064176
108 1457134352.136087
103 1457134352.264174
111 1457134352.344180
114 1457134352.464154
105 1457134352.576124
116 1457134352.696108
104 1457134352.784100
109 1457134352.984098
32 1457134353.056235
105 1457134353.224148
110 1457134353.312135
116 1457134353.608162
114 1457134353.952182
111 1457134354.072100
100 1457134354.248113
117 1457134354.392126
99 1457134354.488088
101 1457134354.576079
115 1457134354.648198
32 1457134354.728144
104 1457134354.912038
101 1457134355.008148
114 1457134355.152121
8 1457134355.288186
8 1457134355.432130
8 1457134355.576083
8 1457134355.728079
8 1457134355.872073
100 1457134355.968089
32 1457134356.080107
104 1457134356.296147
101 1457134356.424110
114 1457134356.504050
101 1457134356.648127
32 1457134356.736099
105 1457134356.952075
115 1457134357.104155
32 1457134357.160021
105 1457134357.360092
110 1457134357.456156
116 1457134357.720119
117 1457134357.848121
105 1457134357.976101
116 1457134358.144122
105 1457134358.304109
118 1457134358.448121
101 1457134358.544064
44 1457134358.752060
32 1457134358.856054
101 1457134359.112126
102 1457134359.256019
102 1457134359.448130
105 1457134359.544039
99 1457134359.688050
105 1457134359.792086
101 1457134359.952000
110 1457134360.048043
116 1457134360.168067
44 1457134360.328067
32 1457134360.448069
115 1457134360.656092
105 1457134360.744045
109 1457134360.824020
112 1457134360.976011
108 1457134361.064005
101 1457134361.216106
32 1457134361.304245
116 1457134361.440055
111 1457134361.512192
32 1457134361.616129
105 1457134361.800066
109 1457134361.896055
112 1457134362.096131
108 1457134362.192066
101 1457134363.080111
109 1457134363.216017
101 1457134363.328032
110 1457134363.416025
116 1457134363.544031
32 1457134363.640052
97 1457134363.808009
110 1457134363.896032
100 1457134364.016015
32 1457134364.104014
112 1457134364.248120
97 1457134364.384015
114 1457134364.464045
97 1457134364.632066
109 1457134364.736042
101 1457134364.935989
116 1457134365.047984
101 1457134365.215998
114 1457134365.312037
108 1457134365.480046
101 1457134365.608024
115 1457134365.712002
115 1457134365.903996
46 1457134366.023992
32 1457134366.120045
73 1457134366.368005
116 1457134366.559940
32 1457134366.632164
105 1457134366.775953
115 1457134366.919973
44 1457134367.040013
32 1457134367.144090
116 1457134367.344026
104 1457134367.432015
101 1457134367.511955
114 1457134367.600150
101 1457134367.743978
102 1457134367.879993
111 1457134367.975939
114 1457134368.112031
101 1457134368.184131
44 1457134368.287987
32 1457134368.391990
119 1457134368.607985
101 1457134368.687985
108 1457134368.815992
108 1457134368.967996
45 1457134369.535998
115 1457134369.903925
117 1457134370.152003
105 1457134370.280012
116 1457134370.431951
101 1457134371.192029
100 1457134371.408006
32 1457134371.527983
102 1457134371.695937
111 1457134371.775945
114 1457134371.919920
32 1457134371.983866
117 1457134372.135984
115 1457134372.191870
101 1457134372.295939
32 1457134372.391954
105 1457134372.559943
110 1457134372.615981
32 1457134372.695916
101 1457134372.807936
110 1457134373.151998
115 1457134373.407972
101 1457134373.527999
109 1457134373.711899
98 1457134373.871948
108 1457134374.007888
101 1457134374.104131
115 1457134374.191922
46 1457134374.287944
32 1457134375.007913
65 1457134375.223850
108 1457134375.336063
116 1457134375.535998
104 1457134375.591853
111 1457134375.751916
117 1457134375.831897
103 1457134375.951944
104 1457134376.031873
44 1457134376.271962
32 1457134376.367866
98 1457134376.695942
121 1457134376.943937
32 1457134377.071882
105 1457134377.255906
116 1457134377.344054
115 1457134377.479939
101 1457134377.607961
108 1457134377.703845
102 1457134378.175943
44 1457134378.295866
32 1457134378.383881
68 1457134378.799904
8 1457134379.120280
77 1457134379.303870
77 1457134379.463985
68 1457134379.767976
84 1457134380.215913
32 1457134380.631922
105 1457134380.791881
115 1457134380.895811
32 1457134380.975956
111 1457134381.119937
102 1457134381.207911
116 1457134381.399969
101 1457134381.519917
110 1457134381.591944
32 1457134381.679864
108 1457134381.823886
101 1457134382.063929
115 1457134382.247877
115 1457134382.431842
32 1457134382.535859
97 1457134382.631898
99 1457134382.743887
99 1457134382.959836
117 1457134383.039905
114 1457134383.959979
97 1457134384.135903
116 1457134384.239844
101 1457134384.351867
32 1457134384.471937
116 1457134384.615849
104 1457134384.727835
97 1457134384.768219
116 1457134384.863838
32 1457134384.935923
69 1457134385.183931
8 1457134385.503843
8 1457134385.663853
8 1457134385.807835
110 1457134386.103947
32 1457134386.191886
69 1457134386.823765
82 1457134386.983832
68 1457134387.143920
84 1457134387.335857
44 1457134387.631855
32 1457134387.695812
77 1457134387.911673
77 1457134388.071787
68 1457134388.215827
84 1457134388.471883
32 1457134388.687789
116 1457134388.895836
101 1457134389.079829
110 1457134389.247787
100 1457134389.575859
115 1457134389.671863
32 1457134389.791738
116 1457134389.951732
111 1457134390.031763
32 1457134390.135768
100 1457134390.367820
111 1457134390.471792
32 1457134390.615822
119 1457134390.759779
101 1457134390.975773
108 1457134391.103782
108 1457134391.263858
32 1457134391.367789
119 1457134391.511755
105 1457134391.607767
116 1457134391.743729
104 1457134391.823781
32 1457134391.951730
97 1457134392.199809
32 1457134392.279763
100 1457134392.407795
105 1457134392.519778
102 1457134392.615806
102 1457134392.807768
101 1457134392.935741
114 1457134393.039764
101 1457134393.183758
110 1457134393.295810
116 1457134393.591785
32 1457134393.743755
115 1457134393.967799
101 1457134394.039861
116 1457134394.151727
32 1457134394.287711
111 1457134394.463822
102 1457134394.591753
32 1457134394.663786
112 1457134394.799719
114 1457134394.895704
111 1457134395.015736
98 1457134395.127820
108 1457134395.207798
101 1457134395.351784
109 1457134395.439779
115 1457134395.575720
32 1457134395.655755
116 1457134395.791767
104 1457134395.927807
97 1457134396.095714
110 1457134396.175782
32 1457134396.263730
69 1457134396.567772
82 1457134396.735752
68 1457134396.903744
84 1457134397.095724
46 1457134397.431808
32 1457134397.559685
85 1457134398.095729
115 1457134398.295680
105 1457134398.375756
110 1457134398.447839
103 1457134398.511663
32 1457134398.623814
99 1457134398.759715
114 1457134398.991738
111 1457134399.127683
115 1457134399.231604
115 1457134399.423712
45 1457134399.711821
118 1457134400.127730
97 1457134400.231722
108 1457134400.303860
105 1457134400.383700
100 1457134400.495685
97 1457134400.655699
116 1457134400.751683
105 1457134400.879624
111 1457134400.935640
110 1457134401.007739
32 1457134401.095777
115 1457134401.295664
101 1457134401.463733
108 1457134401.607692
101 1457134401.687691
99 1457134401.783656
116 1457134402.023674
105 1457134402.079604
111 1457134402.127576
110 1457134402.207680
32 1457134402.263646
98 1457134402.327713
101 1457134402.519721
116 1457134402.631725
119 1457134402.735674
101 1457134402.871702
101 1457134402.999693
110 1457134403.111684
32 1457134403.184611
69 1457134403.319663
82 1457134403.447645
68 1457134403.575686
84 1457134403.743651
32 1457134403.911626
97 1457134404.039604
110 1457134404.151690
100 1457134404.239724
32 1457134404.351661
77 1457134404.567683
77 1457134404.727683
68 1457134404.839631
84 1457134404.967623
32 1457134405.127815
99 1457134405.327738
114 1457134405.551676
101 1457134405.623717
97 1457134405.727576
116 1457134405.807553
101 1457134405.903597
115 1457134405.975616
32 1457134406.095579
97 1457134406.191729
32 1457134406.279714
112 1457134406.463676
97 1457134406.591613
114 1457134406.679658
116 1457134406.911597
105 1457134407.031563
99 1457134407.159672
117 1457134407.255670
108 1457134407.335710
97 1457134407.447678
114 1457134407.511727
108 1457134407.639630
121 1457134407.759621
32 1457134407.855629
112 1457134407.983563
111 1457134408.063580
119 1457134408.119553
101 1457134408.191652
114 1457134408.271568
102 1457134408.599694
117 1457134408.679619
108 1457134408.759656
32 1457134408.895656
109 1457134409.055632
111 1457134409.247661
100 1457134409.343556
101 1457134409.551633
108 1457134409.647619
46 1457134409.847556
32 1457134409.919670
79 1457134410.111662
85 1457134410.183721
114 1457134410.407664
32 1457134410.543679
114 1457134410.687601
101 1457134410.783608
115 1457134410.855635
117 1457134410.911558
108 1457134410.967606
116 1457134411.087538
115 1457134411.191602
32 1457134411.351680
100 1457134411.863603
101 1457134412.151700
109 1457134412.327558
111 1457134412.431567
110 1457134412.535606
115 1457134412.607650
116 1457134412.687629
114 1457134412.903590
97 1457134413.095880
116 1457134413.199559
101 1457134413.335641
32 1457134413.375904
116 1457134413.511629
104 1457134413.631641
97 1457134413.673145
116 1457134413.751515
32 1457134413.815508
118 1457134413.999514
101 1457134414.111548
114 1457134414.231523
121 1457134414.343570
32 1457134414.415675
115 1457134414.519558
109 1457134414.655603
97 1457134414.711514
108 1457134415.439598
108 1457134415.599572
32 1457134415.695600
101 1457134415.863543
110 1457134416.351600
115 1457134416.543605
101 1457134416.647561
108 1457134416.823544
118 1457134416.959536
109 1457134417.111590
8 1457134417.455604
8 1457134417.607571
8 1457134417.743549
109 1457134418.111608
98 1457134418.823543
108 1457134418.983480
101 1457134419.103617
115 1457134419.183604
32 1457134419.319532
111 1457134419.495561
102 1457134419.583492
32 1457134419.679442
115 1457134419.839464
117 1457134419.951490
99 1457134420.079483
104 1457134420.143486
32 1457134420.231505
99 1457134420.751601
114 1457134420.983495
111 1457134421.095568
115 1457134421.407465
115 1457134421.567552
45 1457134421.743481
118 1457134421.903455
97 1457134422.031472
108 1457134422.127521
105 1457134422.199451
100 1457134422.263433
97 1457134422.383571
116 1457134422.463511
105 1457134422.567458
111 1457134422.626755
110 1457134422.687576
32 1457134422.799525
100 1457134422.871435
101 1457134423.087462
99 1457134423.183522
105 1457134423.351475
115 1457134423.503473
105 1457134423.575593
111 1457134423.639488
110 1457134423.719457
32 1457134423.823494
116 1457134424.295539
114 1457134424.479677
101 1457134424.543502
101 1457134424.719455
115 1457134425.071525
32 1457134425.487525
40 1457134425.727354
49 1457134426.063462
48 1457134426.135540
48 1457134426.287441
32 1457134426.887539
118 1457134427.087389
115 1457134427.255479
46 1457134427.439466
32 1457134427.559452
49 1457134427.903432
48 1457134428.039446
8 1457134428.495471
44 1457134428.703470
32 1457134428.783381
48 1457134428.967390
48 1457134429.127457
48 1457134429.287388
8 1457134429.927304
8 1457134430.071360
8 1457134430.223446
8 1457134430.359429
48 1457134430.527449
48 1457134430.695428
48 1457134430.855423
48 1457134431.007408
41 1457134431.215463
32 1457134431.415415
8 1457134431.711482
8 1457134431.855446
8 1457134431.999419
8 1457134432.175460
48 1457134432.727412
41 1457134433.079301
32 1457134433.295400
99 1457134433.439402
97 1457134433.535431
110 1457134433.631399
32 1457134433.711400
118 1457134433.855371
8 1457134434.223441
111 1457134434.407432
117 1457134434.487590
116 1457134434.599367
112 1457134434.703447
102 1457134435.287414
8 1457134435.807418
101 1457134435.879498
114 1457134435.951383
102 1457134436.143375
111 1457134436.239342
114 1457134436.375383
109 1457134436.471427
32 1457134436.607354
118 1457134436.807331
101 1457134436.983355
114 1457134437.063355
121 1457134437.295375
32 1457134437.351371
97 1457134437.511364
8 1457134437.879417
97 1457134438.071328
8 1457134438.615412
108 1457134438.727317
97 1457134438.799328
114 1457134438.895268
103 1457134439.095442
101 1457134439.215399
32 1457134439.335321
104 1457134439.527365
111 1457134439.775378
109 1457134439.919297
111 1457134440.039268
103 1457134440.399323
101 1457134440.607271
110 1457134440.727360
101 1457134441.207361
111 1457134441.367344
117 1457134441.431266
115 1457134441.559274
32 1457134441.671342
101 1457134441.831302
110 1457134442.015308
115 1457134442.151404
101 1457134442.383367
109 1457134443.103396
98 1457134443.247296
108 1457134443.391360
101 1457134443.487335
115 1457134443.575252
32 1457134443.687308
111 1457134443.863278
102 1457134443.943316
32 1457134444.055253
82 1457134444.215229
68 1457134444.351307
84 1457134444.503334
10 1457134445.015316
8 1457134446.191341
