70 1460050527.598514
111 1460050527.727118
117 1460050527.823116
114 1460050528.023109
32 1460050528.127166
115 1460050528.271022
99 1460050528.383088
111 1460050528.550923
114 1460050528.662783
101 1460050528.743005
32 1460050528.838945
97 1460050528.974740
110 1460050529.070629
100 1460050529.190692
32 1460050529.270818
115 1460050529.422951
101 1460050529.502786
99 1460050529.623082
101 1460050529.830685
110 1460050529.974817
32 1460050530.158703
8 1460050530.774673
8 1460050530.934727
8 1460050531.094602
8 1460050531.246656
118 1460050531.510823
101 1460050531.815031
110 1460050531.998558
32 1460050532.118629
121 1460050532.350693
101 1460050532.574696
97 1460050532.622542
114 1460050532.710630
115 1460050532.862680
32 1460050532.958905
97 1460050533.062694
103 1460050533.142645
111 1460050533.270592
32 1460050533.390553
111 1460050533.527033
117 1460050533.630931
114 1460050534.206738
32 1460050534.382516
102 1460050534.751148
97 1460050534.910569
116 1460050535.014526
104 1460050535.134650
101 1460050535.246655
114 1460050535.302440
115 1460050535.454875
32 1460050535.574598
98 1460050535.670635
114 1460050535.910619
111 1460050535.998538
117 1460050536.054505
103 1460050536.142919
104 1460050536.279007
116 1460050536.406798
32 1460050536.510965
102 1460050536.630986
111 1460050536.711077
114 1460050536.846674
116 1460050537.054644
104 1460050537.175046
32 1460050537.254901
111 1460050537.390500
110 1460050537.454644
32 1460050537.566759
116 1460050537.630631
104 1460050537.750964
105 1460050537.806680
115 1460050537.942576
32 1460050538.022492
99 1460050538.214719
111 1460050538.279046
110 1460050538.375002
116 1460050538.606597
105 1460050538.774522
110 1460050538.854429
101 1460050539.070537
110 1460050539.142519
116 1460050539.335000
32 1460050539.414958
97 1460050539.558559
32 1460050539.654467
110 1460050539.934657
101 1460050540.038559
119 1460050540.151066
32 1460050540.262554
110 1460050540.422554
97 1460050540.518727
116 1460050540.630717
105 1460050540.670480
111 1460050540.734440
110 1460050540.790794
44 1460050541.031075
32 1460050541.127007
99 1460050541.326964
111 1460050541.422677
110 1460050541.502540
99 1460050541.678561
101 1460050541.886667
105 1460050542.062951
118 1460050542.199059
101 1460050542.302923
100 1460050542.518720
32 1460050542.630505
105 1460050542.782995
110 1460050542.878872
32 1460050542.926916
108 1460050543.110941
105 1460050543.190978
98 1460050543.286762
101 1460050543.462607
114 1460050543.534446
116 1460050543.774426
121 1460050544.006781
44 1460050544.150728
32 1460050544.262390
97 1460050544.438457
110 1460050544.550407
100 1460050544.670361
32 1460050544.758500
100 1460050544.886397
101 1460050545.086452
100 1460050545.294442
105 1460050545.414360
99 1460050545.510491
97 1460050545.630347
116 1460050545.734394
101 1460050545.830565
100 1460050546.038464
32 1460050546.142343
116 1460050546.270386
111 1460050546.342344
32 1460050546.454356
116 1460050546.518359
104 1460050546.622319
101 1460050546.710299
32 1460050546.822530
112 1460050546.950424
114 1460050547.062391
111 1460050547.182340
112 1460050547.350434
111 1460050547.494426
115 1460050547.718382
105 1460050547.822365
116 1460050547.958378
105 1460050548.054341
116 1460050548.486464
8 1460050548.943036
111 1460050549.214674
110 1460050549.358899
32 1460050549.518556
116 1460050549.678433
104 1460050549.758766
97 1460050549.854796
116 1460050549.942714
32 1460050549.990984
97 1460050550.174777
108 1460050550.230515
108 1460050550.390751
32 1460050550.438486
109 1460050550.590419
101 1460050550.734344
110 1460050550.870315
32 1460050550.998445
97 1460050551.158545
114 1460050551.262712
101 1460050551.382519
32 1460050551.494486
99 1460050551.654328
114 1460050551.902372
101 1460050552.014461
97 1460050552.102794
116 1460050552.190660
101 1460050552.294413
100 1460050552.486660
32 1460050552.630347
101 1460050552.806785
113 1460050552.982387
117 1460050553.078390
97 1460050553.190334
108 1460050553.310910
46 1460050553.606515
10 1460050553.894377
10 1460050554.254488
78 1460050554.934414
111 1460050555.158541
119 1460050555.318555
32 1460050555.414462
119 1460050555.558369
101 1460050555.678294
32 1460050555.798340
97 1460050555.918448
114 1460050555.998323
101 1460050556.110262
32 1460050556.206280
101 1460050556.382292
110 1460050556.494307
103 1460050556.606322
97 1460050556.718374
103 1460050556.814312
101 1460050556.926315
100 1460050557.126337
32 1460050557.206316
105 1460050557.342307
110 1460050557.414306
32 1460050557.494321
97 1460050557.582307
32 1460050557.686301
103 1460050557.782280
114 1460050557.998728
101 1460050558.118669
97 1460050558.214883
116 1460050558.342659
32 1460050558.614372
115 1460050558.918361
8 1460050559.182401
118 1460050559.326307
105 1460050559.486394
8 1460050559.902373
8 1460050560.070315
99 1460050560.142311
105 1460050560.350286
118 1460050560.518326
105 1460050560.870305
108 1460050560.998298
32 1460050561.126364
119 1460050561.294414
97 1460050561.406740
114 1460050561.518625
44 1460050561.582335
32 1460050561.694800
116 1460050561.806666
101 1460050561.934391
115 1460050562.038311
116 1460050562.118787
105 1460050562.222826
110 1460050562.302694
103 1460050562.406500
32 1460050562.526360
119 1460050562.622772
104 1460050563.118554
101 1460050563.358493
116 1460050563.494336
101 1460050563.894480
114 1460050563.966754
104 1460050564.118580
32 1460050564.206456
8 1460050564.486431
8 1460050564.662400
8 1460050564.822758
8 1460050564.958829
104 1460050565.190489
101 1460050565.294249
114 1460050565.374533
32 1460050565.510405
116 1460050565.630282
104 1460050565.718217
97 1460050565.806239
116 1460050565.870172
32 1460050565.958285
110 1460050566.110254
97 1460050566.206298
116 1460050566.286252
105 1460050566.390249
111 1460050566.438233
110 1460050566.510282
44 1460050566.758204
32 1460050566.838226
111 1460050567.022350
114 1460050567.166292
32 1460050567.246221
97 1460050567.414277
110 1460050567.470271
121 1460050567.606565
32 1460050567.726668
110 1460050567.894320
97 1460050568.046207
116 1460050568.158306
105 1460050568.278396
111 1460050568.310209
110 1460050568.406167
32 1460050568.494242
115 1460050568.622289
111 1460050568.694226
32 1460050568.814264
99 1460050568.950484
111 1460050569.406341
110 1460050569.590265
99 1460050569.814227
101 1460050570.126334
105 1460050570.446288
118 1460050570.598242
101 1460050570.678215
100 1460050570.878203
32 1460050570.974287
99 1460050571.174232
97 1460050571.294185
110 1460050571.366194
8 1460050571.702339
8 1460050571.878277
8 1460050572.022302
97 1460050572.174345
110 1460050572.286268
100 1460050572.414373
32 1460050572.502515
115 1460050572.670186
111 1460050572.758230
32 1460050572.862523
100 1460050573.006219
101 1460050573.206234
100 1460050573.430231
105 1460050573.558301
99 1460050573.654249
97 1460050573.798141
116 1460050573.894196
101 1460050573.990189
100 1460050574.198251
44 1460050574.246158
32 1460050574.334152
99 1460050574.470213
97 1460050574.574203
110 1460050574.622116
32 1460050574.726174
108 1460050575.206282
111 1460050575.398721
110 1460050575.502502
103 1460050575.614287
32 1460050575.686117
101 1460050575.846439
110 1460050575.926256
100 1460050576.062126
117 1460050576.174156
114 1460050576.310146
101 1460050576.462097
46 1460050576.622139
32 1460050576.718094
87 1460050576.934091
101 1460050577.158187
32 1460050577.262110
97 1460050577.366309
114 1460050577.438117
101 1460050577.542161
32 1460050577.646539
109 1460050577.766424
101 1460050577.846080
116 1460050577.958702
32 1460050578.038128
111 1460050578.222698
110 1460050578.278450
32 1460050578.374088
97 1460050578.478170
32 1460050578.590078
103 1460050578.654069
114 1460050578.894547
101 1460050579.014180
97 1460050579.134156
116 1460050579.262125
32 1460050579.398128
98 1460050579.558109
97 1460050579.710248
116 1460050579.814061
116 1460050579.974146
108 1460050580.078050
101 1460050580.190095
102 1460050580.382096
105 1460050580.494433
101 1460050580.638107
108 1460050580.750495
100 1460050580.878267
32 1460050580.982110
111 1460050581.126154
102 1460050581.246447
32 1460050581.334031
116 1460050581.470277
104 1460050581.574662
97 1460050581.614578
116 1460050581.694571
32 1460050581.774474
119 1460050582.198314
97 1460050582.358211
114 1460050582.430226
46 1460050582.766119
32 1460050582.870040
87 1460050583.174256
101 1460050583.414091
32 1460050583.502183
104 1460050583.686112
97 1460050583.774163
118 1460050584.078149
101 1460050584.254089
32 1460050584.382060
99 1460050584.574095
111 1460050584.646073
109 1460050584.734100
101 1460050584.878003
32 1460050584.974008
116 1460050585.078066
111 1460050585.174163
32 1460050585.246126
100 1460050585.350082
101 1460050585.550047
100 1460050585.766044
105 1460050585.870063
99 1460050585.934089
97 1460050586.094063
116 1460050586.174107
101 1460050586.270145
32 1460050586.406039
97 1460050586.558046
32 1460050586.622029
112 1460050586.814023
111 1460050586.982070
114 1460050587.110034
116 1460050587.318059
105 1460050587.398012
111 1460050587.494054
110 1460050587.606033
32 1460050587.670013
111 1460050587.838316
102 1460050587.958343
32 1460050588.038306
116 1460050588.198159
104 1460050588.270152
97 1460050588.366122
116 1460050588.438136
32 1460050588.533982
102 1460050588.685994
105 1460050588.750131
101 1460050588.902142
108 1460050588.982012
100 1460050589.142166
44 1460050589.398073
32 1460050589.494112
97 1460050589.646336
115 1460050589.750121
32 1460050589.846358
97 1460050589.990069
32 1460050590.070044
102 1460050590.254237
105 1460050590.366054
110 1460050590.462007
97 1460050590.590090
108 1460050590.662495
32 1460050590.742443
114 1460050590.926005
101 1460050591.062056
115 1460050591.198011
116 1460050591.293915
105 1460050591.389911
110 1460050591.469963
103 1460050591.581918
32 1460050591.669992
112 1460050591.782151
108 1460050591.886651
97 1460050591.942336
99 1460050592.030233
101 1460050592.174004
32 1460050592.197988
102 1460050592.390035
111 1460050592.509970
114 1460050592.654032
32 1460050592.758131
116 1460050592.853884
104 1460050592.941947
111 1460050592.981896
115 1460050593.061957
101 1460050593.141956
32 1460050593.269952
119 1460050593.381948
104 1460050593.445952
111 1460050593.517947
32 1460050593.597887
104 1460050593.902530
101 1460050594.022338
114 1460050594.150687
101 1460050594.294233
32 1460050594.366242
103 1460050594.501968
97 1460050594.661970
118 1460050594.757923
101 1460050594.910080
32 1460050595.014032
116 1460050595.150107
104 1460050595.278061
101 1460050595.381949
105 1460050595.846130
114 1460050596.022236
32 1460050596.126026
108 1460050596.414005
105 1460050596.533971
118 1460050596.621981
101 1460050596.742018
115 1460050596.813912
32 1460050596.886090
116 1460050596.989950
104 1460050597.085916
97 1460050597.158010
116 1460050597.245928
32 1460050597.341938
116 1460050597.525969
104 1460050597.662019
104 1460050598.910089
97 1460050599.054449
8 1460050599.366056
8 1460050599.542038
97 1460050599.629969
116 1460050599.709871
32 1460050599.853895
110 1460050600.398669
97 1460050600.518269
116 1460050600.606208
105 1460050600.725982
111 1460050600.773860
110 1460050600.861931
32 1460050601.494015
109 1460050601.886446
105 1460050602.142389
103 1460050602.254216
104 1460050602.350075
116 1460050602.485892
32 1460050602.758380
108 1460050603.237983
105 1460050603.445972
118 1460050603.557923
101 1460050603.661932
46 1460050603.789905
32 1460050603.933883
73 1460050604.462389
116 1460050604.718392
32 1460050604.821900
105 1460050605.029946
115 1460050605.166318
32 1460050605.270146
97 1460050605.686332
108 1460050605.790384
116 1460050606.013976
104 1460050606.085855
8 1460050606.630304
111 1460050606.870022
103 1460050607.206343
101 1460050607.822557
104 1460050608.446101
8 1460050608.734020
116 1460050608.885893
104 1460050608.989844
101 1460050609.117956
114 1460050609.230176
32 1460050609.381886
102 1460050609.678443
105 1460050609.750324
116 1460050609.990266
116 1460050610.190482
105 1460050610.262278
110 1460050610.334211
103 1460050610.470352
32 1460050610.558267
97 1460050610.838312
110 1460050610.917973
100 1460050611.053827
32 1460050611.165901
112 1460050611.349825
114 1460050611.469852
111 1460050611.589837
112 1460050611.805820
101 1460050612.374459
114 1460050612.454201
32 1460050612.582488
116 1460050613.014330
104 1460050613.429935
97 1460050613.541830
116 1460050613.613734
32 1460050613.749743
119 1460050613.917830
101 1460050614.037807
32 1460050614.157830
115 1460050614.293778
104 1460050614.373756
111 1460050614.453764
117 1460050614.557760
108 1460050614.709721
100 1460050614.821828
32 1460050614.918057
100 1460050615.046066
111 1460050615.102044
32 1460050615.213830
116 1460050615.301875
104 1460050615.389946
105 1460050615.445797
115 1460050615.629785
46 1460050615.749827
10 1460050615.949852
10 1460050616.230095
10 1460050616.693807
66 1460050616.965711
8 1460050617.189783
8 1460050617.381732
66 1460050617.613807
117 1460050617.741697
116 1460050617.917879
44 1460050618.454192
32 1460050618.614158
105 1460050618.909742
110 1460050619.005708
32 1460050619.077708
97 1460050619.213772
32 1460050619.277694
108 1460050619.413670
97 1460050619.717951
114 1460050619.797684
103 1460050620.037741
101 1460050620.205710
114 1460050620.285702
32 1460050620.341655
115 1460050620.509798
101 1460050620.613723
110 1460050620.749707
115 1460050620.853761
101 1460050620.909659
44 1460050621.013760
32 1460050621.109665
119 1460050621.237714
101 1460050621.301659
32 1460050621.445787
99 1460050621.557899
97 1460050621.677680
110 1460050621.717649
32 1460050621.853648
110 1460050622.037720
111 1460050622.109671
116 1460050622.246167
32 1460050622.334038
100 1460050622.470020
101 1460050622.670193
100 1460050622.861913
105 1460050622.974026
99 1460050623.054136
97 1460050623.213994
116 1460050623.278199
101 1460050623.397709
44 1460050623.565754
32 1460050623.661680
119 1460050623.773806
101 1460050623.829646
32 1460050623.949623
99 1460050624.141822
97 1460050624.309668
110 1460050624.565707
32 1460050624.701723
110 1460050624.901645
111 1460050625.061670
116 1460050625.589830
32 1460050625.749645
99 1460050626.045714
111 1460050626.173875
110 1460050626.645901
115 1460050626.894178
101 1460050627.093650
99 1460050627.293670
116 1460050627.549686
8 1460050628.029703
114 1460050628.117680
97 1460050628.477753
116 1460050628.581628
101 1460050628.709684
44 1460050628.893649
32 1460050628.989633
119 1460050629.141977
101 1460050629.237828
32 1460050629.350155
99 1460050629.477959
97 1460050629.622189
110 1460050629.758092
32 1460050629.837778
110 1460050630.013734
111 1460050630.061622
116 1460050630.709792
32 1460050632.342307
104 1460050632.550101
97 1460050632.734084
108 1460050633.062044
108 1460050633.245888
111 1460050633.429662
119 1460050633.590098
32 1460050633.662114
116 1460050633.790005
104 1460050633.885817
105 1460050633.941836
115 1460050634.053606
32 1460050634.126034
103 1460050634.262066
114 1460050634.485719
111 1460050634.541568
117 1460050634.581521
100 1460050634.981742
8 1460050635.533662
110 1460050635.749557
100 1460050635.901626
46 1460050635.981643
32 1460050636.093547
84 1460050636.389547
104 1460050636.517578
101 1460050636.637692
32 1460050636.741487
98 1460050636.893618
114 1460050637.109541
97 1460050637.269628
118 1460050637.437663
101 1460050637.925628
32 1460050638.061559
109 1460050638.285597
101 1460050638.421538
110 1460050638.493529
44 1460050638.678080
32 1460050638.790021
108 1460050638.981511
105 1460050639.077547
118 1460050639.237650
105 1460050639.341609
110 1460050639.413502
103 1460050639.533486
32 1460050639.653621
97 1460050639.741555
110 1460050639.861567
100 1460050639.965489
32 1460050640.069544
100 1460050640.157565
101 1460050640.357564
97 1460050640.501495
100 1460050640.557523
44 1460050640.693627
32 1460050640.789532
119 1460050641.293550
104 1460050641.373579
111 1460050641.429987
32 1460050641.533855
115 1460050641.661671
116 1460050641.765615
114 1460050641.981441
117 1460050642.109650
103 1460050642.365794
103 1460050642.509672
108 1460050642.605577
101 1460050642.725550
100 1460050642.909666
32 1460050642.989707
104 1460050643.149631
101 1460050643.237520
114 1460050643.349587
101 1460050643.469665
44 1460050643.581664
32 1460050643.653512
104 1460050643.861577
97 1460050643.893463
118 1460050643.997604
101 1460050644.101537
32 1460050644.189529
99 1460050644.357492
111 1460050644.437427
110 1460050644.525496
115 1460050644.669545
101 1460050644.853509
99 1460050645.101509
114 1460050645.357495
97 1460050645.709543
116 1460050645.805437
101 1460050645.933443
100 1460050646.141598
32 1460050646.413671
105 1460050646.614058
116 1460050646.741605
44 1460050646.885531
32 1460050646.997519
102 1460050647.261621
97 1460050647.430018
114 1460050647.525718
32 1460050647.621544
97 1460050647.725492
98 1460050647.829462
111 1460050647.917424
118 1460050648.117484
101 1460050648.213408
32 1460050648.349525
111 1460050648.541731
117 1460050648.653873
114 1460050648.789877
32 1460050648.869625
112 1460050649.053658
111 1460050649.149922
111 1460050649.325607
114 1460050649.485429
32 1460050649.621533
112 1460050649.789415
111 1460050649.853488
119 1460050649.949941
101 1460050650.037692
114 1460050650.125492
32 1460050650.221673
116 1460050650.605573
111 1460050650.677405
32 1460050650.781478
97 1460050650.917419
100 1460050651.005378
100 1460050651.189527
32 1460050651.301512
111 1460050651.461771
114 1460050651.557632
32 1460050651.653389
100 1460050651.789944
101 1460050651.989690
116 1460050652.133936
114 1460050652.325460
97 1460050652.501969
99 1460050652.581875
116 1460050652.829945
46 1460050652.925724
32 1460050653.005337
84 1460050653.165345
104 1460050653.261342
101 1460050653.381362
32 1460050653.493448
119 1460050653.621480
111 1460050653.733443
114 1460050653.829336
108 1460050653.965369
100 1460050654.085419
32 1460050654.165366
119 1460050654.317563
105 1460050654.397542
108 1460050654.453377
108 1460050654.629445
32 1460050654.725405
108 1460050654.877386
105 1460050654.957361
116 1460050655.077392
116 1460050655.253446
108 1460050655.341408
101 1460050655.493362
32 1460050655.541378
110 1460050655.709489
111 1460050655.773412
116 1460050655.885406
101 1460050656.069451
44 1460050656.357485
32 1460050656.453446
110 1460050656.813466
111 1460050656.877362
114 1460050657.013324
32 1460050657.109492
108 1460050657.237402
111 1460050657.421792
110 1460050657.533326
103 1460050657.629802
32 1460050657.741907
114 1460050657.853782
101 1460050657.989462
109 1460050658.077374
101 1460050658.197346
109 1460050658.253302
98 1460050658.757832
101 1460050659.021455
114 1460050659.117383
32 1460050659.205295
119 1460050659.333363
104 1460050659.709453
97 1460050659.813279
116 1460050659.885273
32 1460050659.957290
119 1460050660.085318
101 1460050660.181430
32 1460050660.261348
115 1460050660.405317
97 1460050660.589445
121 1460050660.677437
32 1460050660.805338
104 1460050660.997309
101 1460050661.093310
114 1460050661.189357
101 1460050661.309294
44 1460050661.437286
32 1460050661.501270
98 1460050661.661340
117 1460050661.781345
116 1460050661.909361
32 1460050661.997555
105 1460050662.157547
116 1460050662.877698
32 1460050662.997398
99 1460050663.189802
97 1460050663.317644
110 1460050663.405687
32 1460050663.493320
110 1460050663.661354
101 1460050663.781295
118 1460050663.869355
101 1460050664.029231
114 1460050664.149369
32 1460050664.221268
102 1460050664.397274
111 1460050664.485266
114 1460050664.621461
103 1460050664.829286
101 1460050664.965259
116 1460050665.045404
32 1460050665.141410
119 1460050665.293375
104 1460050665.381782
97 1460050665.461447
116 1460050665.541542
32 1460050665.621347
116 1460050665.757276
104 1460050665.869273
101 1460050665.957233
121 1460050666.045259
32 1460050666.117343
100 1460050666.309533
105 1460050666.413481
100 1460050666.517417
32 1460050666.621294
104 1460050666.757737
101 1460050666.861873
114 1460050666.949747
101 1460050667.077688
46 1460050667.221882
32 1460050667.277813
73 1460050667.517711
116 1460050667.669274
32 1460050667.741261
105 1460050667.925311
115 1460050668.077761
32 1460050668.141566
102 1460050668.309632
111 1460050668.421239
114 1460050668.589368
32 1460050668.669425
117 1460050668.853457
115 1460050669.013389
32 1460050669.069339
116 1460050669.189311
104 1460050669.253224
101 1460050669.389293
32 1460050669.453273
108 1460050669.597245
105 1460050669.677159
118 1460050669.781146
105 1460050669.901728
110 1460050669.997609
103 1460050670.093959
44 1460050670.221475
32 1460050670.325267
114 1460050670.437226
97 1460050670.581215
116 1460050670.693196
104 1460050670.781276
101 1460050670.917717
114 1460050670.989344
44 1460050671.157454
32 1460050671.237766
116 1460050671.525708
111 1460050671.629264
32 1460050671.741603
116 1460050671.917348
8 1460050672.181324
98 1460050672.293164
101 1460050672.485236
32 1460050672.605287
100 1460050672.741223
101 1460050673.085297
100 1460050673.333293
105 1460050673.437278
99 1460050673.789391
97 1460050673.973197
116 1460050674.037215
101 1460050674.157343
100 1460050674.405318
32 1460050674.533269
104 1460050674.685358
101 1460050674.773250
114 1460050674.885236
101 1460050675.005261
32 1460050675.301327
116 1460050675.565737
111 1460050675.645697
32 1460050675.749756
116 1460050675.821282
104 1460050675.941639
101 1460050676.021328
32 1460050676.181390
32 1460050676.277190
117 1460050676.533162
8 1460050676.821237
8 1460050676.989141
117 1460050677.229319
110 1460050677.437261
102 1460050677.845232
105 1460050677.973186
110 1460050678.085160
105 1460050678.213229
115 1460050678.533200
104 1460050678.637265
101 1460050678.757761
100 1460050678.949232
32 1460050678.997099
119 1460050679.149317
111 1460050679.237316
114 1460050679.381163
107 1460050679.461197
32 1460050679.541147
119 1460050679.645202
104 1460050679.749159
105 1460050679.901093
99 1460050680.061215
104 1460050680.117170
32 1460050680.213152
116 1460050680.349122
104 1460050680.445156
101 1460050680.589155
121 1460050680.645093
32 1460050680.781083
119 1460050680.909103
104 1460050681.029108
111 1460050681.117270
32 1460050681.221147
102 1460050681.373135
111 1460050681.509069
117 1460050681.605190
103 1460050681.709666
104 1460050681.845385
116 1460050681.973563
32 1460050682.069507
104 1460050682.269299
101 1460050682.421125
114 1460050682.517076
101 1460050682.637558
32 1460050682.725225
104 1460050682.885206
97 1460050682.949205
118 1460050683.045129
101 1460050683.141231
32 1460050683.229155
116 1460050683.389261
104 1460050683.429132
117 1460050683.637164
115 1460050683.733052
32 1460050683.821184
102 1460050683.925091
97 1460050684.061629
114 1460050684.165514
32 1460050684.253179
115 1460050684.381143
111 1460050684.453130
32 1460050684.581140
110 1460050684.837470
111 1460050684.965344
98 1460050685.245230
108 1460050685.341171
121 1460050685.549165
32 1460050685.693111
97 1460050685.885142
100 1460050686.085055
118 1460050686.309721
97 1460050686.445325
110 1460050686.605136
99 1460050686.701064
101 1460050686.789622
100 1460050687.005576
46 1460050687.085350
32 1460050687.173556
73 1460050687.389387
116 1460050687.525008
32 1460050687.621115
105 1460050687.805061
115 1460050687.917113
32 1460050688.005110
114 1460050688.141545
97 1460050688.261474
116 1460050688.365631
104 1460050688.445499
101 1460050688.573466
114 1460050688.645290
32 1460050688.693644
102 1460050688.901247
111 1460050688.973191
114 1460050689.173475
32 1460050689.269626
117 1460050689.461527
115 1460050689.573172
32 1460050689.693203
116 1460050689.813138
111 1460050689.893048
32 1460050689.981087
98 1460050690.085109
101 1460050690.269294
32 1460050690.325170
104 1460050690.501292
101 1460050690.589151
114 1460050690.661417
101 1460050690.797096
32 1460050690.885560
100 1460050691.045680
101 1460050691.365470
100 1460050691.581442
105 1460050691.693085
99 1460050691.773662
97 1460050691.909186
116 1460050692.005026
101 1460050692.109064
100 1460050692.317079
32 1460050692.413031
116 1460050692.565048
111 1460050692.621001
32 1460050692.733026
116 1460050692.805351
104 1460050692.916970
101 1460050692.996964
32 1460050693.093050
103 1460050693.173043
114 1460050693.397135
101 1460050693.517013
97 1460050693.605032
116 1460050693.677000
32 1460050693.797034
116 1460050693.908953
97 1460050694.036916
115 1460050694.149108
107 1460050694.252958
32 1460050694.348929
114 1460050694.500962
97 1460050694.677062
109 1460050694.772971
8 1460050695.221061
8 1460050695.381067
101 1460050695.525381
109 1460050695.653135
97 1460050695.844981
105 1460050695.949007
110 1460050696.061488
105 1460050696.237111
110 1460050696.316978
103 1460050696.589000
32 1460050696.677265
116 1460050696.965021
8 1460050697.261159
98 1460050697.372987
101 1460050697.613350
102 1460050697.741493
111 1460050697.877457
114 1460050698.021069
101 1460050698.101054
32 1460050698.196982
117 1460050698.893430
115 1460050699.085444
45 1460050699.173277
116 1460050699.397376
104 1460050699.509178
97 1460050699.621347
116 1460050699.700947
32 1460050699.804922
102 1460050699.996923
114 1460050700.197046
111 1460050700.277461
109 1460050700.357288
32 1460050700.429115
116 1460050700.508966
104 1460050700.652956
101 1460050701.061559
115 1460050701.253242
101 1460050701.341206
32 1460050701.468988
104 1460050702.213699
111 1460050702.501390
110 1460050702.749121
111 1460050702.964931
114 1460050703.205374
101 1460050703.317359
100 1460050703.533270
32 1460050703.621131
100 1460050703.757240
101 1460050703.932989
97 1460050704.117244
100 1460050704.141130
32 1460050704.492881
119 1460050704.676876
101 1460050704.764940
32 1460050704.892936
116 1460050705.045104
97 1460050705.173388
107 1460050705.253400
101 1460050705.397316
32 1460050705.469137
105 1460050705.628950
110 1460050705.700921
99 1460050705.788879
114 1460050705.996928
101 1460050706.093249
97 1460050706.165064
115 1460050706.325113
101 1460050706.413095
100 1460050706.653459
32 1460050706.749407
100 1460050706.869357
101 1460050707.053041
118 1460050707.229398
111 1460050707.621057
116 1460050707.804936
105 1460050707.940842
111 1460050707.996806
110 1460050708.100833
32 1460050708.220931
116 1460050708.420871
111 1460050708.500900
32 1460050708.612883
116 1460050708.692836
104 1460050708.820859
97 1460050708.949232
116 1460050709.029430
32 1460050709.149092
99 1460050709.317057
117 1460050709.444875
97 1460050709.500847
115 1460050709.596895
101 1460050709.716904
8 1460050710.069343
8 1460050710.253272
8 1460050710.389200
8 1460050710.549292
97 1460050710.653417
117 1460050710.812946
115 1460050710.916910
101 1460050711.004802
32 1460050711.124992
102 1460050711.325297
111 1460050711.421329
114 1460050711.557343
32 1460050711.668880
119 1460050711.852839
104 1460050711.972975
105 1460050712.132836
99 1460050712.300812
104 1460050712.364788
32 1460050712.452785
116 1460050712.580835
104 1460050712.660963
101 1460050712.988929
121 1460050713.132961
32 1460050713.252838
103 1460050713.540855
97 1460050713.708794
118 1460050713.820843
101 1460050713.924808
32 1460050714.052817
116 1460050714.172820
104 1460050714.292922
101 1460050714.396870
32 1460050714.476874
108 1460050714.628829
97 1460050714.708774
115 1460050714.780754
116 1460050714.860847
32 1460050714.996871
102 1460050715.116878
117 1460050715.204786
108 1460050715.284758
108 1460050715.444847
32 1460050715.508749
109 1460050715.668836
101 1460050715.764760
97 1460050715.868762
115 1460050715.948768
117 1460050716.068753
114 1460050716.284906
101 1460050716.396784
32 1460050716.468782
111 1460050716.661112
102 1460050716.781102
32 1460050716.852904
100 1460050716.980924
101 1460050717.180883
118 1460050717.356917
111 1460050717.565486
116 1460050718.140971
105 1460050718.276886
111 1460050718.356830
110 1460050718.437119
32 1460050718.572797
45 1460050718.845259
8 1460050719.037271
8 1460050719.212881
45 1460050719.308966
116 1460050719.564969
104 1460050719.724904
97 1460050719.860831
116 1460050719.956769
32 1460050720.076805
119 1460050720.196852
101 1460050720.300789
32 1460050720.428847
104 1460050720.620888
101 1460050720.692911
114 1460050720.788728
101 1460050720.916773
32 1460050721.028823
104 1460050721.220779
105 1460050721.340764
103 1460050721.476768
104 1460050721.556755
108 1460050721.700766
121 1460050721.812749
32 1460050721.956825
114 1460050722.117184
101 1460050722.228859
115 1460050722.420749
111 1460050722.508765
108 1460050722.676795
118 1460050722.772771
101 1460050722.908745
32 1460050722.996857
116 1460050723.132815
104 1460050723.212826
97 1460050723.309320
116 1460050723.405144
32 1460050723.508798
116 1460050723.636711
104 1460050723.741246
101 1460050723.844854
115 1460050724.037063
101 1460050724.116867
32 1460050724.244833
100 1460050724.364691
101 1460050724.572697
97 1460050724.676763
100 1460050724.812730
32 1460050724.948735
115 1460050725.068745
104 1460050725.180803
97 1460050725.484755
108 1460050725.596795
108 1460050725.740766
32 1460050725.893173
110 1460050726.069059
111 1460050726.141253
116 1460050726.300806
32 1460050726.444699
104 1460050726.636794
97 1460050726.668755
118 1460050726.772718
101 1460050726.868704
32 1460050726.956743
100 1460050727.124835
105 1460050727.228892
101 1460050727.380801
100 1460050727.588800
32 1460050727.684793
105 1460050727.836722
110 1460050727.924691
32 1460050728.028685
118 1460050728.188779
97 1460050728.308682
105 1460050728.428737
116 1460050728.588762
45 1460050728.700762
8 1460050729.132823
8 1460050729.284730
110 1460050729.492665
45 1460050729.692820
32 1460050729.852687
8 1460050730.172822
116 1460050730.396764
104 1460050730.524714
97 1460050730.596632
116 1460050730.692744
32 1460050730.836761
116 1460050731.012636
104 1460050731.092682
105 1460050731.276676
115 1460050731.604678
32 1460050731.716691
110 1460050731.932661
97 1460050732.052696
116 1460050732.172837
105 1460050732.228723
111 1460050732.300737
110 1460050732.364651
44 1460050732.588713
32 1460050732.676552
117 1460050732.876688
110 1460050733.068664
100 1460050733.164672
101 1460050733.348603
114 1460050733.428639
32 1460050733.564647
71 1460050733.716658
111 1460050733.812640
100 1460050734.012614
44 1460050734.172691
32 1460050734.284730
115 1460050734.605180
104 1460050734.733008
97 1460050734.852986
108 1460050734.932859
108 1460050735.108625
32 1460050735.212823
104 1460050735.509237
97 1460050735.620764
118 1460050735.717015
101 1460050735.844905
32 1460050735.940626
97 1460050736.069164
32 1460050736.165047
110 1460050736.356939
101 1460050736.460666
119 1460050736.556545
32 1460050737.348905
98 1460050737.580866
105 1460050737.948708
114 1460050738.092565
116 1460050738.292727
104 1460050738.372558
32 1460050738.460627
111 1460050738.628660
102 1460050738.748545
32 1460050738.844568
102 1460050739.004616
114 1460050739.261185
101 1460050739.364929
101 1460050739.556556
100 1460050740.172675
111 1460050740.260760
109 1460050740.364500
45 1460050740.844689
97 1460050741.116692
110 1460050741.204576
100 1460050741.324554
32 1460050741.436522
116 1460050741.524692
104 1460050741.637137
97 1460050741.676965
116 1460050741.780576
32 1460050741.884540
103 1460050742.140725
111 1460050742.316532
118 1460050742.484622
101 1460050742.693163
114 1460050742.861126
110 1460050742.997017
109 1460050743.228639
101 1460050743.620637
110 1460050743.724559
116 1460050743.868536
32 1460050743.964529
111 1460050744.156592
102 1460050744.260522
32 1460050744.324488
116 1460050744.500513
104 1460050744.564519
101 1460050744.684522
32 1460050744.764522
112 1460050745.060618
101 1460050745.172604
111 1460050745.276525
112 1460050745.372503
108 1460050745.492732
101 1460050745.612890
44 1460050745.772731
32 1460050745.860755
98 1460050745.964910
117 1460050746.100693
116 1460050746.204528
8 1460050746.556549
8 1460050746.724528
121 1460050746.948897
32 1460050747.108762
116 1460050747.573211
104 1460050747.684880
101 1460050747.796493
32 1460050747.908469
112 1460050748.084592
101 1460050748.164570
111 1460050748.324505
112 1460050748.444450
108 1460050748.556569
101 1460050748.724917
44 1460050748.860495
32 1460050748.956415
102 1460050749.644618
111 1460050749.748633
114 1460050749.940474
32 1460050750.052452
116 1460050750.180630
104 1460050750.292501
101 1460050750.380532
32 1460050750.492540
112 1460050750.668611
101 1460050750.804480
111 1460050750.916438
112 1460050751.004432
108 1460050751.124542
101 1460050751.244575
44 1460050751.444489
32 1460050751.548805
115 1460050751.645025
104 1460050751.756778
97 1460050751.860763
108 1460050751.956648
108 1460050752.100461
32 1460050752.252455
110 1460050752.692900
111 1460050752.788961
116 1460050753.132521
32 1460050753.284593
112 1460050753.436546
101 1460050753.628470
114 1460050753.804517
105 1460050753.972526
115 1460050754.132952
104 1460050754.204870
32 1460050754.372762
102 1460050754.636479
114 1460050754.860717
111 1460050754.924610
109 1460050754.988560
32 1460050755.084416
116 1460050755.180449
104 1460050755.276429
101 1460050755.372444
32 1460050755.468840
101 1460050755.612833
97 1460050755.740834
114 1460050755.820439
116 1460050756.020398
104 1460050756.076396
46 1460050756.300446
10 1460050756.684521
10 1460050760.140888
10 1460050760.340984
