83 1457386645.918228
111 1457386646.086174
109 1457386646.238120
101 1457386646.382210
32 1457386646.782220
112 1457386647.238215
101 1457386647.382292
111 1457386647.478257
112 1457386647.566142
108 1457386647.790334
101 1457386647.878232
32 1457386648.006122
102 1457386648.166171
101 1457386648.390204
108 1457386648.502202
108 1457386648.678241
32 1457386648.814155
8 1457386649.246178
8 1457386649.430196
8 1457386649.590163
101 1457386649.710212
108 1457386649.822148
32 1457386649.958177
116 1457386650.118164
97 1457386650.246153
104 1457386650.259566
116 1457386650.414273
32 1457386650.427859
8 1457386650.838234
8 1457386651.006114
8 1457386651.166131
8 1457386652.022195
97 1457386652.590124
8 1457386652.862144
104 1457386653.086154
97 1457386653.222115
116 1457386653.342163
32 1457386653.462185
116 1457386653.726145
104 1457386653.798158
101 1457386653.918098
32 1457386654.006301
99 1457386654.230327
111 1457386654.310174
109 1457386654.430113
109 1457386654.638148
97 1457386654.798142
110 1457386654.950219
100 1457386655.030123
109 1457386655.238090
101 1457386655.350099
110 1457386655.462079
116 1457386655.558158
115 1457386655.702102
32 1457386655.870112
97 1457386656.054136
114 1457386656.150103
101 1457386656.230083
32 1457386656.310084
98 1457386656.654087
117 1457386656.774061
114 1457386657.630119
100 1457386657.822243
101 1457386658.038164
110 1457386658.190103
115 1457386658.326091
111 1457386658.462017
109 1457386658.582088
101 1457386658.766041
32 1457386658.926093
97 1457386659.262061
110 1457386659.374163
100 1457386659.470090
32 1457386659.590098
116 1457386659.726027
97 1457386659.870076
104 1457386659.900229
116 1457386660.006051
32 1457386660.070097
8 1457386660.486116
8 1457386660.670099
8 1457386660.862085
8 1457386661.046160
104 1457386661.238024
97 1457386661.302139
116 1457386661.478107
32 1457386661.508081
116 1457386661.694046
104 1457386662.422050
101 1457386662.718051
121 1457386662.830076
32 1457386663.038113
108 1457386663.262005
105 1457386663.462057
109 1457386663.518013
105 1457386663.638034
116 1457386663.862063
32 1457386663.982052
102 1457386665.102097
114 1457386665.302075
101 1457386665.510048
101 1457386665.686048
100 1457386665.910015
111 1457386666.030052
109 1457386666.150028
32 1457386666.270041
97 1457386666.390028
110 1457386666.534072
100 1457386666.606127
32 1457386666.670069
112 1457386666.862032
101 1457386666.958035
114 1457386667.102091
115 1457386667.230000
111 1457386667.341971
110 1457386667.454026
97 1457386667.541957
108 1457386667.685975
32 1457386667.806059
103 1457386668.054062
114 1457386668.245971
111 1457386668.358029
116 1457386668.494007
8 1457386669.013965
119 1457386669.141992
116 1457386669.589958
104 1457386669.685977
46 1457386670.021997
32 1457386670.133985
66 1457386670.637967
117 1457386670.773915
116 1457386670.909938
32 1457386671.005944
116 1457386671.133959
104 1457386671.189962
101 1457386671.286002
32 1457386671.357998
83 1457386671.741932
97 1457386671.941954
118 1457386672.366038
105 1457386672.485975
111 1457386672.573975
114 1457386672.685973
32 1457386672.821954
116 1457386673.717978
97 1457386674.669989
117 1457386674.877959
103 1457386675.069984
104 1457386675.149927
116 1457386675.293928
32 1457386675.405891
116 1457386676.151141
104 1457386676.246016
97 1457386676.302116
116 1457386676.397925
32 1457386676.469889
116 1457386676.677902
104 1457386676.765898
8 1457386677.165949
8 1457386677.349928
116 1457386678.269916
114 1457386678.582079
117 1457386678.749978
101 1457386678.853914
32 1457386678.981916
102 1457386679.141915
114 1457386679.365905
101 1457386679.501868
101 1457386679.733910
100 1457386680.013823
111 1457386680.141890
109 1457386680.277925
32 1457386680.405902
99 1457386680.629913
111 1457386680.717997
109 1457386680.805960
101 1457386680.917885
115 1457386681.157954
32 1457386681.333890
111 1457386681.805919
110 1457386681.901873
108 1457386682.077866
121 1457386682.269836
32 1457386682.405819
102 1457386683.029879
114 1457386683.237947
111 1457386683.469858
109 1457386683.645965
32 1457386683.813896
102 1457386684.109867
111 1457386684.197957
108 1457386684.397886
108 1457386684.525944
111 1457386684.725967
119 1457386685.277857
105 1457386685.405872
110 1457386685.517881
103 1457386685.579659
32 1457386685.701846
72 1457386686.246027
73 1457386686.333939
109 1457386686.525849
101 1457386686.677733
8 1457386686.973836
8 1457386687.149835
8 1457386687.661995
105 1457386687.901862
109 1457386688.021864
58 1457386689.109821
32 1457386689.261787
34 1457386689.565841
32 1457386689.901811
8 1457386690.525783
73 1457386690.813792
102 1457386691.117780
32 1457386691.221720
121 1457386691.413819
101 1457386692.165790
32 1457386692.373770
99 1457386692.733832
111 1457386692.821857
110 1457386692.933884
116 1457386693.149771
105 1457386693.245731
110 1457386693.325754
117 1457386693.653795
101 1457386693.765807
32 1457386693.941762
105 1457386694.077711
110 1457386694.157752
32 1457386694.269704
109 1457386694.453775
121 1457386694.741751
32 1457386695.661716
119 1457386695.821852
111 1457386695.909771
114 1457386696.037701
100 1457386696.221759
44 1457386696.461729
32 1457386696.541678
116 1457386696.973726
104 1457386697.085717
101 1457386697.173710
110 1457386697.317727
32 1457386697.437718
97 1457386697.533899
114 1457386697.621751
101 1457386697.709732
32 1457386697.821756
121 1457386698.317714
101 1457386698.477774
32 1457386698.613841
109 1457386698.797731
121 1457386699.037776
32 1457386699.197729
100 1457386699.461770
105 1457386699.597747
115 1457386699.733770
99 1457386700.037776
105 1457386700.189752
112 1457386700.605673
108 1457386700.893718
101 1457386701.013708
115 1457386701.173775
32 1457386701.933695
105 1457386702.397662
110 1457386702.525721
100 1457386702.597685
101 1457386702.813725
101 1457386702.981698
100 1457386703.181752
39 1457386703.589685
8 1457386704.301679
59 1457386704.965708
32 1457386705.101704
97 1457386705.893661
110 1457386705.997716
100 1457386706.109616
32 1457386706.205656
121 1457386706.333665
101 1457386706.421633
32 1457386706.629678
115 1457386706.989773
104 1457386707.093695
97 1457386707.221657
108 1457386707.365652
108 1457386707.525651
32 1457386707.629713
107 1457386707.837816
110 1457386707.957651
111 1457386708.037554
119 1457386708.165574
32 1457386708.333629
116 1457386708.557648
104 1457386709.517654
101 1457386709.661659
32 1457386709.829642
116 1457386710.133632
114 1457386710.797636
117 1457386711.045640
116 1457386711.237622
104 1457386711.373609
44 1457386711.893588
32 1457386712.005588
97 1457386712.285636
110 1457386712.389708
100 1457386712.501606
32 1457386712.581550
116 1457386712.957565
104 1457386713.085660
116 1457386713.205739
8 1457386713.725551
101 1457386713.893566
32 1457386714.069577
116 1457386714.349562
114 1457386714.557629
117 1457386714.685633
116 1457386715.205622
104 1457386715.317608
32 1457386715.477500
115 1457386715.709693
104 1457386715.853544
97 1457386715.973562
108 1457386716.125623
108 1457386716.301551
32 1457386716.437535
109 1457386716.669553
97 1457386716.749456
107 1457386716.901567
101 1457386716.997590
32 1457386717.101629
121 1457386717.285615
111 1457386717.437562
117 1457386717.541512
32 1457386717.717550
102 1457386718.117524
114 1457386718.589526
101 1457386718.789543
101 1457386718.965530
34 1457386719.557588
32 1457386719.933517
40 1457386720.925490
74 1457386721.349449
111 1457386721.565524
104 1457386721.661512
110 1457386721.853812
32 1457386722.613510
56 1457386724.109474
58 1457386724.829505
51 1457386725.541461
49 1457386725.757463
45 1457386727.013463
51 1457386728.581437
50 1457386728.765496
41 1457386730.069459
46 1457386730.677440
32 1457386730.885418
71 1457386731.573423
111 1457386731.717425
100 1457386731.837414
32 1457386732.213391
103 1457386732.781446
105 1457386732.869409
118 1457386733.013374
101 1457386733.157373
115 1457386733.317403
32 1457386733.509554
99 1457386733.765405
111 1457386733.845371
109 1457386733.957370
109 1457386734.181395
97 1457386734.397386
110 1457386734.901403
100 1457386735.117358
109 1457386735.317408
101 1457386735.413370
110 1457386735.565408
116 1457386735.629329
115 1457386735.789416
32 1457386735.909342
102 1457386736.189373
111 1457386736.261337
114 1457386736.381363
32 1457386736.477364
111 1457386736.589414
117 1457386736.685398
114 1457386736.845385
32 1457386736.949359
98 1457386737.309368
101 1457386737.477365
110 1457386737.557326
101 1457386737.677352
105 1457386738.053337
102 1457386738.189314
116 1457386738.373327
8 1457386738.725362
8 1457386738.861354
8 1457386739.045340
102 1457386739.437377
105 1457386739.565352
116 1457386739.693367
46 1457386740.061368
32 1457386740.205478
84 1457386740.933309
104 1457386741.085462
101 1457386741.181343
121 1457386741.309364
32 1457386741.461328
97 1457386741.933370
114 1457386742.029457
101 1457386742.125318
32 1457386742.253342
108 1457386742.885311
111 1457386743.077295
118 1457386743.181306
105 1457386743.301265
110 1457386743.405309
103 1457386743.465963
32 1457386743.597229
105 1457386744.101280
110 1457386744.189545
115 1457386744.269267
116 1457386744.429263
114 1457386744.613322
117 1457386744.741335
99 1457386744.901269
116 1457386745.053311
105 1457386745.133190
111 1457386745.196843
110 1457386745.259302
115 1457386745.373304
32 1457386745.629306
102 1457386746.637260
111 1457386746.717214
114 1457386746.861270
32 1457386746.924018
111 1457386747.037234
117 1457386747.173270
114 1457386747.309241
32 1457386747.397444
104 1457386748.093261
97 1457386748.197261
112 1457386748.349306
112 1457386748.533263
105 1457386748.693263
110 1457386748.781345
101 1457386748.917245
115 1457386749.101266
115 1457386749.269259
32 1457386749.381320
97 1457386749.485233
110 1457386749.552580
100 1457386749.669277
32 1457386749.730138
102 1457386749.941274
111 1457386750.061289
114 1457386750.165352
32 1457386750.237240
111 1457386750.365229
117 1457386750.469266
114 1457386750.621243
32 1457386750.725180
112 1457386750.965206
104 1457386751.101275
121 1457386751.325224
115 1457386751.541227
99 1457386751.997199
105 1457386752.109238
97 1457386752.261178
8 1457386752.669217
8 1457386752.821239
8 1457386752.997252
105 1457386753.237229
99 1457386753.461234
97 1457386753.605219
108 1457386753.741256
32 1457386754.205209
97 1457386754.325239
110 1457386754.405203
100 1457386754.517242
32 1457386754.589225
115 1457386754.733175
112 1457386754.893217
105 1457386755.229239
114 1457386755.373165
105 1457386755.933246
116 1457386756.077157
117 1457386756.189179
97 1457386756.309181
108 1457386756.493215
32 1457386756.669207
119 1457386756.997193
101 1457386757.221229
108 1457386757.693198
108 1457386757.861186
45 1457386758.765172
103 1457386759.053193
8 1457386759.549309
98 1457386759.693192
101 1457386759.901164
105 1457386760.021230
110 1457386760.085052
103 1457386760.197094
46 1457386760.477142
10 1457386761.061160
10 1457386761.365121
73 1457386762.829237
110 1457386763.533131
32 1457386763.773225
116 1457386763.917084
104 1457386763.989061
101 1457386764.093101
32 1457386764.156824
112 1457386764.589089
114 1457386764.725122
101 1457386764.821072
111 1457386764.989149
109 1457386765.125148
8 1457386765.821134
8 1457386766.053083
109 1457386767.053129
111 1457386767.141101
114 1457386767.325040
116 1457386767.581120
97 1457386767.797045
108 1457386767.933106
32 1457386768.125049
101 1457386768.605077
120 1457386768.853066
105 1457386769.013031
115 1457386769.293105
116 1457386769.445077
97 1457386769.589124
8 1457386770.021105
101 1457386770.157061
110 1457386770.317061
99 1457386770.421076
101 1457386770.621101
44 1457386770.773057
32 1457386770.909019
72 1457386771.685051
101 1457386771.877192
101 1457386772.189037
97 1457386772.565007
8 1457386772.813048
8 1457386772.981027
97 1457386773.277059
118 1457386773.501015
101 1457386773.725054
110 1457386774.149051
108 1457386774.437049
121 1457386774.612985
32 1457386774.781034
70 1457386775.181056
97 1457386775.364966
116 1457386775.516994
104 1457386775.652975
101 1457386775.735868
114 1457386775.852977
32 1457386775.919908
112 1457386776.741003
114 1457386776.828942
101 1457386776.925043
115 1457386777.101028
105 1457386777.268989
100 1457386777.365053
101 1457386777.556954
100 1457386777.716971
32 1457386777.828991
111 1457386777.925108
118 1457386778.108939
101 1457386778.252921
114 1457386778.364987
32 1457386778.484970
97 1457386778.548900
32 1457386778.645061
103 1457386778.828955
114 1457386779.029018
101 1457386779.095066
97 1457386779.204941
116 1457386779.316950
32 1457386779.461012
67 1457386779.852984
111 1457386780.005065
117 1457386780.084976
110 1457386780.285008
99 1457386780.708962
101 1457386780.949091
8 1457386781.500921
105 1457386781.724980
108 1457386781.916948
32 1457386782.076918
105 1457386782.228913
110 1457386782.308915
32 1457386782.396809
104 1457386783.741058
101 1457386783.828946
97 1457386783.956946
8 1457386784.428933
8 1457386784.589135
8 1457386784.772899
72 1457386785.052953
101 1457386785.172931
97 1457386785.324926
118 1457386785.772995
101 1457386785.972919
110 1457386786.452966
46 1457386786.764916
32 1457386786.900885
84 1457386787.316886
104 1457386787.413028
101 1457386787.524867
114 1457386787.590378
101 1457386787.692881
32 1457386787.772868
119 1457386787.940948
101 1457386788.124954
32 1457386788.284913
108 1457386788.484875
101 1457386788.604929
97 1457386788.933321
114 1457386789.060952
101 1457386789.212887
100 1457386789.508888
8 1457386789.828976
8 1457386789.988931
110 1457386790.188914
101 1457386790.253389
100 1457386790.428902
32 1457386790.516894
111 1457386790.684854
102 1457386790.804884
32 1457386790.865942
72 1457386791.332865
73 1457386791.413017
32 1457386791.596868
115 1457386791.788892
8 1457386792.100850
8 1457386792.268888
8 1457386792.444855
105 1457386792.597012
115 1457386792.748894
32 1457386792.811131
112 1457386793.356885
108 1457386793.556872
97 1457386793.700863
110 1457386793.796849
32 1457386794.148956
102 1457386794.700844
111 1457386794.796856
114 1457386794.932799
32 1457386794.994586
111 1457386795.092780
117 1457386795.188856
114 1457386795.308793
32 1457386795.396776
115 1457386795.564820
97 1457386795.804801
108 1457386795.924766
118 1457386796.124869
116 1457386796.348805
105 1457386796.484782
111 1457386796.547650
110 1457386796.628801
97 1457386796.748932
44 1457386796.956824
8 1457386797.148843
8 1457386797.308815
8 1457386797.484781
8 1457386797.660796
8 1457386797.836810
8 1457386798.020918
97 1457386798.260792
116 1457386798.380826
105 1457386798.508892
111 1457386798.572946
110 1457386798.652817
44 1457386798.948811
32 1457386799.076807
119 1457386799.580759
104 1457386799.700777
105 1457386799.772704
99 1457386799.932745
104 1457386800.004723
32 1457386800.244768
105 1457386800.764826
110 1457386800.844793
99 1457386800.924733
108 1457386801.060742
117 1457386801.156859
100 1457386801.284712
101 1457386801.484768
100 1457386801.628770
32 1457386801.748705
97 1457386801.860729
32 1457386801.972757
116 1457386802.124751
105 1457386802.204731
109 1457386802.300848
101 1457386802.372681
32 1457386802.516779
111 1457386803.396702
102 1457386803.516722
32 1457386803.612857
116 1457386803.804723
101 1457386803.996765
115 1457386804.140790
116 1457386804.260746
105 1457386804.412744
110 1457386804.492688
103 1457386804.596746
32 1457386804.732702
111 1457386805.116699
110 1457386805.244735
32 1457386805.372745
116 1457386805.436625
104 1457386805.556714
101 1457386805.620685
32 1457386805.708715
101 1457386805.964769
97 1457386806.124761
114 1457386806.244723
116 1457386806.396737
104 1457386806.532734
34 1457386807.052809
32 1457386807.468731
8 1457386807.812695
8 1457386807.980715
58 1457386808.788751
32 1457386808.980678
34 1457386809.812671
87 1457386810.220757
101 1457386810.500673
32 1457386810.620684
119 1457386810.788809
105 1457386810.940644
108 1457386811.132776
108 1457386811.300743
32 1457386811.395120
109 1457386811.756689
97 1457386811.876693
107 1457386811.996697
101 1457386812.068603
32 1457386812.212768
97 1457386812.277337
32 1457386812.396717
8 1457386812.964664
110 1457386813.180701
32 1457386813.332649
101 1457386813.484643
97 1457386813.700664
114 1457386813.836638
116 1457386814.044641
104 1457386814.148645
32 1457386814.300643
119 1457386814.828655
104 1457386814.932689
101 1457386815.068680
114 1457386815.492670
111 1457386815.684845
110 1457386815.860568
8 1457386816.332630
8 1457386816.444631
101 1457386816.572669
111 1457386816.716635
110 1457386816.820621
32 1457386817.332660
116 1457386817.660626
104 1457386817.724956
101 1457386817.852536
115 1457386818.012647
101 1457386818.108731
32 1457386818.324603
109 1457386818.476599
97 1457386818.596576
121 1457386818.804577
32 1457386818.972570
100 1457386819.300576
119 1457386820.076645
101 1457386820.276597
108 1457386820.484558
108 1457386820.652597
39 1457386821.012645
32 1457386821.468592
8 1457386821.740557
8 1457386821.884645
59 1457386822.660574
32 1457386822.788560
97 1457386823.532580
110 1457386823.620627
100 1457386823.732618
32 1457386823.828596
119 1457386823.964529
101 1457386824.188575
32 1457386824.460556
119 1457386825.364550
105 1457386825.460674
108 1457386825.668570
108 1457386825.812507
32 1457386825.924510
112 1457386826.116536
114 1457386826.236589
111 1457386826.372552
118 1457386826.548487
101 1457386826.700508
32 1457386826.828545
116 1457386826.956487
104 1457386827.052458
101 1457386827.148637
109 1457386827.276538
32 1457386827.372496
104 1457386827.692627
101 1457386827.828535
114 1457386827.948568
101 1457386828.068528
119 1457386828.500547
105 1457386828.628506
116 1457386828.756464
104 1457386828.820594
44 1457386829.364544
32 1457386829.468493
116 1457386829.820509
111 1457386829.900508
32 1457386830.004598
115 1457386830.124527
101 1457386830.444486
101 1457386830.636498
32 1457386830.852468
105 1457386830.940588
102 1457386831.100571
32 1457386831.188592
116 1457386831.324463
104 1457386831.436486
101 1457386831.548461
121 1457386831.660465
32 1457386831.812481
119 1457386832.260553
105 1457386832.372440
108 1457386832.580503
108 1457386832.740482
32 1457386832.868429
100 1457386833.012453
97 1457386833.580449
8 1457386834.316475
111 1457386834.700481
32 1457386834.940463
97 1457386835.180493
108 1457386835.284446
108 1457386835.436435
32 1457386835.572405
116 1457386835.812475
104 1457386835.872798
105 1457386835.932777
110 1457386836.060394
103 1457386836.212470
115 1457386836.348412
32 1457386836.548443
119 1457386836.964479
104 1457386837.060437
97 1457386837.252444
116 1457386837.804444
115 1457386838.356569
111 1457386838.492446
101 1457386838.844395
118 1457386839.172407
101 1457386839.252285
114 1457386839.428460
32 1457386839.596401
116 1457386839.692386
101 1457386839.820409
104 1457386839.879385
32 1457386839.938107
76 1457386840.212416
8 1457386840.580485
8 1457386840.748449
8 1457386840.924403
8 1457386841.084428
104 1457386841.316409
101 1457386841.396403
32 1457386841.524443
76 1457386841.860420
111 1457386842.044434
114 1457386842.188443
100 1457386842.404444
32 1457386842.564400
104 1457386843.716419
101 1457386843.774384
105 1457386843.948348
101 1457386844.060350
114 1457386844.220350
8 1457386844.396483
8 1457386844.564406
8 1457386844.740367
8 1457386844.916388
8 1457386845.388366
116 1457386845.564423
104 1457386845.660449
101 1457386845.780540
105 1457386845.972398
114 1457386846.100277
32 1457386846.268330
71 1457386846.788374
111 1457386846.948401
100 1457386847.084388
32 1457386847.188301
115 1457386847.644560
104 1457386847.764336
97 1457386847.876327
108 1457386847.988338
108 1457386848.156368
32 1457386848.268305
99 1457386848.420366
111 1457386848.500370
109 1457386848.580198
109 1457386848.836352
109 1457386848.996353
101 1457386849.124282
110 1457386849.308365
8 1457386849.620355
8 1457386849.780354
8 1457386849.956348
97 1457386850.036329
110 1457386850.180268
100 1457386850.284280
32 1457386850.524304
116 1457386850.684303
104 1457386850.788418
101 1457386850.876427
109 1457386851.004273
34 1457386851.532271
32 1457386851.764277
40 1457386852.260287
65 1457386852.796288
98 1457386853.076337
114 1457386853.300307
111 1457386853.484289
97 1457386853.724289
104 1457386853.852381
8 1457386854.148323
8 1457386854.316303
8 1457386854.492347
97 1457386854.652281
104 1457386854.756263
97 1457386854.908260
109 1457386855.052312
32 1457386855.700319
51 1457386856.692239
58 1457386858.460259
50 1457386859.004311
52 1457386859.228256
45 1457386859.836258
50 1457386860.196274
53 1457386860.452227
41 1457386861.764207
46 1457386862.532227
32 1457386862.748173
79 1457386863.620228
110 1457386863.740234
101 1457386863.868223
32 1457386863.972265
114 1457386864.156177
101 1457386864.236136
97 1457386864.828186
115 1457386865.020195
111 1457386865.140197
110 1457386865.244131
32 1457386865.388228
119 1457386865.564203
101 1457386865.796162
32 1457386865.924168
97 1457386866.076179
114 1457386866.172194
101 1457386866.284210
32 1457386866.343309
104 1457386866.580163
101 1457386866.692196
114 1457386866.828188
101 1457386866.932183
32 1457386867.012321
111 1457386867.164174
110 1457386867.252163
32 1457386867.332131
116 1457386867.460165
104 1457386867.540136
101 1457386867.644146
32 1457386867.701423
101 1457386868.660113
97 1457386868.964141
114 1457386869.076148
116 1457386869.300183
104 1457386869.460154
32 1457386869.620106
105 1457386869.748123
115 1457386869.868138
32 1457386869.948252
116 1457386870.140135
111 1457386870.236101
32 1457386870.364100
115 1457386870.756125
104 1457386870.868165
111 1457386870.972108
119 1457386871.068134
32 1457386871.220146
111 1457386871.404116
117 1457386871.500249
114 1457386871.620146
32 1457386871.756115
119 1457386871.932099
105 1457386872.036166
108 1457386872.220109
108 1457386872.396080
105 1457386872.572108
110 1457386872.676136
103 1457386872.796078
110 1457386873.092241
101 1457386873.212060
115 1457386873.732142
115 1457386873.916123
32 1457386874.052095
111 1457386874.228161
116 1457386874.288784
8 1457386874.932119
8 1457386875.076119
116 1457386875.252074
111 1457386875.311547
32 1457386875.468066
111 1457386875.708062
98 1457386875.900118
101 1457386876.092235
121 1457386876.244102
32 1457386876.420131
72 1457386876.884153
101 1457386877.044095
97 1457386877.204061
118 1457386877.532074
101 1457386877.724095
110 1457386877.860071
108 1457386878.212139
121 1457386878.363970
32 1457386878.524112
70 1457386878.924053
97 1457386879.116036
116 1457386879.260016
104 1457386879.412038
101 1457386879.492030
114 1457386879.620090
39 1457386879.972041
115 1457386880.180035
32 1457386880.340081
99 1457386880.980002
111 1457386881.060022
109 1457386881.140004
109 1457386881.331976
97 1457386881.524065
110 1457386881.692024
100 1457386882.540026
109 1457386882.684050
101 1457386882.804015
110 1457386882.947961
116 1457386883.044024
115 1457386883.212071
46 1457386883.428054
10 1457386883.916004
10 1457386884.212042
84 1457386884.716018
104 1457386884.828005
101 1457386884.948012
32 1457386885.060009
80 1457386885.491958
114 1457386885.795944
111 1457386885.900084
112 1457386886.219969
104 1457386886.411987
101 1457386886.587972
116 1457386886.764007
32 1457386886.916000
74 1457386887.660084
111 1457386887.819945
115 1457386887.972000
101 1457386888.067954
112 1457386888.128221
104 1457386888.220052
32 1457386888.371955
83 1457386889.075936
109 1457386889.284017
105 1457386889.403946
116 1457386889.555998
104 1457386889.652002
32 1457386889.804010
116 1457386890.211908
97 1457386890.427937
117 1457386890.851971
103 1457386891.011943
104 1457386891.108144
116 1457386891.219888
32 1457386891.499906
116 1457386891.707882
104 1457386891.804001
97 1457386891.883973
116 1457386891.979995
32 1457386892.041767
111 1457386892.291974
98 1457386892.507921
101 1457386892.715934
100 1457386892.971962
105 1457386893.124026
101 1457386893.867936
110 1457386894.115939
99 1457386894.251929
101 1457386894.435919
32 1457386894.595883
116 1457386894.723974
111 1457386894.811878
32 1457386894.875805
116 1457386894.955902
104 1457386895.051969
101 1457386895.132287
32 1457386895.204051
99 1457386895.787890
111 1457386895.867908
109 1457386895.963917
109 1457386896.147982
97 1457386896.651918
110 1457386896.811866
100 1457386896.979918
109 1457386897.291917
101 1457386897.387861
110 1457386897.515918
116 1457386897.579864
115 1457386897.739861
32 1457386897.859841
108 1457386898.291963
101 1457386898.395930
97 1457386898.523910
100 1457386898.883860
8 1457386899.267884
100 1457386899.867863
115 1457386900.195885
32 1457386900.435869
116 1457386900.595883
111 1457386900.699924
32 1457386900.771873
98 1457386901.523871
108 1457386901.619895
101 1457386901.731852
115 1457386901.947809
115 1457386902.155884
105 1457386902.419960
110 1457386902.507861
103 1457386902.627830
115 1457386903.203870
32 1457386903.363826
102 1457386903.531893
114 1457386903.731829
111 1457386903.819827
109 1457386903.915810
32 1457386903.978391
71 1457386904.355847
111 1457386904.547805
100 1457386904.723822
46 1457386904.995841
32 1457386905.179814
72 1457386905.795887
101 1457386905.947817
32 1457386906.043904
115 1457386906.171842
97 1457386906.379921
105 1457386906.507866
100 1457386906.635751
58 1457386907.339778
32 1457386907.731768
34 1457386908.115802
116 1457386908.963824
104 1457386909.059887
101 1457386909.139703
114 1457386909.291771
101 1457386909.371775
8 1457386909.691803
8 1457386909.859793
8 1457386910.035763
8 1457386910.219754
8 1457386910.411778
84 1457386910.747817
104 1457386910.843906
101 1457386910.923668
114 1457386910.988027
101 1457386911.083786
32 1457386911.195806
105 1457386911.331809
115 1457386911.547762
32 1457386911.635731
97 1457386911.763749
32 1457386911.827696
108 1457386912.235681
119 1457386912.387704
111 1457386912.499818
8 1457386913.019744
8 1457386913.171736
97 1457386913.603713
111 1457386913.739732
119 1457386914.363725
8 1457386914.539792
8 1457386914.691726
119 1457386914.843719
44 1457386915.267693
32 1457386915.419679
105 1457386915.683748
114 1457386915.803701
114 1457386915.979730
101 1457386916.115728
118 1457386916.571728
111 1457386916.691707
99 1457386916.915718
97 1457386917.131727
98 1457386917.371761
108 1457386917.491694
101 1457386917.611725
121 1457386917.723866
8 1457386918.203686
8 1457386918.379664
121 1457386918.819689
32 1457386919.003690
100 1457386919.547679
101 1457386919.763716
99 1457386920.019796
114 1457386920.299671
101 1457386920.395700
101 1457386920.699696
101 1457386920.907675
100 1457386921.099707
32 1457386921.363658
8 1457386921.643682
8 1457386921.819614
8 1457386921.995685
8 1457386922.179734
101 1457386922.979679
100 1457386923.203642
32 1457386923.419625
105 1457386923.611617
110 1457386923.691573
32 1457386923.843648
104 1457386924.339641
101 1457386924.404591
97 1457386924.651672
118 1457386924.947636
101 1457386925.195552
110 1457386925.347636
32 1457386925.707623
98 1457386926.531593
101 1457386926.707649
114 1457386926.851620
102 1457386927.075627
111 1457386927.163676
114 1457386927.267612
8 1457386927.499538
8 1457386927.675608
8 1457386927.851579
8 1457386928.035572
102 1457386928.459599
111 1457386928.571547
114 1457386928.683609
101 1457386928.787596
32 1457386929.275597
116 1457386929.595552
104 1457386929.667570
101 1457386929.763717
32 1457386929.859644
102 1457386930.067538
111 1457386930.179612
117 1457386930.267578
110 1457386930.491596
100 1457386930.558563
97 1457386931.003630
116 1457386931.115577
105 1457386931.259613
111 1457386931.349093
110 1457386931.415016
115 1457386931.515591
32 1457386931.691561
111 1457386931.827559
102 1457386932.499546
32 1457386932.635538
116 1457386932.747593
104 1457386932.851563
101 1457386932.918620
32 1457386933.019562
8 1457386933.387516
8 1457386933.899553
105 1457386934.139595
115 1457386934.259471
32 1457386934.339492
119 1457386934.539559
111 1457386934.651556
114 1457386934.795489
100 1457386934.971507
108 1457386935.107607
44 1457386935.403504
8 1457386935.763530
8 1457386935.939555
8 1457386936.115500
108 1457386936.315521
100 1457386936.435548
44 1457386936.587460
32 1457386936.707552
117 1457386937.299506
112 1457386937.411500
111 1457386937.547477
110 1457386937.755462
32 1457386938.003482
119 1457386938.675509
104 1457386938.771589
105 1457386938.851361
99 1457386939.003531
104 1457386939.083448
32 1457386939.283509
97 1457386939.723495
108 1457386939.819628
108 1457386939.987507
32 1457386940.107445
98 1457386940.331406
108 1457386940.491456
101 1457386940.635640
115 1457386940.835451
115 1457386941.011450
105 1457386941.155496
110 1457386941.243478
103 1457386941.331568
115 1457386941.507470
32 1457386941.659475
97 1457386942.083441
114 1457386942.291414
101 1457386942.371408
32 1457386942.563506
112 1457386943.475473
114 1457386943.603475
101 1457386943.675434
100 1457386943.915455
105 1457386944.067449
99 1457386944.171525
97 1457386944.307473
116 1457386944.427435
101 1457386944.555560
100 1457386944.731444
45 1457386945.811467
97 1457386945.987406
110 1457386946.171437
100 1457386946.275370
8 1457386946.683379
8 1457386946.851395
8 1457386947.027403
8 1457386947.219465
45 1457386948.219406
97 1457386948.459407
110 1457386948.611339
100 1457386948.699393
32 1457386948.859429
119 1457386949.203358
104 1457386949.307367
101 1457386949.419308
110 1457386949.531430
32 1457386949.675355
119 1457386949.827410
101 1457386949.987365
32 1457386950.123389
111 1457386950.435353
98 1457386950.579472
116 1457386950.867421
97 1457386951.075381
105 1457386951.235392
110 1457386951.331392
32 1457386951.515351
97 1457386951.763350
110 1457386951.875371
121 1457386952.091441
32 1457386952.235346
98 1457386952.419368
108 1457386952.595372
101 1457386952.699452
115 1457386952.875371
115 1457386953.027328
105 1457386953.187357
110 1457386953.267354
103 1457386953.347409
32 1457386953.483338
102 1457386953.731510
114 1457386953.939351
111 1457386954.011351
109 1457386954.107374
32 1457386954.171304
71 1457386954.891332
111 1457386955.067371
100 1457386955.203247
44 1457386955.395370
32 1457386955.547379
105 1457386955.995382
116 1457386956.115366
32 1457386956.235276
105 1457386956.363330
115 1457386956.428016
32 1457386956.547289
98 1457386956.811356
121 1457386956.923287
32 1457386957.083349
111 1457386957.243308
100 1457386957.395317
101 1457386957.811340
8 1457386957.995373
8 1457386958.171268
98 1457386958.547303
101 1457386958.747288
100 1457386958.963316
105 1457386959.259429
99 1457386959.395334
101 1457386959.595299
110 1457386959.715301
99 1457386959.843323
8 1457386960.043329
8 1457386960.219313
8 1457386960.411502
8 1457386960.667361
101 1457386960.819256
110 1457386961.179336
99 1457386961.315317
101 1457386961.523300
32 1457386961.667282
116 1457386961.979250
111 1457386962.051293
32 1457386962.155282
116 1457386962.315275
104 1457386962.419154
97 1457386962.481110
116 1457386962.563251
32 1457386962.626856
108 1457386963.811247
97 1457386963.915291
119 1457386964.115253
32 1457386964.395315
117 1457386964.627267
111 1457386964.755220
112 1457386964.843257
111 1457386964.963222
8 1457386965.451239
8 1457386965.627240
8 1457386965.811287
112 1457386966.131251
111 1457386966.211260
110 1457386966.379217
32 1457386966.619245
119 1457386966.843168
104 1457386966.963197
105 1457386967.059250
99 1457386967.211321
104 1457386967.283193
32 1457386967.427218
105 1457386967.571173
116 1457386967.963177
32 1457386968.467227
105 1457386968.595302
115 1457386968.731287
32 1457386968.819329
112 1457386969.027212
114 1457386969.147219
101 1457386969.235205
100 1457386969.435221
105 1457386969.571228
99 1457386969.691214
97 1457386969.835216
116 1457386969.939242
101 1457386970.067255
100 1457386970.227163
34 1457386970.683221
32 1457386970.915154
40 1457386971.235398
68 1457386971.851158
38 1457386972.987120
67 1457386973.467220
32 1457386974.227242
49 1457386974.891186
51 1457386975.187176
48 1457386975.539142
58 1457386976.083217
50 1457386977.339113
48 1457386977.715154
45 1457386978.187105
50 1457386978.467166
49 1457386978.683103
41 1457386979.939105
46 1457386980.827103
32 1457386981.043121
75 1457386981.731073
105 1457386981.931119
110 1457386982.027068
103 1457386982.539049
32 1457386982.659077
66 1457386983.267099
101 1457386983.899102
104 1457386984.059186
8 1457386984.699132
110 1457386985.403044
106 1457386985.635050
97 1457386985.819061
109 1457386985.923078
105 1457386986.275197
110 1457386986.355037
32 1457386986.539046
97 1457386986.971045
108 1457386987.123055
115 1457386987.491022
111 1457386987.659006
32 1457386987.939048
116 1457386988.275084
97 1457386988.459177
103 1457386989.051066
104 1457386989.219075
8 1457386989.547054
8 1457386989.698992
117 1457386989.906992
103 1457386990.051012
104 1457386990.187032
116 1457386990.283010
32 1457386990.411026
116 1457386991.571055
104 1457386991.628323
105 1457386991.706988
115 1457386991.811023
32 1457386991.915021
112 1457386992.195041
114 1457386992.307052
105 1457386992.434994
110 1457386992.547015
99 1457386992.691029
105 1457386992.826972
112 1457386992.978944
108 1457386993.234991
101 1457386993.370993
46 1457386993.522957
32 1457386993.666965
34 1457386994.107039
73 1457386994.706982
32 1457386994.890955
119 1457386995.018969
111 1457386995.426970
117 1457386995.530970
108 1457386995.675141
100 1457386995.818987
32 1457386995.898886
100 1457386996.218958
101 1457386996.387102
115 1457386996.570946
105 1457386996.746966
114 1457386996.891001
101 1457386996.995139
32 1457386997.258977
116 1457386997.450965
104 1457386997.546954
97 1457386997.609792
116 1457386997.706958
32 1457386997.767327
121 1457386998.114903
101 1457386998.234867
32 1457386998.490913
115 1457386998.730977
104 1457386998.802906
111 1457386998.906975
117 1457386999.010981
108 1457386999.138958
100 1457386999.259065
32 1457386999.338930
99 1457386999.594870
111 1457386999.674951
110 1457386999.754934
115 1457387000.010922
105 1457387000.234916
100 1457387000.354913
101 1457387000.530949
114 1457387000.650893
32 1457387000.818959
111 1457387000.930962
110 1457387001.010890
32 1457387001.107043
116 1457387001.234878
104 1457387001.322997
101 1457387001.385975
32 1457387001.450880
98 1457387001.850941
108 1457387002.074947
101 1457387002.226932
115 1457387002.434886
115 1457387002.594884
101 1457387002.762929
100 1457387002.938884
32 1457387003.058908
97 1457387003.130812
110 1457387003.258880
100 1457387003.330812
32 1457387003.442963
104 1457387004.402943
97 1457387004.530905
112 1457387004.690812
112 1457387004.874892
121 1457387005.050898
32 1457387005.298883
115 1457387005.690869
116 1457387005.850904
97 1457387005.986875
116 1457387006.122815
101 1457387006.250820
32 1457387006.770915
111 1457387006.866886
102 1457387007.034904
32 1457387007.099482
116 1457387007.242840
111 1457387007.555012
115 1457387007.698827
101 1457387007.866924
32 1457387008.058820
8 1457387008.298851
8 1457387008.474816
8 1457387008.666822
8 1457387008.850828
104 1457387009.066809
111 1457387009.162856
115 1457387009.234755
101 1457387009.301027
32 1457387009.450792
116 1457387009.842839
104 1457387009.903373
97 1457387010.018895
116 1457387010.114939
32 1457387010.210827
107 1457387010.770805
101 1457387010.882773
101 1457387011.034812
112 1457387011.170887
32 1457387011.322795
116 1457387011.450763
104 1457387011.530790
101 1457387011.602810
32 1457387011.665689
99 1457387011.994855
111 1457387012.082854
109 1457387012.154745
109 1457387012.362859
109 1457387012.546870
97 1457387012.834814
110 1457387012.994807
8 1457387013.250805
8 1457387013.426781
8 1457387013.602792
97 1457387013.698790
110 1457387013.842705
100 1457387013.955019
109 1457387014.130814
101 1457387014.226876
110 1457387014.362794
116 1457387014.434779
115 1457387014.594842
32 1457387014.706746
111 1457387014.826799
102 1457387014.970877
32 1457387015.030110
71 1457387015.514771
105 1457387015.698770
111 1457387015.758160
100 1457387015.818659
8 1457387016.314802
8 1457387016.466752
111 1457387016.706811
100 1457387016.834776
8 1457387017.298983
8 1457387017.482928
8 1457387017.642766
111 1457387017.970778
100 1457387018.242812
44 1457387018.450762
32 1457387018.610742
34 1457387018.922754
8 1457387019.482824
8 1457387019.658794
34 1457387020.074790
32 1457387020.402767
104 1457387020.986802
101 1457387021.074790
32 1457387021.234745
99 1457387021.826783
111 1457387021.906729
117 1457387021.986658
110 1457387022.178747
115 1457387022.266975
101 1457387022.450730
108 1457387022.690741
101 1457387022.818673
100 1457387023.010813
46 1457387023.506718
32 1457387024.002755
34 1457387024.530909
70 1457387025.018721
111 1457387025.162724
114 1457387025.258784
32 1457387025.378709
98 1457387026.602692
101 1457387026.794756
106 1457387027.026686
111 1457387027.146630
108 1457387027.514675
8 1457387027.778705
8 1457387027.938717
8 1457387028.130693
104 1457387028.354637
111 1457387028.442746
108 1457387028.642821
100 1457387028.818662
44 1457387029.026692
32 1457387029.170669
116 1457387029.586674
104 1457387029.666637
101 1457387029.802680
121 1457387029.906728
32 1457387030.050669
97 1457387030.162672
114 1457387030.227073
101 1457387030.298595
32 1457387030.386685
98 1457387030.658648
108 1457387030.770580
101 1457387030.906638
115 1457387031.098650
115 1457387031.258697
101 1457387031.418660
100 1457387031.602657
32 1457387031.714647
105 1457387031.938711
110 1457387032.066703
32 1457387032.682679
97 1457387032.826598
108 1457387032.938648
108 1457387033.114663
32 1457387033.218573
116 1457387033.394618
104 1457387033.451825
105 1457387033.514570
110 1457387033.634662
103 1457387033.770597
115 1457387033.882712
44 1457387034.274616
32 1457387034.354589
98 1457387034.722564
111 1457387034.818628
116 1457387034.962610
104 1457387035.066564
32 1457387035.650609
116 1457387035.922569
101 1457387036.106693
109 1457387036.218777
112 1457387036.298566
111 1457387036.442554
114 1457387036.586597
97 1457387036.770564
108 1457387036.946555
32 1457387037.074654
97 1457387037.194710
110 1457387037.266647
100 1457387037.418630
32 1457387037.477597
115 1457387037.738650
112 1457387037.890622
114 1457387038.050580
105 1457387038.170562
116 1457387038.314656
105 1457387038.426526
8 1457387038.762639
8 1457387038.922568
8 1457387039.098572
8 1457387039.298506
105 1457387039.506588
114 1457387040.394501
105 1457387040.578614
116 1457387040.962561
117 1457387041.074507
97 1457387041.210512
108 1457387041.370498
59 1457387042.610541
32 1457387042.778525
97 1457387043.594523
110 1457387043.690513
100 1457387043.810527
32 1457387043.898609
105 1457387043.986579
102 1457387044.410519
32 1457387044.778510
116 1457387045.274495
104 1457387045.354469
101 1457387045.514473
121 1457387045.572869
32 1457387045.746517
104 1457387046.114499
111 1457387046.218485
117 1457387046.338500
8 1457387046.954527
111 1457387047.226513
108 1457387047.402454
100 1457387047.546433
32 1457387047.626426
111 1457387047.746536
8 1457387047.986508
8 1457387048.162621
8 1457387048.354487
8 1457387048.514472
8 1457387048.690450
108 1457387048.938560
100 1457387049.402442
32 1457387049.634514
111 1457387049.850491
117 1457387049.970460
116 1457387050.114433
32 1457387050.226492
102 1457387050.666462
97 1457387050.858481
105 1457387050.994487
116 1457387051.106443
104 1457387051.201216
102 1457387051.586503
117 1457387051.714404
108 1457387051.850456
108 1457387052.058453
8 1457387052.546461
32 1457387052.730464
116 1457387052.922433
111 1457387052.980650
32 1457387053.058393
116 1457387053.186445
104 1457387053.245741
101 1457387053.346473
32 1457387053.404953
101 1457387053.690433
110 1457387053.826413
101 1457387053.938421
100 1457387054.178405
8 1457387054.506445
8 1457387054.682522
100 1457387054.898443
32 1457387055.002394
116 1457387055.170439
104 1457387055.922410
101 1457387056.234443
121 1457387056.418430
32 1457387056.570425
97 1457387056.882434
114 1457387057.010439
101 1457387057.106454
32 1457387057.250425
114 1457387057.890371
101 1457387057.954271
99 1457387058.242369
101 1457387058.482357
105 1457387058.674513
118 1457387059.218354
101 1457387059.362363
100 1457387059.546406
32 1457387059.706311
105 1457387060.018381
110 1457387060.098396
116 1457387060.210329
111 1457387060.314324
32 1457387060.394327
104 1457387060.562373
101 1457387060.666639
97 1457387060.802364
118 1457387060.994370
101 1457387061.170430
110 1457387061.354339
44 1457387061.698431
32 1457387061.826386
116 1457387062.442372
104 1457387062.504668
97 1457387062.565109
116 1457387062.690386
32 1457387062.753411
116 1457387063.546360
104 1457387063.608185
101 1457387063.746343
114 1457387063.866345
101 1457387063.970335
98 1457387064.226329
121 1457387064.386285
32 1457387064.562297
116 1457387065.346328
104 1457387065.442330
101 1457387065.554418
121 1457387065.690361
32 1457387065.842319
109 1457387066.074368
97 1457387066.162264
121 1457387066.338338
32 1457387066.490241
100 1457387066.706366
119 1457387066.970284
101 1457387067.194274
108 1457387067.338340
108 1457387067.522276
32 1457387067.674343
119 1457387067.794258
105 1457387067.906307
116 1457387068.034373
104 1457387068.095350
32 1457387068.242322
103 1457387068.906381
111 1457387069.042252
100 1457387069.178275
8 1457387069.586253
8 1457387069.762280
8 1457387069.954301
71 1457387070.282245
111 1457387070.466268
100 1457387070.602265
32 1457387070.714266
105 1457387070.842312
110 1457387070.946283
32 1457387071.026239
97 1457387071.170267
32 1457387071.232902
32 1457387071.346306
8 1457387071.994290
115 1457387072.378257
116 1457387072.506289
97 1457387072.626247
116 1457387072.738231
101 1457387072.874252
32 1457387073.754333
111 1457387073.890228
102 1457387074.066218
32 1457387074.146269
118 1457387074.802234
101 1457387074.938288
110 1457387075.138252
8 1457387075.442225
8 1457387075.618188
8 1457387075.794252
110 1457387076.002277
101 1457387076.082169
118 1457387076.290247
101 1457387076.394256
114 1457387076.514212
45 1457387077.362195
101 1457387077.522176
110 1457387077.674209
100 1457387077.762205
105 1457387077.890229
110 1457387077.970177
103 1457387078.066230
32 1457387078.202245
104 1457387078.474145
97 1457387078.578202
112 1457387078.698186
112 1457387078.874226
105 1457387079.058226
110 1457387079.130377
101 1457387079.490173
115 1457387079.754224
115 1457387079.914207
46 1457387080.114213
32 1457387080.258175
79 1457387080.698219
32 1457387080.954221
114 1457387081.394185
101 1457387081.466106
109 1457387081.658132
101 1457387081.722213
109 1457387081.850112
98 1457387082.106216
101 1457387082.290175
114 1457387082.394188
44 1457387082.594144
32 1457387082.730188
