70 1455132935.637350
111 1455132935.942912
117 1455132936.055186
114 1455132936.143182
32 1455132936.431182
115 1455132936.767090
99 1455132936.967218
111 1455132937.087500
114 1455132937.206903
101 1455132937.279114
32 1455132937.431221
97 1455132937.567144
110 1455132937.639109
100 1455132937.727251
32 1455132937.815232
115 1455132938.015249
101 1455132938.159146
118 1455132938.359161
101 1455132938.495107
110 1455132938.607209
32 1455132938.759199
121 1455132939.047130
101 1455132939.110683
97 1455132939.198964
114 1455132939.286778
115 1455132939.342965
32 1455132939.502959
97 1455132939.623096
103 1455132939.751272
111 1455132939.862768
32 1455132940.279177
111 1455132940.439119
117 1455132940.590887
114 1455132940.719143
32 1455132940.839065
102 1455132941.038939
97 1455132941.175087
116 1455132941.302878
104 1455132941.390682
101 1455132941.494647
114 1455132941.543059
115 1455132941.687136
32 1455132941.790704
98 1455132942.031411
114 1455132942.223059
111 1455132942.318734
117 1455132942.774980
103 1455132943.022752
104 1455132943.127144
116 1455132943.231137
32 1455132943.382755
102 1455132943.543130
111 1455132944.151169
114 1455132944.271196
116 1455132944.454998
104 1455132944.551014
32 1455132944.678945
111 1455132944.863009
110 1455132944.951078
32 1455132945.063118
116 1455132945.206622
104 1455132945.279009
105 1455132945.367093
115 1455132945.471183
32 1455132945.534795
99 1455132945.695135
111 1455132945.846961
110 1455132945.966820
116 1455132946.199048
105 1455132946.454753
110 1455132946.552564
101 1455132946.863078
110 1455132946.998646
101 1455132947.374876
8 1455132947.855087
116 1455132948.086705
32 1455132948.463003
97 1455132948.767048
32 1455132948.895155
102 1455132949.254996
8 1455132949.574756
110 1455132949.687071
101 1455132949.743147
119 1455132949.822937
32 1455132949.950875
110 1455132950.095039
97 1455132950.191060
116 1455132950.287030
105 1455132950.382974
111 1455132950.447023
110 1455132950.503015
44 1455132950.766999
32 1455132950.879042
99 1455132951.038737
111 1455132951.166732
110 1455132951.255025
99 1455132951.534874
105 1455132951.918973
101 1455132952.118355
118 1455132952.326981
101 1455132952.494981
8 1455132952.790880
8 1455132952.966900
8 1455132953.102732
8 1455132953.231001
101 1455132953.294917
105 1455132953.422923
118 1455132953.862797
101 1455132954.038722
100 1455132954.198902
32 1455132954.294876
105 1455132954.422690
110 1455132954.494897
32 1455132954.582954
108 1455132954.822883
105 1455132954.942848
98 1455132955.030630
101 1455132955.206952
114 1455132955.294780
116 1455132955.454938
121 1455132955.559510
44 1455132955.806913
32 1455132955.910865
97 1455132955.999005
110 1455132956.062946
100 1455132956.159027
32 1455132956.238894
100 1455132956.422894
101 1455132956.614829
100 1455132956.806860
105 1455132956.982870
99 1455132957.078814
97 1455132957.198501
116 1455132957.279001
101 1455132957.366880
100 1455132957.542887
32 1455132957.622672
116 1455132957.766910
111 1455132957.830546
32 1455132957.918916
116 1455132957.990955
104 1455132958.062982
101 1455132958.126633
32 1455132958.230741
112 1455132958.358866
114 1455132958.446686
111 1455132958.574762
112 1455132958.766669
111 1455132959.006600
115 1455132959.126600
105 1455132959.270881
116 1455132959.390918
105 1455132959.478896
111 1455132959.526878
110 1455132959.598724
32 1455132959.726821
116 1455132959.966616
104 1455132960.086916
97 1455132960.126209
116 1455132960.206470
32 1455132960.270591
97 1455132960.382435
108 1455132960.446689
108 1455132960.574442
32 1455132960.687002
109 1455132960.790839
101 1455132960.902772
110 1455132960.998627
32 1455132961.118255
97 1455132961.246731
114 1455132961.318860
101 1455132961.406874
32 1455132961.486850
99 1455132961.638791
114 1455132961.814311
101 1455132961.878728
97 1455132961.942599
116 1455132962.030569
101 1455132962.094866
100 1455132962.294802
32 1455132962.430807
101 1455132962.599097
113 1455132962.758412
117 1455132962.862797
97 1455132962.958832
108 1455132963.078774
46 1455132963.342816
10 1455132964.310779
10 1455132964.822696
10 1455132965.646674
78 1455132966.214779
111 1455132966.462791
8 1455132966.846692
8 1455132967.015529
8 1455132967.118781
78 1455132967.638819
111 1455132967.886724
119 1455132968.046702
32 1455132968.206659
119 1455132968.422690
101 1455132968.494835
32 1455132968.630720
97 1455132968.758670
114 1455132968.830666
101 1455132968.902737
32 1455132968.990607
101 1455132969.166761
110 1455132969.278764
103 1455132969.542672
97 1455132969.710695
103 1455132969.806606
101 1455132969.958727
100 1455132970.134156
32 1455132970.190613
105 1455132970.294577
110 1455132970.366420
97 1455132970.510380
32 1455132970.606739
8 1455132971.046699
8 1455132971.198444
32 1455132971.574820
97 1455132971.766362
32 1455132971.886071
103 1455132972.062413
114 1455132972.230286
101 1455132972.286315
97 1455132972.366184
116 1455132972.414093
101 1455132972.510231
32 1455132972.597823
8 1455132972.990192
8 1455132973.190529
32 1455132973.447782
99 1455132973.638785
105 1455132973.846589
118 1455132973.974617
105 1455132974.126276
108 1455132974.422626
32 1455132974.710183
119 1455132974.910696
97 1455132974.990714
114 1455132975.078703
44 1455132975.342260
32 1455132975.462490
116 1455132975.726612
101 1455132975.830568
115 1455132975.942538
116 1455132976.062649
105 1455132976.182643
110 1455132976.246656
103 1455132976.310385
32 1455132976.454598
119 1455132976.662584
104 1455132976.870726
101 1455132977.054495
116 1455132977.174706
104 1455132977.302642
101 1455132977.398600
114 1455132977.462548
32 1455132977.574572
116 1455132977.694516
104 1455132977.806604
97 1455132977.894649
116 1455132977.958551
32 1455132978.054568
110 1455132978.222680
97 1455132978.342609
116 1455132978.398479
105 1455132978.526500
111 1455132978.622432
110 1455132978.702548
44 1455132978.966247
32 1455132979.094616
111 1455132979.214351
114 1455132979.311406
32 1455132979.430548
97 1455132979.542174
110 1455132979.614552
121 1455132979.846495
32 1455132979.942384
110 1455132980.110062
97 1455132980.214228
116 1455132980.318606
105 1455132980.414373
111 1455132980.502129
110 1455132980.566476
32 1455132980.678451
115 1455132980.830588
111 1455132980.934684
32 1455132981.030344
99 1455132981.198440
111 1455132981.398511
110 1455132981.638078
99 1455132982.102525
101 1455132982.678482
105 1455132982.838481
118 1455132983.110481
101 1455132983.246438
100 1455132983.406379
32 1455132983.510720
97 1455132983.774568
110 1455132983.846390
100 1455132983.934311
32 1455132984.030696
115 1455132984.182533
111 1455132984.263908
32 1455132984.366462
100 1455132984.494470
101 1455132984.701999
105 1455132984.990464
99 1455132985.086617
8 1455132985.438321
8 1455132985.598447
100 1455132985.766391
105 1455132986.014515
99 1455132986.094146
97 1455132986.198359
116 1455132986.262211
101 1455132986.366492
100 1455132986.550913
44 1455132986.686465
32 1455132986.814415
99 1455132986.934376
97 1455132987.030441
110 1455132987.094433
32 1455132987.174525
108 1455132987.318323
111 1455132987.494475
110 1455132987.534505
103 1455132987.646490
32 1455132987.758614
101 1455132987.950444
110 1455132988.062663
100 1455132988.334478
117 1455132988.566157
114 1455132988.694487
101 1455132988.774554
46 1455132988.982159
32 1455132989.078591
32 1455132989.206429
8 1455132989.798392
87 1455132990.214291
101 1455132990.430313
32 1455132990.614307
97 1455132990.790293
114 1455132990.886180
101 1455132990.958425
32 1455132991.061993
109 1455132991.174381
101 1455132991.293850
116 1455132991.382111
32 1455132991.526473
111 1455132991.814365
110 1455132991.910357
32 1455132992.014255
97 1455132992.117849
32 1455132992.190171
103 1455132992.406057
114 1455132992.581923
101 1455132992.646307
97 1455132992.718368
116 1455132992.782121
32 1455132992.910162
98 1455132993.038324
97 1455132993.174091
116 1455132993.238191
116 1455132993.382777
108 1455132993.510355
101 1455132993.622459
102 1455132994.062304
105 1455132994.238476
101 1455132994.462313
108 1455132994.606424
100 1455132994.742330
32 1455132995.262384
111 1455132995.374395
102 1455132995.462397
32 1455132995.558237
116 1455132995.702255
104 1455132995.789849
97 1455132995.854292
116 1455132995.917962
32 1455132995.990270
119 1455132996.142377
97 1455132996.230290
114 1455132996.326067
46 1455132996.806357
32 1455132996.886333
87 1455132997.430085
101 1455132997.598363
32 1455132997.734314
104 1455132997.926331
97 1455132997.966028
118 1455132998.046322
101 1455132998.134251
32 1455132998.222386
99 1455132998.406342
111 1455132998.446285
109 1455132998.518342
101 1455132998.654367
32 1455132998.750054
116 1455132998.854214
111 1455132998.918358
32 1455132998.998423
100 1455132999.109911
101 1455132999.286256
100 1455132999.478326
105 1455132999.606205
99 1455132999.686304
97 1455132999.814224
116 1455132999.870549
101 1455132999.966184
32 1455133000.102183
97 1455133000.310331
112 1455133000.526319
8 1455133000.974057
32 1455133001.094226
112 1455133001.366155
111 1455133001.510192
114 1455133001.605943
116 1455133001.782335
105 1455133001.886300
111 1455133001.974280
110 1455133002.046262
32 1455133002.278302
111 1455133002.422246
102 1455133002.502288
32 1455133002.558306
116 1455133002.646175
104 1455133002.726214
97 1455133002.790221
116 1455133002.846207
32 1455133002.910247
102 1455133003.102183
105 1455133003.446173
101 1455133003.622176
108 1455133003.742101
100 1455133003.862298
44 1455133004.134276
32 1455133004.246176
97 1455133004.350285
115 1455133004.430308
32 1455133004.566270
97 1455133004.654051
32 1455133004.742183
102 1455133005.030106
105 1455133005.206188
110 1455133005.286920
97 1455133005.366243
108 1455133005.478174
32 1455133005.582258
114 1455133005.782247
101 1455133005.862256
115 1455133005.974913
116 1455133006.125606
105 1455133006.221922
110 1455133006.278192
103 1455133006.334230
32 1455133006.430094
112 1455133006.566116
108 1455133006.669852
97 1455133006.758191
99 1455133006.830269
101 1455133007.021699
32 1455133007.134045
102 1455133007.222156
111 1455133007.310123
114 1455133007.398116
32 1455133007.422010
116 1455133007.550311
104 1455133007.622136
111 1455133007.734122
115 1455133007.854073
101 1455133007.950208
32 1455133008.086155
119 1455133008.198221
104 1455133008.294154
111 1455133008.390090
32 1455133008.486214
104 1455133008.990083
101 1455133009.126867
114 1455133009.222189
101 1455133009.326138
32 1455133009.470374
103 1455133009.621918
97 1455133009.734130
118 1455133009.830184
101 1455133009.958100
32 1455133010.062349
116 1455133010.206107
104 1455133010.309886
101 1455133010.397909
105 1455133010.526077
114 1455133010.646158
32 1455133010.758187
108 1455133010.990164
105 1455133011.141499
118 1455133011.230085
101 1455133011.334056
115 1455133011.437861
32 1455133011.550232
116 1455133011.653900
104 1455133011.742165
97 1455133011.798177
116 1455133011.862073
32 1455133011.934043
116 1455133012.149620
104 1455133012.262144
97 1455133012.333889
116 1455133012.405681
32 1455133012.509817
110 1455133012.813842
97 1455133012.925949
116 1455133012.974151
105 1455133013.070044
111 1455133013.149856
110 1455133013.181885
32 1455133013.342148
109 1455133013.502055
105 1455133013.637877
103 1455133013.766184
104 1455133013.821588
116 1455133013.941899
32 1455133014.045611
108 1455133014.206046
105 1455133014.390068
118 1455133014.494100
101 1455133014.590029
46 1455133014.718081
32 1455133014.789428
32 1455133014.926144
8 1455133015.446160
73 1455133015.758079
116 1455133015.981802
32 1455133016.166096
105 1455133016.245992
115 1455133016.366035
32 1455133016.454042
97 1455133016.670024
108 1455133016.758069
103 1455133016.950047
111 1455133017.086005
8 1455133017.710727
8 1455133018.053976
116 1455133018.493974
111 1455133018.757950
103 1455133018.934011
101 1455133019.093999
116 1455133019.197928
104 1455133019.326500
101 1455133019.437867
114 1455133019.501962
32 1455133019.598064
102 1455133019.733772
105 1455133019.806107
116 1455133019.925775
116 1455133020.062021
105 1455133020.141901
110 1455133020.205966
103 1455133020.269926
32 1455133020.374040
97 1455133020.437813
110 1455133020.518064
100 1455133020.598082
32 1455133020.678042
112 1455133020.869655
114 1455133020.973907
111 1455133021.061780
112 1455133021.165868
101 1455133021.309707
114 1455133021.373987
32 1455133021.477565
116 1455133021.573501
104 1455133021.645877
97 1455133021.725943
116 1455133021.781834
32 1455133021.789987
119 1455133021.941559
101 1455133022.022080
32 1455133022.133736
115 1455133022.238034
104 1455133022.325944
111 1455133022.429995
117 1455133022.550013
108 1455133022.613826
100 1455133022.686883
32 1455133022.757929
100 1455133022.901921
111 1455133022.989542
32 1455133023.086027
116 1455133023.181748
104 1455133023.253853
105 1455133023.326162
115 1455133023.445948
46 1455133023.629981
10 1455133024.261689
10 1455133024.661892
66 1455133025.589831
117 1455133025.781946
116 1455133025.861892
32 1455133025.966049
105 1455133026.197994
110 1455133026.285936
32 1455133026.373929
8 1455133026.685924
8 1455133026.853925
8 1455133026.997855
8 1455133027.102010
44 1455133027.309841
32 1455133027.557808
105 1455133027.765805
110 1455133027.821797
32 1455133027.925910
116 1455133028.013440
104 1455133028.085840
101 1455133028.173851
32 1455133028.213867
108 1455133028.343128
97 1455133028.437516
114 1455133028.509914
103 1455133028.677829
8 1455133028.893927
8 1455133029.070030
8 1455133029.245523
8 1455133029.413746
8 1455133029.573873
8 1455133029.733834
8 1455133029.861876
8 1455133030.253859
97 1455133030.773879
32 1455133031.197918
108 1455133031.509637
97 1455133031.621832
114 1455133031.669905
103 1455133031.853873
101 1455133031.957450
114 1455133032.045825
32 1455133032.285878
115 1455133032.413715
101 1455133032.517830
110 1455133032.605699
115 1455133032.717579
101 1455133032.805833
44 1455133032.997818
32 1455133033.109400
119 1455133033.309197
101 1455133033.381865
32 1455133033.493799
99 1455133033.597787
97 1455133033.669986
110 1455133033.741763
32 1455133033.982540
110 1455133034.125500
111 1455133034.221674
116 1455133034.357764
32 1455133034.549843
100 1455133034.749755
105 1455133034.997807
100 1455133035.205799
8 1455133035.725707
8 1455133035.861756
101 1455133036.061614
100 1455133036.277796
105 1455133036.773794
99 1455133036.853759
97 1455133036.973843
116 1455133037.053950
101 1455133037.165513
44 1455133037.413825
32 1455133037.525802
119 1455133037.685816
101 1455133037.773754
32 1455133037.901684
99 1455133038.029744
97 1455133038.117690
110 1455133038.221712
32 1455133038.453765
110 1455133038.653850
111 1455133038.749651
116 1455133038.885787
32 1455133039.029430
99 1455133039.317780
111 1455133039.437729
110 1455133039.525816
115 1455133039.701761
101 1455133039.813605
99 1455133040.021495
114 1455133040.237814
97 1455133040.349748
116 1455133040.437713
101 1455133040.517679
44 1455133040.693677
32 1455133040.789768
119 1455133040.949471
101 1455133041.101421
32 1455133041.229787
99 1455133041.365755
97 1455133041.445771
110 1455133041.557660
32 1455133041.781752
110 1455133041.973696
111 1455133042.229621
116 1455133042.357595
32 1455133042.533725
104 1455133042.941722
97 1455133042.997465
108 1455133043.165679
108 1455133043.309408
111 1455133043.493460
119 1455133043.581628
32 1455133043.709694
116 1455133043.821661
104 1455133043.885642
105 1455133043.965525
115 1455133044.045828
32 1455133044.093497
103 1455133044.261647
114 1455133044.437697
111 1455133044.501638
117 1455133044.589519
110 1455133045.021586
100 1455133045.141518
46 1455133045.389830
32 1455133045.549599
84 1455133046.157405
104 1455133046.349659
101 1455133046.445643
32 1455133046.533753
98 1455133046.717589
114 1455133046.901826
97 1455133046.965615
118 1455133047.165576
101 1455133047.301724
32 1455133047.573595
109 1455133047.701509
101 1455133047.813715
110 1455133047.925604
44 1455133048.117043
32 1455133048.229592
105 1455133048.454341
118 1455133048.557389
105 1455133048.645587
110 1455133048.717589
8 1455133048.965200
8 1455133049.118084
8 1455133049.269589
8 1455133049.397637
108 1455133049.565914
105 1455133049.661677
118 1455133049.765640
105 1455133049.861385
110 1455133049.917580
103 1455133050.013560
32 1455133050.197752
97 1455133050.421576
110 1455133050.509587
100 1455133050.597176
32 1455133050.661555
100 1455133050.829512
97 1455133051.037525
8 1455133051.390140
101 1455133051.437498
97 1455133051.517569
100 1455133051.621449
32 1455133051.749598
8 1455133052.045435
44 1455133052.165540
32 1455133052.286022
119 1455133052.541591
104 1455133052.677131
111 1455133052.789600
32 1455133052.901573
115 1455133053.029530
116 1455133053.149679
114 1455133053.285064
117 1455133053.405539
103 1455133053.493589
103 1455133053.621578
108 1455133053.701522
101 1455133053.813513
100 1455133053.981105
32 1455133054.061533
104 1455133054.245190
101 1455133054.309622
114 1455133054.405517
101 1455133054.518467
44 1455133054.693560
32 1455133054.829522
104 1455133055.124848
97 1455133055.173682
118 1455133055.230182
101 1455133055.333557
32 1455133055.429440
99 1455133055.605175
111 1455133055.693410
110 1455133055.765563
115 1455133055.949494
101 1455133056.133457
99 1455133056.421535
114 1455133056.621236
97 1455133056.757325
116 1455133056.829493
101 1455133056.925519
100 1455133057.109035
32 1455133057.213515
105 1455133057.293473
116 1455133057.405529
44 1455133057.749480
32 1455133057.885498
102 1455133058.141430
97 1455133058.269393
114 1455133058.341559
32 1455133058.477474
97 1455133058.653566
98 1455133058.741552
111 1455133058.869487
118 1455133058.965495
101 1455133059.108926
32 1455133059.205172
111 1455133059.341485
117 1455133059.493527
114 1455133059.573416
32 1455133059.677492
112 1455133059.797457
111 1455133059.957401
111 1455133060.101566
114 1455133060.205030
32 1455133060.365441
112 1455133060.653061
111 1455133060.797437
119 1455133060.941449
101 1455133061.029501
114 1455133061.133282
32 1455133061.261411
116 1455133061.701449
111 1455133061.797158
32 1455133061.901476
97 1455133062.013353
100 1455133062.093022
100 1455133062.253335
32 1455133062.365448
111 1455133062.525440
114 1455133062.613198
32 1455133062.725394
100 1455133062.853377
101 1455133063.036997
116 1455133063.237395
114 1455133063.372999
97 1455133063.477570
99 1455133063.581346
116 1455133063.741400
46 1455133063.957108
32 1455133064.108876
84 1455133064.861268
104 1455133065.229518
101 1455133065.365227
32 1455133065.477450
119 1455133065.733363
111 1455133065.821308
114 1455133065.957348
108 1455133066.069386
100 1455133066.173511
32 1455133066.357043
119 1455133066.526397
105 1455133066.653502
108 1455133066.733339
108 1455133066.869551
32 1455133066.989209
108 1455133067.677351
105 1455133067.804990
116 1455133067.925358
116 1455133068.076957
108 1455133068.141364
101 1455133068.237418
32 1455133068.333339
110 1455133068.493341
111 1455133068.541336
116 1455133068.628900
101 1455133068.909335
44 1455133069.133481
32 1455133069.253374
110 1455133069.437373
111 1455133069.541356
114 1455133069.653076
32 1455133069.789141
108 1455133069.916797
111 1455133070.101376
110 1455133070.173014
103 1455133070.276944
32 1455133070.389378
114 1455133070.589540
101 1455133070.677173
109 1455133070.781226
101 1455133070.861300
109 1455133070.917339
98 1455133071.029244
101 1455133071.157311
114 1455133071.228999
32 1455133071.349344
119 1455133071.445313
104 1455133071.525349
97 1455133071.605348
116 1455133071.669324
32 1455133071.749073
119 1455133071.997330
101 1455133072.085235
32 1455133072.197291
115 1455133072.317236
97 1455133072.437482
121 1455133072.661207
32 1455133072.773346
104 1455133072.933316
101 1455133073.013052
114 1455133073.085171
101 1455133073.205031
44 1455133073.405306
32 1455133073.533316
98 1455133073.693069
117 1455133073.797227
116 1455133073.901412
32 1455133074.004844
105 1455133075.029258
116 1455133075.116559
32 1455133075.213269
99 1455133075.373236
97 1455133075.485976
110 1455133075.573197
32 1455133075.653026
110 1455133075.829287
101 1455133075.973281
118 1455133076.133033
101 1455133076.245197
114 1455133076.333027
32 1455133076.437339
102 1455133076.605154
111 1455133076.700951
114 1455133076.821306
103 1455133077.037068
101 1455133077.108718
116 1455133077.204939
32 1455133077.309306
119 1455133077.500955
104 1455133077.597210
97 1455133077.701142
116 1455133077.757280
32 1455133077.869186
116 1455133078.197274
104 1455133078.278158
101 1455133078.341222
121 1455133078.485095
32 1455133078.556880
100 1455133078.661148
105 1455133078.749245
100 1455133078.829015
32 1455133078.948968
104 1455133079.124662
101 1455133079.205233
114 1455133079.293158
101 1455133079.364942
46 1455133079.484926
32 1455133079.557244
73 1455133080.261101
116 1455133080.437257
32 1455133080.637317
105 1455133080.941199
115 1455133081.037226
32 1455133081.220617
102 1455133081.429852
111 1455133081.501189
114 1455133081.597345
32 1455133081.708696
117 1455133082.061176
115 1455133082.204790
32 1455133083.029903
116 1455133083.180940
104 1455133083.277013
105 1455133083.429238
8 1455133083.884732
101 1455133083.933065
32 1455133084.084950
108 1455133084.261151
105 1455133084.373160
118 1455133084.485068
105 1455133084.573108
110 1455133084.637019
103 1455133084.724629
44 1455133084.917119
32 1455133085.012827
116 1455133085.221123
8 1455133085.549144
114 1455133085.581448
97 1455133085.684947
116 1455133085.781035
104 1455133085.900711
101 1455133085.997169
114 1455133086.069112
44 1455133086.221054
32 1455133086.324880
116 1455133086.660785
111 1455133086.741128
32 1455133086.837127
98 1455133086.925135
101 1455133087.060976
32 1455133087.133116
100 1455133087.308913
101 1455133087.485049
100 1455133087.669066
105 1455133087.765612
99 1455133087.860999
97 1455133087.941159
116 1455133088.004463
101 1455133088.101180
100 1455133088.293012
32 1455133088.413112
104 1455133088.572960
101 1455133088.652768
114 1455133088.733117
101 1455133088.828992
32 1455133088.917032
116 1455133089.021457
111 1455133089.108563
32 1455133089.173087
116 1455133089.420626
104 1455133089.524727
101 1455133089.612829
32 1455133089.684863
117 1455133089.892807
110 1455133090.069178
100 1455133090.172961
102 1455133090.252355
8 1455133090.557022
8 1455133090.692837
102 1455133090.748973
105 1455133090.852820
110 1455133090.924894
105 1455133091.045061
115 1455133091.196813
104 1455133091.268499
101 1455133091.364986
100 1455133091.533054
32 1455133091.605147
119 1455133091.740761
111 1455133091.812978
114 1455133091.892969
107 1455133092.004598
32 1455133092.133091
119 1455133092.252953
104 1455133092.348704
105 1455133092.420837
99 1455133092.509695
104 1455133092.597032
32 1455133092.692791
116 1455133092.900922
104 1455133092.972536
121 1455133093.173026
101 1455133093.284872
32 1455133093.292890
8 1455133093.740856
8 1455133093.885048
8 1455133094.036937
101 1455133094.173025
121 1455133094.324921
32 1455133094.452940
119 1455133094.564990
104 1455133094.629024
111 1455133094.716937
32 1455133094.860726
102 1455133095.044985
97 1455133095.173020
117 1455133095.300991
103 1455133095.421010
104 1455133095.532905
116 1455133095.644485
8 1455133095.910645
8 1455133096.069083
8 1455133096.236862
8 1455133096.388543
8 1455133096.524708
111 1455133096.644951
117 1455133096.772980
103 1455133096.869081
104 1455133096.964808
116 1455133097.076914
32 1455133097.188451
104 1455133097.372832
101 1455133097.508606
114 1455133097.580946
101 1455133097.684880
32 1455133097.789008
104 1455133097.908601
97 1455133097.996803
118 1455133098.052700
101 1455133098.165180
32 1455133098.228824
116 1455133098.333045
104 1455133098.444952
117 1455133098.708628
115 1455133098.868928
32 1455133098.956697
102 1455133099.068906
97 1455133099.180863
114 1455133099.260721
32 1455133099.357048
115 1455133099.636938
111 1455133099.716859
32 1455133099.828695
98 1455133100.036840
8 1455133100.316915
110 1455133100.428799
111 1455133100.532921
98 1455133100.668783
108 1455133100.820921
121 1455133101.020662
32 1455133101.124782
97 1455133101.332534
100 1455133101.444822
118 1455133101.660882
97 1455133101.749044
110 1455133101.820859
99 1455133101.908838
101 1455133102.116302
100 1455133102.308808
46 1455133102.436891
32 1455133102.548809
73 1455133102.964837
116 1455133103.180999
32 1455133103.356920
105 1455133103.892859
115 1455133103.972759
32 1455133104.084900
114 1455133104.212863
97 1455133104.316445
116 1455133104.396884
104 1455133104.492846
101 1455133104.564849
114 1455133104.628861
32 1455133104.708596
102 1455133104.828632
111 1455133104.916828
114 1455133104.996763
32 1455133105.124951
117 1455133105.252811
115 1455133105.380798
32 1455133105.548796
116 1455133105.676817
111 1455133105.764553
32 1455133105.844807
98 1455133105.988917
101 1455133106.140863
32 1455133106.220563
104 1455133106.348334
101 1455133106.420698
114 1455133106.500812
101 1455133106.596760
32 1455133106.708821
100 1455133106.956538
105 1455133107.140581
101 1455133107.244860
8 1455133107.492683
8 1455133107.604198
101 1455133107.668383
100 1455133107.860540
105 1455133108.124039
99 1455133108.300753
97 1455133108.452571
116 1455133108.532772
101 1455133108.620737
100 1455133108.796637
32 1455133108.868727
116 1455133108.964867
111 1455133109.060750
32 1455133109.124782
116 1455133109.268696
104 1455133109.348611
101 1455133109.420717
32 1455133109.516813
103 1455133109.612548
114 1455133109.764707
101 1455133109.836793
97 1455133109.884704
116 1455133109.956683
32 1455133110.084582
116 1455133110.428800
97 1455133110.548580
115 1455133110.636765
107 1455133110.748977
32 1455133110.900708
114 1455133111.196848
101 1455133111.284581
109 1455133111.452732
97 1455133111.556748
105 1455133111.684779
110 1455133111.764769
105 1455133111.924858
110 1455133111.980707
103 1455133112.076460
32 1455133112.212963
98 1455133112.420699
101 1455133112.556727
102 1455133112.644634
111 1455133112.756670
114 1455133112.828854
101 1455133112.900653
32 1455133112.980456
117 1455133113.260731
115 1455133113.340749
45 1455133114.012447
32 1455133114.180681
8 1455133114.564535
116 1455133114.684722
104 1455133114.796631
97 1455133114.876547
116 1455133114.942277
32 1455133115.108199
102 1455133115.428442
114 1455133115.588530
111 1455133115.644569
109 1455133115.700604
32 1455133116.212632
116 1455133116.348619
104 1455133116.436144
101 1455133116.540680
115 1455133116.644455
101 1455133116.732499
32 1455133116.828660
104 1455133117.028743
111 1455133117.140541
110 1455133117.236650
114 1455133117.572349
101 1455133117.748428
100 1455133117.964676
8 1455133118.309063
8 1455133118.460787
8 1455133118.588651
111 1455133118.636591
114 1455133118.724154
101 1455133118.844560
100 1455133119.020256
32 1455133119.124081
100 1455133119.340477
101 1455133119.548657
97 1455133119.748753
100 1455133119.884560
32 1455133120.028404
119 1455133120.236594
101 1455133120.380586
32 1455133120.588619
116 1455133120.780595
97 1455133120.876655
107 1455133120.948478
101 1455133121.084385
32 1455133121.180546
105 1455133121.332583
110 1455133121.404650
99 1455133121.588643
114 1455133121.748549
101 1455133121.812528
97 1455133121.900605
115 1455133121.988477
101 1455133122.076423
100 1455133122.244580
32 1455133122.364452
102 1455133122.684597
8 1455133123.116051
100 1455133123.188267
101 1455133123.348588
118 1455133123.540569
111 1455133123.636402
116 1455133123.852321
105 1455133123.924124
111 1455133124.020565
110 1455133124.123998
32 1455133124.276609
116 1455133124.428345
111 1455133124.500562
32 1455133124.590135
116 1455133124.708677
104 1455133124.796263
97 1455133124.868215
116 1455133124.924710
32 1455133125.012430
99 1455133125.156370
97 1455133125.284496
117 1455133125.388580
115 1455133125.476503
101 1455133125.572507
32 1455133125.684205
102 1455133125.780680
111 1455133125.884417
114 1455133125.956536
32 1455133126.052380
116 1455133126.148484
8 1455133126.484277
119 1455133126.540521
104 1455133126.621516
105 1455133126.700485
99 1455133126.836664
104 1455133126.908466
32 1455133127.028074
116 1455133127.420533
104 1455133127.484537
101 1455133127.596584
121 1455133127.684507
32 1455133127.772672
103 1455133127.940462
97 1455133128.060445
118 1455133128.172491
101 1455133128.292493
32 1455133128.372208
116 1455133128.468538
104 1455133128.540583
101 1455133128.612282
32 1455133128.636294
108 1455133128.780525
97 1455133128.868557
115 1455133128.900255
116 1455133129.028382
32 1455133129.132478
102 1455133129.324569
117 1455133129.444360
108 1455133129.580465
108 1455133129.724515
32 1455133129.820118
109 1455133129.956513
101 1455133130.060406
97 1455133130.156454
115 1455133130.244065
117 1455133130.364471
114 1455133130.452188
101 1455133130.516346
32 1455133130.620479
111 1455133130.708531
102 1455133130.796402
32 1455133130.876516
100 1455133131.107861
101 1455133131.300422
118 1455133131.476422
111 1455133131.596505
116 1455133131.764408
105 1455133131.844471
111 1455133131.932490
110 1455133132.004024
32 1455133132.292637
8 1455133132.620410
45 1455133132.796350
32 1455133133.036222
8 1455133133.405106
116 1455133133.500477
104 1455133133.596439
97 1455133133.708478
116 1455133133.772358
32 1455133133.892403
119 1455133134.011955
101 1455133134.100472
32 1455133134.276221
104 1455133134.476336
101 1455133134.588345
114 1455133134.652185
101 1455133134.764492
32 1455133134.875998
104 1455133135.220365
105 1455133135.348445
103 1455133135.460131
104 1455133135.556366
108 1455133135.756142
121 1455133135.940378
32 1455133136.028458
114 1455133136.156423
101 1455133136.220215
115 1455133136.396487
111 1455133136.492436
108 1455133136.660402
118 1455133136.748399
101 1455133136.884394
32 1455133137.196197
116 1455133137.300271
104 1455133137.396173
97 1455133137.468942
116 1455133137.524462
32 1455133137.628463
116 1455133137.740362
104 1455133137.844379
101 1455133137.956530
115 1455133138.084386
101 1455133138.171946
32 1455133138.300336
100 1455133138.412342
101 1455133138.564297
97 1455133138.652373
100 1455133138.764379
32 1455133138.892392
115 1455133139.036103
104 1455133139.140383
97 1455133139.220221
108 1455133139.332389
108 1455133139.476363
32 1455133139.564389
110 1455133139.732852
111 1455133139.844167
116 1455133139.947908
32 1455133140.044489
104 1455133140.228378
97 1455133140.252734
118 1455133140.388368
101 1455133140.484370
32 1455133140.596304
100 1455133140.708341
105 1455133140.844214
101 1455133140.972315
100 1455133141.140386
32 1455133141.268296
105 1455133141.420321
110 1455133141.492334
32 1455133141.604302
118 1455133141.740352
97 1455133141.852294
105 1455133142.012053
110 1455133142.100306
45 1455133142.396164
116 1455133142.780322
104 1455133142.956161
97 1455133143.092166
116 1455133143.188448
32 1455133143.292353
116 1455133143.636321
104 1455133143.724359
105 1455133143.812346
115 1455133143.900324
32 1455133144.003821
110 1455133144.116321
97 1455133144.220314
116 1455133144.316212
105 1455133144.404105
111 1455133144.476251
110 1455133144.532230
44 1455133144.772301
32 1455133144.876318
117 1455133145.164300
110 1455133145.300082
100 1455133145.372197
101 1455133145.524074
114 1455133145.597325
32 1455133146.180239
71 1455133146.484286
111 1455133146.644260
100 1455133146.732052
44 1455133146.916171
32 1455133147.020262
115 1455133147.188271
104 1455133147.307872
97 1455133147.404263
108 1455133147.548181
108 1455133147.708210
32 1455133147.892269
104 1455133148.060266
97 1455133148.123551
118 1455133148.180255
101 1455133148.276175
32 1455133148.348181
97 1455133148.412194
32 1455133148.468086
32 1455133148.964156
8 1455133149.316240
110 1455133149.428139
101 1455133149.516205
119 1455133149.580174
32 1455133149.724093
98 1455133150.060205
105 1455133150.156259
114 1455133150.276162
116 1455133150.404227
104 1455133150.483996
32 1455133150.596050
111 1455133150.724105
102 1455133150.804196
32 1455133150.868245
102 1455133151.084177
114 1455133151.244159
101 1455133151.324206
101 1455133151.484116
100 1455133151.652172
111 1455133151.699908
109 1455133151.772205
45 1455133152.156076
97 1455133152.372630
110 1455133152.460135
100 1455133152.540110
32 1455133152.676256
116 1455133152.772131
104 1455133152.852218
97 1455133152.908203
116 1455133152.956109
32 1455133153.052195
103 1455133153.291906
111 1455133153.556189
118 1455133153.667994
101 1455133153.780136
114 1455133153.860099
110 1455133154.003698
109 1455133154.140185
101 1455133154.220143
110 1455133154.316096
116 1455133154.396957
32 1455133154.772102
111 1455133154.876154
102 1455133154.964170
32 1455133155.036128
116 1455133155.155729
104 1455133155.228097
101 1455133155.315604
32 1455133155.356030
112 1455133155.484022
101 1455133155.604071
111 1455133155.652097
112 1455133155.723765
101 1455133155.908128
44 1455133156.068164
8 1455133156.404150
8 1455133156.532134
108 1455133156.660800
101 1455133156.747637
44 1455133156.940109
32 1455133157.099662
98 1455133157.307583
121 1455133157.412018
32 1455133157.483873
116 1455133157.596088
104 1455133157.652153
101 1455133157.740273
32 1455133157.804158
112 1455133157.972044
101 1455133158.084115
111 1455133158.084783
112 1455133158.196126
108 1455133158.292046
101 1455133158.387932
44 1455133158.683793
32 1455133158.772110
97 1455133159.252039
8 1455133159.620022
102 1455133159.676084
111 1455133159.763632
114 1455133159.843939
32 1455133159.939962
116 1455133159.996089
104 1455133160.059992
101 1455133160.140035
32 1455133160.188130
112 1455133160.299816
101 1455133160.388072
111 1455133160.444048
112 1455133160.532052
108 1455133160.635996
101 1455133160.707948
44 1455133160.868088
32 1455133160.980037
115 1455133161.203971
104 1455133161.291597
97 1455133161.371627
108 1455133161.475985
108 1455133161.604052
32 1455133161.692088
110 1455133161.964037
111 1455133162.228012
116 1455133162.339989
32 1455133162.427778
112 1455133162.611769
101 1455133162.755785
114 1455133162.835813
105 1455133162.956094
115 1455133163.083935
104 1455133163.228917
32 1455133163.307866
102 1455133163.420056
114 1455133163.555777
111 1455133163.620054
109 1455133163.692102
32 1455133163.779976
116 1455133163.827946
104 1455133163.932056
101 1455133164.028074
32 1455133164.124020
101 1455133164.235679
97 1455133164.339641
114 1455133164.459865
116 1455133164.619506
104 1455133164.716031
46 1455133164.948011
10 1455133165.627929
10 1455133166.212018
