70 1454972005.872262
111 1454972006.112424
117 1454972006.208424
114 1454972006.280260
32 1454972006.440223
115 1454972006.552209
99 1454972006.720204
111 1454972006.776200
114 1454972006.920199
101 1454972007.024224
32 1454972007.136370
97 1454972007.208248
110 1454972007.312312
100 1454972007.400256
32 1454972007.528242
115 1454972007.592231
101 1454972007.704335
118 1454972007.912239
101 1454972007.984272
110 1454972008.088207
32 1454972008.192371
121 1454972008.304372
101 1454972008.392233
97 1454972008.464253
114 1454972008.568226
32 1454972008.736230
97 1454972008.888207
8 1454972009.272422
8 1454972009.424304
115 1454972009.680239
32 1454972009.792277
97 1454972009.928229
103 1454972010.040227
111 1454972010.128431
32 1454972010.272353
111 1454972010.368232
117 1454972010.448226
114 1454972010.536198
32 1454972010.648186
102 1454972010.736218
97 1454972010.816217
116 1454972010.936233
104 1454972011.008307
101 1454972011.096297
114 1454972011.152400
115 1454972011.256389
32 1454972011.312361
98 1454972011.488313
114 1454972011.640219
111 1454972011.704179
117 1454972011.776216
103 1454972011.880162
104 1454972011.984190
116 1454972012.088278
32 1454972012.208372
102 1454972012.608274
111 1454972012.680135
114 1454972012.808147
116 1454972012.952164
104 1454972013.024172
32 1454972013.104379
111 1454972013.184406
110 1454972013.360374
32 1454972013.456263
116 1454972013.576220
104 1454972013.624209
105 1454972013.712255
115 1454972013.792197
32 1454972013.872153
99 1454972014.000197
111 1454972014.056170
110 1454972014.136346
116 1454972014.232370
105 1454972014.320317
110 1454972014.360159
101 1454972014.464159
110 1454972014.568140
116 1454972014.656166
32 1454972014.736351
97 1454972014.816156
32 1454972014.896124
110 1454972015.048193
101 1454972015.136392
119 1454972015.240387
32 1454972015.328259
110 1454972015.432158
97 1454972015.504133
116 1454972015.600130
105 1454972015.672129
111 1454972015.728177
110 1454972015.816130
44 1454972016.008199
32 1454972016.104239
99 1454972016.208319
111 1454972016.256249
110 1454972016.328166
99 1454972016.416111
101 1454972016.576170
105 1454972016.664155
118 1454972016.784168
101 1454972016.872168
100 1454972017.040148
32 1454972017.120307
105 1454972017.168331
110 1454972017.256332
32 1454972017.312208
108 1454972017.392111
105 1454972017.496114
98 1454972017.656123
101 1454972017.824267
114 1454972017.904173
116 1454972018.072162
121 1454972018.152416
44 1454972018.376274
32 1454972018.440093
97 1454972018.504123
110 1454972018.608074
100 1454972018.680109
32 1454972018.792197
100 1454972019.024206
101 1454972019.184313
100 1454972019.344214
105 1454972019.448123
99 1454972019.528154
97 1454972019.632123
116 1454972019.712098
101 1454972019.840093
100 1454972019.992105
32 1454972020.064155
116 1454972020.224367
111 1454972020.304312
32 1454972020.408345
116 1454972020.480117
104 1454972020.568127
101 1454972020.648087
32 1454972020.720067
112 1454972020.816119
114 1454972020.952098
112 1454972021.096224
8 1454972021.496240
111 1454972021.792151
112 1454972021.984159
111 1454972022.384279
115 1454972022.536093
105 1454972022.664086
116 1454972022.736089
105 1454972022.832100
111 1454972022.896091
110 1454972022.968056
32 1454972023.064089
116 1454972023.296303
104 1454972023.368077
97 1454972023.456074
116 1454972023.520080
32 1454972023.608061
97 1454972023.688101
108 1454972023.760060
108 1454972023.912100
32 1454972023.992070
109 1454972024.016120
101 1454972024.136237
97 1454972024.184238
110 1454972024.248131
8 1454972024.632052
8 1454972024.760060
110 1454972025.080711
32 1454972025.248295
97 1454972025.400141
101 1454972025.648459
114 1454972025.649053
32 1454972025.888299
8 1454972026.152213
8 1454972026.288271
8 1454972026.400063
114 1454972026.496011
101 1454972026.576012
32 1454972026.680012
99 1454972026.784029
114 1454972026.936032
101 1454972027.024074
97 1454972027.096254
116 1454972027.136258
101 1454972027.216222
100 1454972027.400124
32 1454972027.504064
101 1454972027.816114
113 1454972027.936124
117 1454972028.088127
97 1454972028.184139
108 1454972028.304116
46 1454972028.520042
10 1454972029.640202
10 1454972030.168409
78 1454972031.296166
111 1454972031.608052
119 1454972031.736036
32 1454972031.872039
119 1454972032.000061
101 1454972032.128251
32 1454972032.256258
97 1454972032.328138
114 1454972032.392031
101 1454972032.448025
32 1454972032.552069
101 1454972032.752023
110 1454972032.895992
103 1454972033.088437
97 1454972033.224121
103 1454972033.288226
101 1454972033.424089
100 1454972034.080159
32 1454972034.216167
105 1454972034.328080
110 1454972034.384030
32 1454972034.472022
97 1454972034.527978
32 1454972034.672011
103 1454972034.784103
114 1454972034.968012
101 1454972035.056076
97 1454972035.120150
116 1454972035.192143
32 1454972035.312126
99 1454972035.407959
105 1454972035.479938
118 1454972035.599955
105 1454972035.663924
108 1454972035.840074
32 1454972036.008035
119 1454972036.112121
97 1454972036.200150
114 1454972036.320060
44 1454972036.455974
32 1454972036.503963
116 1454972036.663965
101 1454972036.784002
115 1454972036.912033
116 1454972036.967959
105 1454972037.056023
110 1454972037.104085
103 1454972037.216147
32 1454972037.256011
119 1454972037.407976
104 1454972037.511956
101 1454972037.599960
116 1454972037.695964
104 1454972037.831958
101 1454972037.912000
114 1454972037.975996
32 1454972038.079952
116 1454972038.192153
104 1454972038.264085
97 1454972038.360161
116 1454972038.400072
32 1454972038.496041
110 1454972038.551913
97 1454972038.735944
116 1454972038.839979
105 1454972038.927951
111 1454972038.983972
110 1454972039.063972
44 1454972039.296130
32 1454972039.367944
111 1454972039.479973
114 1454972039.599981
32 1454972039.727898
97 1454972039.920034
110 1454972039.999927
121 1454972040.192155
32 1454972040.304064
110 1454972040.479978
97 1454972040.567959
116 1454972040.647925
105 1454972040.744436
111 1454972040.784463
110 1454972040.872031
32 1454972040.992185
115 1454972041.152140
111 1454972041.232136
32 1454972041.384067
99 1454972041.543904
111 1454972041.623924
110 1454972041.687918
99 1454972042.216086
101 1454972042.504095
105 1454972042.615927
118 1454972042.815927
101 1454972042.943898
100 1454972043.104206
32 1454972043.215968
97 1454972043.311991
110 1454972043.391880
100 1454972043.479878
32 1454972043.575898
115 1454972043.671894
111 1454972043.719921
32 1454972043.831897
100 1454972043.935980
101 1454972044.096246
100 1454972044.280129
105 1454972044.391927
99 1454972044.479907
97 1454972044.575890
116 1454972044.663894
101 1454972044.783945
100 1454972044.943977
44 1454972045.063952
32 1454972045.144173
99 1454972045.328019
97 1454972045.391914
110 1454972045.503914
32 1454972045.647871
108 1454972045.959921
111 1454972046.112133
110 1454972046.184074
103 1454972046.247969
32 1454972046.335883
101 1454972046.431838
110 1454972046.519941
100 1454972046.615894
117 1454972046.751956
114 1454972046.855889
101 1454972046.935809
32 1454972047.120289
8 1454972047.928059
46 1454972048.248066
32 1454972048.407861
87 1454972048.687846
101 1454972049.015823
32 1454972049.248031
97 1454972049.343882
114 1454972049.399866
101 1454972049.503844
32 1454972049.599940
109 1454972049.775802
101 1454972050.079850
116 1454972050.192041
32 1454972050.304073
111 1454972050.391905
110 1454972050.495833
32 1454972050.496089
97 1454972050.599998
32 1454972050.695824
103 1454972050.791951
114 1454972050.951845
101 1454972051.031932
97 1454972051.103997
116 1454972051.160024
32 1454972051.255998
98 1454972051.519850
97 1454972051.607890
116 1454972051.719881
116 1454972051.863914
108 1454972051.959913
101 1454972052.039775
102 1454972052.168044
105 1454972052.303921
101 1454972052.383825
108 1454972052.487839
100 1454972052.583827
111 1454972052.711818
32 1454972052.711994
102 1454972052.831800
32 1454972052.903842
116 1454972052.983847
104 1454972053.071810
97 1454972053.127985
8 1454972053.344037
8 1454972053.479835
8 1454972053.607819
8 1454972053.735813
8 1454972053.871817
8 1454972054.023880
8 1454972054.184023
32 1454972054.496012
111 1454972054.631894
102 1454972054.776323
32 1454972054.895844
116 1454972054.976184
104 1454972055.072197
97 1454972055.112002
116 1454972055.167952
32 1454972055.255964
97 1454972055.407792
114 1454972055.519828
8 1454972055.951816
8 1454972056.079801
119 1454972056.207912
97 1454972056.279969
114 1454972056.375734
46 1454972056.711727
32 1454972056.999754
32 1454972057.168031
8 1454972057.663923
87 1454972058.015781
101 1454972058.279964
32 1454972058.375761
104 1454972058.455688
97 1454972058.527739
118 1454972058.599716
101 1454972058.663736
32 1454972058.719704
99 1454972058.871737
111 1454972058.871881
109 1454972058.951759
101 1454972059.047750
32 1454972059.151983
116 1454972059.223969
111 1454972059.255841
32 1454972059.367781
100 1454972059.471691
101 1454972059.679688
100 1454972059.855825
105 1454972059.967755
99 1454972060.047797
97 1454972060.135949
116 1454972060.215959
101 1454972060.311918
32 1454972060.423745
97 1454972060.511836
32 1454972060.583740
112 1454972060.615753
111 1454972060.799759
114 1454972060.879745
116 1454972061.079753
105 1454972061.407968
111 1454972061.488072
110 1454972061.607974
32 1454972061.871929
111 1454972061.943927
102 1454972062.087973
32 1454972062.159881
116 1454972062.295870
104 1454972062.384024
97 1454972062.535922
116 1454972062.575909
32 1454972062.687950
102 1454972062.983935
105 1454972063.136012
101 1454972063.231893
108 1454972063.327920
100 1454972063.432038
44 1454972063.591972
32 1454972063.663971
97 1454972063.799836
115 1454972063.895744
32 1454972064.023736
97 1454972064.127912
32 1454972064.223981
102 1454972064.543822
105 1454972064.615780
110 1454972064.671743
97 1454972064.743689
108 1454972064.863727
32 1454972064.951677
114 1454972065.079724
101 1454972065.135979
115 1454972065.295928
116 1454972065.367828
105 1454972065.439770
110 1454972065.503743
103 1454972065.591736
32 1454972065.663794
112 1454972065.695723
108 1454972065.863733
97 1454972065.919729
99 1454972066.031750
101 1454972066.191883
32 1454972066.319810
102 1454972066.383695
111 1454972066.463690
114 1454972066.559723
32 1454972066.639771
116 1454972066.719684
104 1454972066.807729
111 1454972066.839671
115 1454972066.903645
101 1454972066.991701
32 1454972067.111831
119 1454972067.191785
104 1454972067.303932
111 1454972067.319801
32 1454972067.559760
104 1454972067.687760
101 1454972067.791752
114 1454972067.871692
101 1454972067.999730
32 1454972068.095950
103 1454972068.223864
97 1454972068.303845
118 1454972068.439879
101 1454972068.527898
32 1454972068.687807
116 1454972068.759809
104 1454972068.863722
101 1454972068.951767
105 1454972069.055712
114 1454972069.127820
108 1454972069.279882
32 1454972069.280228
105 1454972069.375906
118 1454972069.471829
101 1454972069.543747
8 1454972069.855817
8 1454972069.967724
8 1454972070.095938
8 1454972070.239896
8 1454972070.375687
32 1454972070.655728
108 1454972070.815706
105 1454972070.903667
118 1454972071.047732
101 1454972071.127916
115 1454972071.255818
32 1454972071.391811
116 1454972071.439715
104 1454972071.551723
97 1454972071.599704
116 1454972071.647703
32 1454972071.767677
116 1454972071.895656
104 1454972072.023672
97 1454972072.119777
116 1454972072.175847
32 1454972072.327728
110 1454972072.479636
97 1454972072.567728
116 1454972072.655662
105 1454972072.727679
111 1454972072.767658
110 1454972072.847622
32 1454972072.951610
109 1454972073.095913
105 1454972073.207849
103 1454972073.311719
104 1454972073.407625
116 1454972073.527671
32 1454972073.775730
108 1454972074.007664
105 1454972074.063625
118 1454972074.175752
101 1454972074.343781
46 1454972074.503631
32 1454972074.671640
73 1454972075.167827
116 1454972075.311773
32 1454972075.439677
105 1454972075.535674
115 1454972075.631735
32 1454972075.711685
97 1454972075.783669
108 1454972075.903658
116 1454972076.095757
111 1454972076.167812
103 1454972076.351776
101 1454972076.495633
116 1454972076.551648
104 1454972076.647738
101 1454972076.751663
114 1454972076.799608
32 1454972076.887640
102 1454972077.191803
105 1454972077.327782
116 1454972077.447704
116 1454972077.591640
105 1454972077.687670
110 1454972077.751638
103 1454972077.847557
32 1454972077.975612
97 1454972078.031554
110 1454972078.111699
100 1454972078.199712
32 1454972078.263920
112 1454972078.343683
114 1454972078.447626
111 1454972078.543596
112 1454972078.639677
101 1454972078.767605
114 1454972078.815585
32 1454972078.943576
116 1454972079.031566
104 1454972079.127779
97 1454972079.215639
116 1454972079.247591
32 1454972079.335602
119 1454972079.431596
101 1454972079.511589
32 1454972079.615587
115 1454972079.703545
104 1454972079.799563
111 1454972079.863547
117 1454972079.959543
100 1454972080.095724
108 1454972080.095995
32 1454972080.191677
100 1454972080.295660
111 1454972080.335636
32 1454972080.439651
8 1454972080.663606
8 1454972080.783577
8 1454972080.903586
8 1454972081.023589
8 1454972081.159769
8 1454972081.303712
108 1454972081.535648
100 1454972081.639635
32 1454972081.703623
100 1454972081.911578
111 1454972081.991992
32 1454972082.096899
116 1454972082.191628
104 1454972082.271737
105 1454972082.351662
115 1454972082.655634
46 1454972082.855762
10 1454972083.103739
10 1454972084.023699
98 1454972084.407686
117 1454972084.543525
116 1454972084.671522
44 1454972084.863539
32 1454972084.967617
8 1454972085.199721
8 1454972085.311703
8 1454972085.447546
8 1454972085.583518
8 1454972085.743542
98 1454972086.471594
117 1454972086.591548
116 1454972086.703487
44 1454972086.839484
8 1454972087.127673
8 1454972087.255645
8 1454972087.415515
8 1454972087.967621
66 1454972088.839528
117 1454972089.223779
116 1454972089.407620
44 1454972089.583514
32 1454972089.687567
105 1454972089.815532
110 1454972089.895560
32 1454972089.919404
97 1454972090.519653
32 1454972090.679524
108 1454972090.895488
97 1454972090.975385
114 1454972091.047412
103 1454972091.231653
101 1454972091.343503
114 1454972091.415470
32 1454972091.503463
115 1454972091.575454
101 1454972091.671396
110 1454972091.799441
115 1454972091.863403
101 1454972091.927429
44 1454972092.063428
32 1454972092.119665
119 1454972092.239586
101 1454972092.335592
32 1454972092.423465
99 1454972092.527419
97 1454972092.599446
110 1454972092.679496
32 1454972092.775421
110 1454972092.887401
111 1454972092.927415
116 1454972093.015414
32 1454972093.103664
100 1454972093.223523
101 1454972093.391424
100 1454972093.551512
105 1454972093.639448
99 1454972093.719416
97 1454972093.791459
116 1454972093.895435
101 1454972094.007447
44 1454972094.135659
32 1454972094.199558
119 1454972094.343558
101 1454972094.423416
32 1454972094.567402
99 1454972094.647451
97 1454972094.711405
110 1454972094.815434
32 1454972094.959475
110 1454972095.063396
111 1454972095.135583
116 1454972095.239640
32 1454972095.343529
99 1454972095.487409
111 1454972095.559392
110 1454972095.639369
115 1454972095.839424
101 1454972095.959380
99 1454972096.183627
114 1454972096.327540
97 1454972096.447518
116 1454972096.527395
101 1454972096.631755
44 1454972096.791417
32 1454972096.863410
119 1454972096.975403
101 1454972097.087411
32 1454972097.231564
99 1454972097.343444
97 1454972097.391435
110 1454972097.503375
32 1454972097.751489
110 1454972097.903427
111 1454972097.983382
116 1454972098.111802
32 1454972098.695547
104 1454972098.863391
97 1454972098.967391
108 1454972099.119598
108 1454972099.247472
111 1454972099.423379
119 1454972099.503369
32 1454972099.607386
116 1454972099.703394
104 1454972099.783351
105 1454972099.847320
115 1454972099.895327
32 1454972100.015334
103 1454972100.127639
114 1454972100.295525
111 1454972100.335380
117 1454972100.391412
110 1454972100.559455
100 1454972100.655422
46 1454972100.783812
32 1454972100.911576
32 1454972101.119565
8 1454972101.615452
84 1454972101.887325
104 1454972102.095522
101 1454972102.175525
32 1454972102.271420
98 1454972102.375364
114 1454972102.527360
97 1454972102.607279
118 1454972102.743378
101 1454972102.839318
32 1454972102.895361
109 1454972102.983371
101 1454972103.087337
110 1454972103.167539
44 1454972103.351465
32 1454972103.423355
108 1454972103.551349
105 1454972103.655567
118 1454972103.735394
105 1454972103.855601
110 1454972103.911357
103 1454972103.991331
32 1454972104.096570
97 1454972104.183541
110 1454972104.271508
100 1454972104.351544
32 1454972104.439550
100 1454972104.543446
101 1454972104.719358
97 1454972104.815370
100 1454972104.919321
44 1454972105.031306
32 1454972105.143525
119 1454972105.327409
104 1454972105.423254
111 1454972105.455328
32 1454972105.591326
115 1454972105.647285
116 1454972105.751371
114 1454972105.919322
117 1454972106.023335
103 1454972106.127496
103 1454972106.263500
108 1454972106.359330
101 1454972106.439288
100 1454972106.583318
32 1454972106.655285
104 1454972106.839310
101 1454972107.039268
114 1454972107.151482
101 1454972107.279453
44 1454972107.535426
32 1454972107.631283
104 1454972107.911310
97 1454972107.999274
118 1454972108.079256
101 1454972108.151483
32 1454972108.247361
99 1454972108.399382
111 1454972108.439255
110 1454972108.519255
115 1454972108.655252
101 1454972108.847327
99 1454972109.063315
114 1454972109.215462
97 1454972109.327350
116 1454972109.391299
101 1454972109.519297
100 1454972109.679297
32 1454972109.783254
105 1454972109.863273
116 1454972110.007315
44 1454972110.407530
32 1454972110.487253
102 1454972110.631279
97 1454972110.895336
114 1454972110.991250
32 1454972111.119419
98 1454972111.343474
111 1454972111.455268
118 1454972111.623260
8 1454972111.839342
8 1454972111.967308
8 1454972112.103720
97 1454972112.263365
98 1454972112.399271
111 1454972112.527255
118 1454972112.647240
101 1454972112.751351
32 1454972112.879298
111 1454972112.919245
117 1454972113.015235
114 1454972113.063216
32 1454972113.159369
112 1454972113.231452
111 1454972113.367332
111 1454972113.535219
114 1454972113.631196
32 1454972113.735243
112 1454972113.879234
111 1454972113.983231
119 1454972114.119374
101 1454972114.175471
114 1454972114.231374
32 1454972114.327282
116 1454972114.407212
111 1454972114.455258
32 1454972114.527207
97 1454972114.607207
100 1454972114.687149
100 1454972114.831276
32 1454972114.927193
111 1454972115.047188
114 1454972115.143399
32 1454972115.263306
100 1454972115.335176
101 1454972115.527189
116 1454972115.687170
114 1454972115.823240
97 1454972115.927216
99 1454972116.039288
116 1454972116.183581
46 1454972116.303436
32 1454972116.423368
84 1454972116.695209
104 1454972116.847239
101 1454972116.911248
32 1454972117.015252
119 1454972117.095473
111 1454972117.199442
114 1454972117.311331
108 1454972117.399282
100 1454972117.479266
32 1454972117.599218
119 1454972117.695127
105 1454972117.791203
108 1454972117.927204
108 1454972118.087262
32 1454972118.175333
108 1454972118.279309
105 1454972118.343217
116 1454972118.439171
116 1454972118.599174
108 1454972118.679201
101 1454972118.791385
32 1454972118.847270
110 1454972118.919189
111 1454972118.967176
116 1454972119.079170
101 1454972119.151388
44 1454972119.383384
32 1454972119.439178
110 1454972119.575216
111 1454972119.647171
114 1454972119.759174
32 1454972119.855168
108 1454972119.927143
111 1454972120.071160
110 1454972120.143321
103 1454972120.199252
32 1454972120.583271
114 1454972120.679170
101 1454972120.791182
109 1454972120.863161
101 1454972120.967143
109 1454972121.039143
98 1454972121.159403
101 1454972121.271350
114 1454972121.327183
32 1454972121.439159
119 1454972121.631132
104 1454972121.743111
97 1454972121.815159
116 1454972121.895152
32 1454972121.975137
119 1454972122.119387
101 1454972122.255351
32 1454972122.335379
115 1454972122.519178
97 1454972122.615245
121 1454972122.727249
32 1454972122.831168
104 1454972123.015257
101 1454972123.119290
114 1454972123.175316
101 1454972123.295304
44 1454972123.439136
32 1454972123.503211
98 1454972123.711130
117 1454972123.799173
116 1454972123.911140
32 1454972123.991165
105 1454972124.071221
116 1454972124.199359
32 1454972124.391253
99 1454972124.495114
97 1454972124.583166
110 1454972124.647126
32 1454972124.759099
110 1454972124.887187
101 1454972124.967120
118 1454972125.071146
101 1454972125.159313
114 1454972125.247267
32 1454972125.335200
102 1454972125.439106
111 1454972125.527113
114 1454972125.615087
103 1454972125.767167
101 1454972125.871105
116 1454972125.951042
32 1454972126.055107
119 1454972126.167326
104 1454972126.271312
97 1454972126.351119
116 1454972126.407139
32 1454972126.471113
116 1454972126.631116
104 1454972126.703104
101 1454972126.775180
121 1454972126.871130
32 1454972126.927113
100 1454972127.023160
105 1454972127.119259
100 1454972127.199297
32 1454972127.287224
104 1454972127.471179
101 1454972128.119365
114 1454972128.279283
101 1454972128.367189
46 1454972128.615105
32 1454972128.735126
73 1454972129.175266
116 1454972129.319242
32 1454972129.399181
105 1454972129.495101
115 1454972129.583088
32 1454972129.663141
102 1454972129.767018
111 1454972129.863084
114 1454972129.935092
32 1454972130.015072
117 1454972130.111191
115 1454972130.183301
32 1454972130.303159
116 1454972130.431099
104 1454972130.519069
101 1454972130.623091
32 1454972130.735040
108 1454972130.959024
105 1454972131.055078
118 1454972131.175218
105 1454972131.271156
110 1454972131.335074
103 1454972131.423042
44 1454972131.567041
32 1454972131.607105
114 1454972131.711048
97 1454972131.815054
116 1454972131.903029
104 1454972131.999099
101 1454972132.071004
114 1454972132.111276
44 1454972132.255195
32 1454972132.303074
116 1454972132.463094
111 1454972132.519108
32 1454972132.615060
98 1454972132.687026
101 1454972132.831132
32 1454972132.919145
100 1454972133.031136
101 1454972133.175266
100 1454972133.327233
105 1454972133.431057
99 1454972133.511000
97 1454972133.607004
116 1454972133.695036
101 1454972133.831052
100 1454972134.023272
32 1454972134.159261
101 1454972134.359238
104 1454972134.359520
8 1454972134.783113
8 1454972134.919051
104 1454972135.135242
101 1454972135.215306
114 1454972135.295105
101 1454972135.407101
32 1454972135.559010
116 1454972135.663003
111 1454972135.751105
32 1454972135.799024
116 1454972135.895005
104 1454972135.974983
101 1454972136.054986
32 1454972136.135205
117 1454972136.327193
110 1454972136.503046
102 1454972136.583018
105 1454972136.671059
110 1454972136.767050
105 1454972136.879025
115 1454972136.983014
104 1454972137.071062
101 1454972137.159187
100 1454972137.311230
32 1454972137.391080
119 1454972137.479026
111 1454972137.566983
114 1454972137.655010
107 1454972137.726998
32 1454972137.831055
119 1454972137.903030
104 1454972138.063000
105 1454972138.159197
99 1454972138.279138
104 1454972138.319009
32 1454972138.415007
116 1454972138.502981
104 1454972138.591056
101 1454972138.678997
121 1454972138.775082
32 1454972138.863076
119 1454972138.975107
104 1454972139.063040
111 1454972139.127141
32 1454972139.271069
102 1454972139.407018
111 1454972139.535010
117 1454972139.662977
103 1454972139.766937
104 1454972139.846984
116 1454972139.950976
32 1454972140.030974
104 1454972140.103068
101 1454972140.199228
114 1454972140.255240
101 1454972140.375090
32 1454972140.471022
104 1454972140.511001
97 1454972140.606966
118 1454972140.678958
101 1454972140.766970
32 1454972140.830969
116 1454972140.942961
104 1454972141.023014
117 1454972141.159197
115 1454972141.247078
32 1454972141.326965
102 1454972141.415036
97 1454972141.518994
114 1454972141.591017
32 1454972141.710971
115 1454972141.895052
111 1454972141.950975
32 1454972142.022973
110 1454972142.159119
111 1454972142.215008
98 1454972142.343024
108 1454972142.454939
101 1454972142.542939
8 1454972143.095144
121 1454972143.311190
32 1454972143.407030
97 1454972143.759001
100 1454972143.910934
118 1454972144.078932
97 1454972144.159167
110 1454972144.255203
99 1454972144.342962
101 1454972144.502966
100 1454972144.654962
46 1454972144.758960
32 1454972144.895010
73 1454972145.135146
116 1454972145.311097
32 1454972145.486982
105 1454972145.590939
115 1454972145.686877
32 1454972145.774969
114 1454972145.862944
97 1454972145.950938
116 1454972146.038904
104 1454972146.151138
101 1454972146.231093
114 1454972146.263045
32 1454972146.342972
102 1454972146.438903
111 1454972146.526900
114 1454972146.622905
32 1454972146.702914
117 1454972146.798929
115 1454972146.878943
32 1454972146.966913
116 1454972147.062973
111 1454972147.127157
32 1454972147.191159
98 1454972147.286941
101 1454972147.406999
32 1454972147.486927
104 1454972147.622960
101 1454972147.686869
114 1454972147.766861
101 1454972147.862948
32 1454972147.982847
100 1454972148.086891
101 1454972148.223117
100 1454972148.478934
105 1454972148.622933
99 1454972148.774926
97 1454972148.942947
116 1454972149.062910
101 1454972149.207186
100 1454972149.367061
32 1454972149.430964
116 1454972149.542914
111 1454972149.574912
32 1454972149.638918
116 1454972149.718894
104 1454972149.806923
101 1454972149.870880
32 1454972149.910892
103 1454972150.078895
114 1454972150.247061
101 1454972150.302880
97 1454972150.382929
116 1454972150.438907
32 1454972150.598913
116 1454972150.902946
97 1454972151.014872
107 1454972151.159089
115 1454972151.263031
32 1454972151.374890
114 1454972151.518870
8 1454972151.734870
8 1454972151.854925
8 1454972151.998895
8 1454972152.135035
115 1454972152.287008
107 1454972152.406913
32 1454972152.550925
114 1454972152.647077
101 1454972152.742846
97 1454972152.822906
109 1454972152.862876
8 1454972153.343046
8 1454972153.470888
109 1454972153.646918
97 1454972153.710849
105 1454972153.806922
110 1454972153.878932
105 1454972153.998867
110 1454972154.054875
103 1454972154.134987
32 1454972154.223026
98 1454972154.494935
101 1454972154.646830
102 1454972154.702871
111 1454972154.790862
114 1454972154.886925
101 1454972154.958817
32 1454972155.046843
117 1454972155.263064
115 1454972155.350913
45 1454972155.558849
116 1454972155.846950
104 1454972155.958879
97 1454972156.030901
116 1454972156.070896
32 1454972156.231029
102 1454972156.366866
114 1454972156.518838
111 1454972156.574825
109 1454972156.646830
32 1454972156.710824
116 1454972156.790845
104 1454972156.878928
101 1454972156.974829
115 1454972157.078827
101 1454972157.183042
32 1454972157.302953
104 1454972157.398964
111 1454972157.478900
110 1454972157.582997
111 1454972157.686834
114 1454972157.758838
101 1454972157.910839
100 1454972158.062825
32 1454972158.174996
100 1454972158.270903
101 1454972158.414819
97 1454972158.502760
100 1454972158.598742
32 1454972158.710772
119 1454972158.790920
101 1454972158.926826
32 1454972159.062764
116 1454972159.158993
97 1454972159.262932
107 1454972159.374877
101 1454972159.470787
32 1454972159.582781
105 1454972159.694778
110 1454972159.766777
99 1454972159.838835
114 1454972159.974820
101 1454972160.054809
97 1454972160.118922
115 1454972160.230917
101 1454972160.398870
100 1454972160.558813
32 1454972160.670802
101 1454972160.838866
8 1454972161.134995
100 1454972161.206927
101 1454972161.350941
118 1454972161.446791
111 1454972161.550785
116 1454972161.694779
105 1454972161.790751
111 1454972161.846782
110 1454972161.934784
32 1454972162.086778
116 1454972162.190968
111 1454972162.246885
32 1454972162.326830
116 1454972162.398836
104 1454972162.486798
97 1454972162.558786
116 1454972162.614752
32 1454972162.710759
99 1454972162.830754
97 1454972162.934798
117 1454972163.046808
115 1454972163.142986
101 1454972163.207014
32 1454972163.318820
102 1454972163.382783
111 1454972163.494772
114 1454972163.582776
32 1454972163.646777
119 1454972163.742761
104 1454972163.854783
105 1454972163.927198
99 1454972163.983061
104 1454972164.070912
32 1454972164.166909
116 1454972164.206963
104 1454972164.294943
101 1454972164.374821
121 1454972164.478729
32 1454972164.526773
103 1454972164.606807
97 1454972164.710751
118 1454972164.806769
101 1454972164.870780
32 1454972164.966732
116 1454972165.054746
104 1454972165.134959
101 1454972165.214905
32 1454972165.254754
108 1454972165.366688
97 1454972165.454714
115 1454972165.502730
116 1454972165.590775
32 1454972165.654713
102 1454972165.758723
117 1454972165.854744
108 1454972165.990695
108 1454972166.126986
32 1454972166.222991
109 1454972166.286820
101 1454972166.374748
97 1454972166.454754
115 1454972166.526727
117 1454972166.694735
114 1454972166.782728
101 1454972166.870703
32 1454972166.910731
111 1454972166.990718
102 1454972167.078740
32 1454972167.150875
100 1454972167.270956
101 1454972167.446907
118 1454972167.558704
111 1454972167.622723
116 1454972167.758698
105 1454972167.822679
111 1454972167.878694
110 1454972167.966681
45 1454972168.174981
116 1454972168.446898
104 1454972168.558743
97 1454972168.630707
116 1454972168.702697
32 1454972168.806709
119 1454972168.934695
101 1454972169.038702
32 1454972169.134932
104 1454972169.206864
101 1454972169.342864
114 1454972169.430725
101 1454972169.566704
32 1454972169.654762
104 1454972169.750716
105 1454972169.838677
103 1454972169.902670
104 1454972169.990813
108 1454972170.078653
121 1454972170.222916
32 1454972170.302917
114 1454972170.390747
101 1454972170.446704
115 1454972170.566709
111 1454972170.670668
108 1454972170.830705
118 1454972170.926714
101 1454972171.038696
32 1454972171.254905
116 1454972171.422718
104 1454972171.494737
97 1454972171.614685
116 1454972171.726683
32 1454972171.934700
116 1454972172.086689
104 1454972172.150908
101 1454972172.286803
115 1454972172.422735
101 1454972172.526669
32 1454972172.622712
100 1454972172.734705
101 1454972172.910666
97 1454972173.038672
100 1454972173.150839
32 1454972173.342785
115 1454972173.470660
104 1454972173.558734
97 1454972173.630642
108 1454972173.782793
108 1454972173.918662
32 1454972173.990618
110 1454972174.094811
111 1454972174.150879
116 1454972174.238780
32 1454972174.286654
104 1454972174.630666
97 1454972174.702662
118 1454972174.790590
101 1454972174.870697
32 1454972174.942693
100 1454972175.078717
105 1454972175.190802
101 1454972175.246870
101 1454972175.390846
8 1454972175.838745
100 1454972175.934653
32 1454972176.070736
105 1454972176.198848
110 1454972176.262851
32 1454972176.334716
118 1454972176.510628
97 1454972176.606605
105 1454972176.678568
110 1454972176.742656
45 1454972176.958662
116 1454972177.094904
104 1454972177.222818
97 1454972177.294675
116 1454972177.342595
32 1454972177.438632
116 1454972177.598695
104 1454972177.654741
105 1454972177.750576
115 1454972177.822641
32 1454972177.934616
110 1454972178.278890
97 1454972178.382629
116 1454972178.454575
105 1454972178.502616
111 1454972178.558635
110 1454972178.622631
44 1454972178.870640
32 1454972178.902635
117 1454972179.078626
110 1454972179.238824
100 1454972179.294750
101 1454972179.446627
114 1454972179.478612
32 1454972179.598587
71 1454972179.838570
111 1454972179.982599
100 1454972180.102737
44 1454972180.214775
32 1454972180.286646
104 1454972180.478612
115 1454972180.494600
8 1454972180.782567
8 1454972180.918617
115 1454972180.998699
104 1454972181.110875
97 1454972181.198733
108 1454972181.318661
108 1454972181.454838
32 1454972181.686785
97 1454972181.958766
104 1454972182.142813
8 1454972182.334769
8 1454972182.486707
104 1454972182.694658
97 1454972182.734606
118 1454972182.854606
101 1454972182.910690
32 1454972182.982630
97 1454972183.054621
32 1454972183.118838
110 1454972183.174750
101 1454972183.278702
119 1454972183.382652
32 1454972183.502612
98 1454972183.638655
105 1454972183.702589
114 1454972183.814564
116 1454972183.982588
104 1454972184.062559
32 1454972184.142794
111 1454972184.230789
102 1454972184.294604
32 1454972184.374618
102 1454972184.478642
114 1454972184.622573
101 1454972184.726577
101 1454972184.886586
100 1454972185.030558
111 1454972185.086605
109 1454972185.158752
45 1454972186.062657
97 1454972186.174762
110 1454972186.302681
100 1454972186.382560
32 1454972186.806563
116 1454972186.886555
104 1454972186.982538
97 1454972187.030533
116 1454972187.118654
32 1454972187.214639
103 1454972187.886660
111 1454972187.958545
118 1454972188.070547
101 1454972188.190835
114 1454972188.246736
110 1454972188.334688
109 1454972188.502610
101 1454972188.566501
110 1454972188.686522
116 1454972188.710537
32 1454972188.814525
111 1454972188.902526
102 1454972188.958567
32 1454972189.070517
116 1454972189.142766
104 1454972189.222777
101 1454972189.294576
32 1454972189.430606
112 1454972189.550545
101 1454972189.670520
111 1454972189.742598
112 1454972189.830671
108 1454972189.942545
101 1454972190.046549
44 1454972190.206703
32 1454972190.254578
98 1454972190.470539
121 1454972190.582529
32 1454972190.670476
116 1454972190.774485
104 1454972190.838585
101 1454972190.942523
32 1454972190.958519
112 1454972191.038511
101 1454972191.214703
111 1454972191.254666
112 1454972191.318620
108 1454972191.462485
101 1454972191.550477
44 1454972191.894547
32 1454972191.990469
102 1454972192.134768
111 1454972192.214707
114 1454972192.310480
32 1454972192.406489
116 1454972192.478529
104 1454972192.558528
101 1454972192.630462
32 1454972192.654503
112 1454972192.758458
101 1454972192.878461
111 1454972192.918504
112 1454972192.990475
108 1454972193.110647
101 1454972193.166631
44 1454972193.334594
32 1454972193.398543
97 1454972193.478526
104 1454972193.654475
8 1454972193.894531
8 1454972194.014476
115 1454972194.127108
104 1454972194.230658
97 1454972194.310573
108 1454972194.422568
108 1454972194.550492
32 1454972194.646500
110 1454972194.686480
111 1454972194.766485
116 1454972194.838465
32 1454972194.926455
112 1454972195.078416
101 1454972195.206573
114 1454972195.326571
105 1454972195.462554
115 1454972195.566423
104 1454972195.686473
32 1454972195.798523
102 1454972195.902472
114 1454972196.014490
111 1454972196.062460
109 1454972196.134542
32 1454972196.214586
116 1454972196.270572
104 1454972196.374460
101 1454972196.462416
32 1454972196.494441
101 1454972196.662437
97 1454972196.742418
114 1454972196.806463
116 1454972196.982440
104 1454972197.078427
46 1454972197.326605
