70 1460068525.150455
111 1460068525.262638
117 1460068525.358316
114 1460068525.454149
32 1460068525.574004
115 1460068525.710012
99 1460068525.870003
111 1460068526.069990
114 1460068526.189969
101 1460068526.270030
32 1460068526.317971
97 1460068526.555052
110 1460068526.590006
100 1460068526.733901
32 1460068526.781914
115 1460068526.941982
101 1460068527.030040
118 1460068527.181982
101 1460068527.341925
110 1460068527.437987
32 1460068527.509918
121 1460068527.661926
101 1460068527.837990
97 1460068527.909930
114 1460068527.997924
115 1460068528.125995
32 1460068528.197924
97 1460068528.358060
103 1460068528.501944
111 1460068528.597969
32 1460068528.701928
111 1460068529.030151
117 1460068529.110009
116 1460068529.237944
32 1460068529.350018
102 1460068529.493909
8 1460068529.846106
8 1460068530.021934
8 1460068530.166023
114 1460068530.341963
32 1460068530.501931
102 1460068530.838043
97 1460068530.981991
116 1460068531.061915
104 1460068531.165927
101 1460068531.254087
114 1460068531.333928
115 1460068531.461997
32 1460068531.549982
98 1460068531.757912
114 1460068531.973930
111 1460068532.045921
117 1460068532.125880
103 1460068532.245895
104 1460068532.349969
32 1460068532.445989
102 1460068532.621968
111 1460068532.726077
8 1460068533.045955
8 1460068533.221910
8 1460068533.373862
116 1460068533.517871
32 1460068533.637931
102 1460068533.950032
111 1460068534.045902
114 1460068534.325927
116 1460068534.581923
104 1460068534.677947
32 1460068534.781838
111 1460068534.933894
110 1460068535.013909
32 1460068535.101851
116 1460068535.245904
104 1460068535.349860
105 1460068535.421851
115 1460068535.533873
32 1460068535.637917
99 1460068535.845909
111 1460068536.005857
110 1460068536.141928
116 1460068536.325860
105 1460068536.461984
110 1460068536.557844
101 1460068536.790031
110 1460068536.845885
116 1460068537.037858
32 1460068537.141976
97 1460068537.309823
32 1460068537.405864
110 1460068537.645838
101 1460068537.773864
119 1460068537.877918
32 1460068537.989877
110 1460068538.181877
97 1460068538.293869
116 1460068538.397830
105 1460068538.453848
111 1460068538.517874
110 1460068538.573856
44 1460068538.805961
32 1460068538.845972
99 1460068539.045936
111 1460068539.117836
110 1460068539.237828
99 1460068539.638436
101 1460068539.893870
105 1460068540.277980
118 1460068540.397851
101 1460068540.517804
100 1460068540.766055
32 1460068540.869917
105 1460068541.157918
110 1460068541.237852
32 1460068541.309800
108 1460068541.525836
105 1460068541.645801
98 1460068541.765853
101 1460068541.933801
114 1460068542.037830
116 1460068542.469950
121 1460068542.733841
44 1460068542.909875
32 1460068543.013784
97 1460068543.261817
110 1460068543.349842
100 1460068543.509850
32 1460068543.565830
100 1460068543.717798
101 1460068543.909821
100 1460068544.205932
105 1460068544.317824
99 1460068544.528275
97 1460068544.685756
116 1460068544.773813
101 1460068544.909855
100 1460068545.109877
32 1460068545.237847
116 1460068545.453924
111 1460068545.549811
32 1460068545.637821
116 1460068545.725799
104 1460068545.837813
101 1460068545.925819
32 1460068546.029840
112 1460068546.157830
114 1460068546.333820
111 1460068546.445890
112 1460068546.605820
111 1460068546.757823
115 1460068546.973843
105 1460068547.069863
116 1460068547.221749
105 1460068547.285815
111 1460068547.341835
110 1460068547.421744
32 1460068547.501844
116 1460068547.669846
104 1460068547.789890
97 1460068547.861830
116 1460068547.949758
32 1460068548.006295
97 1460068548.189824
108 1460068548.246903
108 1460068548.397790
32 1460068548.477742
109 1460068548.629734
101 1460068548.757769
110 1460068548.853719
32 1460068548.933746
97 1460068549.037748
114 1460068549.117750
101 1460068549.253820
32 1460068549.349746
99 1460068549.581791
114 1460068549.829793
101 1460068549.925766
97 1460068550.021699
116 1460068550.101769
101 1460068550.221733
100 1460068550.413787
32 1460068550.517796
101 1460068550.773822
113 1460068551.005745
117 1460068551.069715
97 1460068551.221709
108 1460068551.341761
46 1460068551.589785
10 1460068552.021910
10 1460068552.245775
78 1460068552.805733
111 1460068552.989758
119 1460068553.173808
32 1460068553.261744
119 1460068553.597812
101 1460068553.693740
32 1460068553.779577
97 1460068553.901800
114 1460068553.989713
101 1460068554.077667
32 1460068554.205830
101 1460068554.341768
110 1460068554.453876
103 1460068554.565726
97 1460068554.685690
103 1460068554.765729
101 1460068554.861765
100 1460068555.061812
32 1460068555.141709
105 1460068555.285737
110 1460068555.389709
32 1460068555.462720
97 1460068555.541716
32 1460068555.637696
103 1460068555.861759
114 1460068556.077730
101 1460068556.173713
97 1460068556.269650
116 1460068556.373716
32 1460068556.493766
118 1460068556.749775
105 1460068557.189809
8 1460068557.381697
8 1460068557.565712
99 1460068557.725736
105 1460068557.861680
118 1460068558.045664
105 1460068558.181721
108 1460068558.293802
32 1460068558.485729
119 1460068558.661736
97 1460068558.741664
114 1460068558.861710
44 1460068558.941619
32 1460068559.029686
116 1460068559.173690
101 1460068559.333643
115 1460068559.413695
116 1460068559.485619
105 1460068559.553484
110 1460068559.629630
103 1460068559.733614
32 1460068559.837642
119 1460068559.927322
104 1460068560.085666
101 1460068560.213613
116 1460068560.317678
104 1460068560.461643
101 1460068560.573615
114 1460068560.656840
32 1460068560.725610
116 1460068560.893683
104 1460068560.973609
97 1460068561.069605
116 1460068561.149568
32 1460068561.216701
110 1460068561.357624
97 1460068561.477634
116 1460068561.557611
105 1460068561.623403
111 1460068561.688213
110 1460068561.753498
44 1460068561.973712
32 1460068562.070533
111 1460068562.645856
114 1460068562.813661
32 1460068562.909602
97 1460068563.181772
110 1460068563.274388
121 1460068563.413615
32 1460068564.469833
110 1460068564.733707
97 1460068564.869647
116 1460068564.973669
105 1460068565.053599
111 1460068565.125662
110 1460068565.188744
32 1460068565.293679
115 1460068565.453686
111 1460068565.516357
32 1460068565.621634
99 1460068565.805623
111 1460068565.949644
110 1460068566.069693
99 1460068566.237640
101 1460068566.445649
105 1460068566.597632
118 1460068566.709546
101 1460068566.813627
100 1460068566.997669
32 1460068567.094651
99 1460068567.237566
97 1460068567.373572
8 1460068567.573613
8 1460068567.749580
97 1460068567.909637
110 1460068568.021601
100 1460068568.133590
32 1460068568.253666
115 1460068568.397574
111 1460068568.557543
32 1460068568.677590
100 1460068568.821617
101 1460068569.005572
100 1460068569.205623
105 1460068569.331152
99 1460068569.404622
97 1460068569.533717
116 1460068569.629538
101 1460068569.733533
100 1460068569.925606
44 1460068569.997535
32 1460068570.085538
99 1460068570.237573
97 1460068570.333616
110 1460068570.405510
32 1460068570.509565
108 1460068570.645519
111 1460068570.797591
110 1460068570.893528
103 1460068570.973638
32 1460068571.085549
101 1460068571.349630
110 1460068571.445559
100 1460068571.605536
117 1460068571.685541
114 1460068571.861555
101 1460068571.941531
46 1460068572.061516
32 1460068572.189589
87 1460068572.477731
101 1460068572.693511
32 1460068572.765516
97 1460068572.877444
114 1460068572.957541
101 1460068573.037536
32 1460068573.101796
109 1460068573.229490
101 1460068573.325554
116 1460068573.413520
32 1460068573.509556
97 1460068573.661536
32 1460068573.821594
8 1460068574.285569
8 1460068574.437554
111 1460068574.949616
110 1460068575.053492
32 1460068575.453605
97 1460068575.685531
32 1460068575.769343
103 1460068575.917493
114 1460068576.117502
101 1460068576.221540
97 1460068576.325449
116 1460068576.405507
32 1460068576.485535
98 1460068576.637487
97 1460068576.797601
116 1460068576.877440
116 1460068577.037456
108 1460068577.149552
101 1460068577.269515
102 1460068577.837747
105 1460068577.973034
101 1460068578.093497
108 1460068578.173447
100 1460068578.317505
32 1460068578.405458
111 1460068578.549469
102 1460068578.677478
32 1460068578.791107
116 1460068578.885434
104 1460068578.965417
97 1460068579.045443
116 1460068579.111521
32 1460068579.176810
119 1460068579.301501
97 1460068579.445632
114 1460068579.525458
46 1460068579.949522
32 1460068580.085454
87 1460068580.341500
101 1460068580.573460
32 1460068580.701550
104 1460068581.037471
97 1460068581.140399
118 1460068581.214836
101 1460068581.279616
32 1460068581.342793
99 1460068581.501462
111 1460068581.573441
109 1460068581.645437
101 1460068581.781515
32 1460068581.853435
100 1460068582.029427
8 1460068582.701514
116 1460068583.061575
111 1460068583.141392
32 1460068583.573530
100 1460068583.997458
101 1460068584.205428
100 1460068584.405470
105 1460068584.493575
99 1460068584.573457
97 1460068584.701442
116 1460068584.781419
101 1460068584.861362
32 1460068584.981433
97 1460068585.117461
32 1460068585.210191
112 1460068585.325448
111 1460068585.485680
114 1460068585.597399
116 1460068585.797424
105 1460068585.860081
111 1460068585.933443
110 1460068586.021389
32 1460068586.117514
111 1460068586.285488
102 1460068586.389492
32 1460068586.509453
116 1460068586.629352
104 1460068586.701328
97 1460068586.805359
116 1460068586.869343
32 1460068586.930552
102 1460068587.101411
105 1460068587.163190
101 1460068587.317364
108 1460068587.407516
100 1460068587.557380
44 1460068587.677377
32 1460068587.737501
97 1460068587.877333
115 1460068587.973349
32 1460068588.061310
97 1460068588.205367
32 1460068588.277374
102 1460068588.445368
105 1460068588.525397
110 1460068588.589342
97 1460068588.709429
108 1460068588.768951
32 1460068588.861408
114 1460068589.013451
101 1460068589.085358
115 1460068589.221431
116 1460068589.325383
105 1460068589.387121
110 1460068589.461322
103 1460068589.573428
32 1460068589.645307
112 1460068589.837448
108 1460068589.930923
97 1460068589.992815
99 1460068590.101501
101 1460068590.221381
32 1460068590.293359
102 1460068590.453458
111 1460068590.549375
114 1460068590.669317
32 1460068590.733369
116 1460068590.869361
104 1460068590.949410
111 1460068591.013410
115 1460068591.077398
101 1460068591.157366
32 1460068591.237337
119 1460068591.381340
104 1460068591.469348
111 1460068591.541338
32 1460068591.629348
104 1460068591.853338
97 1460068591.949387
114 1460068592.011874
101 1460068592.117310
32 1460068592.204418
8 1460068592.597484
8 1460068592.757338
8 1460068592.917344
8 1460068593.069305
101 1460068593.221319
114 1460068593.325352
101 1460068593.461292
32 1460068593.565303
103 1460068593.725300
97 1460068593.869277
118 1460068593.997417
101 1460068594.117278
32 1460068594.213292
116 1460068594.325369
104 1460068594.421319
101 1460068594.541283
105 1460068594.669323
114 1460068594.845354
32 1460068595.093330
108 1460068595.445345
105 1460068595.541289
118 1460068595.613299
101 1460068595.717397
115 1460068595.781414
32 1460068595.853314
116 1460068595.973331
104 1460068596.085327
116 1460068596.229337
32 1460068596.413298
116 1460068596.637313
8 1460068596.885277
8 1460068597.053429
8 1460068597.205314
97 1460068597.477303
116 1460068597.557275
32 1460068597.669324
116 1460068597.837246
104 1460068597.917251
97 1460068598.021239
116 1460068598.109256
32 1460068598.197242
110 1460068598.381248
97 1460068598.485314
116 1460068598.565252
105 1460068598.669231
111 1460068598.773325
110 1460068598.861234
32 1460068598.957302
109 1460068599.125370
105 1460068599.197294
103 1460068599.381280
104 1460068599.477405
116 1460068599.581296
32 1460068599.893319
108 1460068600.117277
105 1460068600.189264
118 1460068600.285282
101 1460068600.397282
46 1460068600.501219
32 1460068600.586077
73 1460068600.965250
116 1460068601.141253
32 1460068601.221227
105 1460068601.357249
115 1460068601.477299
32 1460068601.542498
97 1460068601.677257
108 1460068601.757227
116 1460068601.949233
111 1460068602.109257
103 1460068602.309273
101 1460068602.909295
116 1460068603.037241
104 1460068603.173214
101 1460068603.277278
114 1460068603.365214
32 1460068603.430585
102 1460068603.613235
105 1460068603.685227
116 1460068603.861278
116 1460068604.037299
105 1460068604.141251
110 1460068604.221250
103 1460068604.309200
32 1460068604.389283
97 1460068604.517206
110 1460068604.733282
100 1460068604.861228
32 1460068604.933202
112 1460068605.085342
114 1460068605.261251
111 1460068605.350798
112 1460068605.461236
101 1460068605.613240
114 1460068605.682988
32 1460068605.789159
116 1460068605.909245
104 1460068606.021235
97 1460068606.109838
116 1460068606.180419
32 1460068606.246576
119 1460068606.341147
101 1460068606.445152
32 1460068606.557237
115 1460068606.685188
104 1460068606.796503
111 1460068606.877170
117 1460068606.989164
108 1460068607.189215
100 1460068607.429214
32 1460068607.549187
100 1460068607.781412
111 1460068607.901199
32 1460068608.013150
116 1460068608.104077
104 1460068608.245204
105 1460068608.310727
115 1460068608.453223
46 1460068608.573209
10 1460068608.845165
10 1460068609.005193
66 1460068609.597267
117 1460068609.725164
116 1460068609.869168
32 1460068609.949115
8 1460068610.557312
8 1460068610.717153
44 1460068610.941137
32 1460068611.030868
8 1460068611.333250
8 1460068611.541156
116 1460068611.717193
44 1460068611.829207
32 1460068611.901154
110 1460068612.229207
105 1460068612.381189
8 1460068612.701257
8 1460068612.861173
105 1460068613.133261
110 1460068613.219431
32 1460068613.717219
97 1460068613.909136
32 1460068614.021167
108 1460068614.221209
97 1460068614.389151
114 1460068614.486187
103 1460068614.717146
101 1460068614.853175
114 1460068614.949054
32 1460068615.085191
115 1460068615.285161
101 1460068615.661201
110 1460068615.909138
115 1460068616.069129
101 1460068616.149125
44 1460068616.557177
32 1460068616.653143
119 1460068616.837162
101 1460068616.917088
32 1460068617.045109
99 1460068617.181101
97 1460068617.285157
110 1460068617.389140
32 1460068617.454144
110 1460068617.629141
111 1460068617.725144
116 1460068617.837079
32 1460068617.933138
100 1460068618.021100
101 1460068618.245176
100 1460068618.461208
105 1460068618.567678
99 1460068618.653185
97 1460068618.797129
116 1460068618.893123
101 1460068619.013135
44 1460068619.080033
32 1460068619.146170
119 1460068619.245220
101 1460068619.317116
32 1460068619.437155
99 1460068619.541188
97 1460068619.669134
110 1460068619.789154
32 1460068619.917204
110 1460068623.557397
111 1460068623.661042
116 1460068623.757036
32 1460068623.861046
99 1460068624.093083
111 1460068624.253095
110 1460068624.365089
99 1460068624.501022
115 1460068624.821054
8 1460068625.013063
8 1460068625.173040
115 1460068625.269026
101 1460068625.364993
99 1460068625.565041
114 1460068625.829052
97 1460068626.005041
116 1460068626.101122
101 1460068626.221014
32 1460068626.324971
44 1460068626.589057
8 1460068626.893066
8 1460068627.053025
44 1460068627.277061
32 1460068627.357017
119 1460068627.468990
101 1460068627.540987
32 1460068627.693086
99 1460068627.821011
97 1460068627.973010
110 1460068628.077021
32 1460068628.229033
110 1460068628.421041
111 1460068628.549003
116 1460068628.676991
32 1460068628.797029
104 1460068629.029126
97 1460068629.117140
108 1460068629.244967
108 1460068629.405017
111 1460068629.581000
119 1460068629.669011
32 1460068629.788929
116 1460068629.876957
104 1460068629.980926
105 1460068630.055869
115 1460068630.132958
32 1460068630.204956
103 1460068630.340955
114 1460068630.549019
111 1460068630.612773
117 1460068630.676086
110 1460068630.829036
100 1460068630.941045
46 1460068631.052993
32 1460068631.132947
84 1460068631.308994
104 1460068631.420990
101 1460068631.524981
32 1460068631.620964
98 1460068631.764940
114 1460068632.101043
97 1460068632.292994
118 1460068632.437129
101 1460068632.565047
32 1460068632.685036
109 1460068632.829000
101 1460068632.940972
110 1460068633.029004
44 1460068633.220988
32 1460068633.317156
108 1460068633.485029
105 1460068633.564970
118 1460068633.684949
105 1460068633.780962
110 1460068633.860914
103 1460068633.940990
32 1460068634.044990
97 1460068634.140981
110 1460068634.236992
100 1460068634.348954
32 1460068634.420947
100 1460068634.564949
101 1460068634.757019
100 1460068634.964984
97 1460068635.060934
8 1460068635.525001
8 1460068635.676925
97 1460068635.772897
100 1460068635.860956
44 1460068635.988969
32 1460068636.060939
119 1460068636.308947
104 1460068636.380922
111 1460068636.468898
32 1460068636.564925
115 1460068636.684911
116 1460068636.784994
114 1460068636.956948
117 1460068637.044901
103 1460068637.172933
103 1460068637.332931
108 1460068637.425122
101 1460068637.532904
100 1460068637.716931
32 1460068637.788890
101 1460068637.964980
104 1460068638.029939
114 1460068638.094518
101 1460068638.204901
44 1460068638.316897
32 1460068638.396933
104 1460068638.581015
8 1460068638.836940
8 1460068639.036940
8 1460068639.196985
8 1460068639.356939
8 1460068639.524963
8 1460068639.684936
8 1460068639.844924
104 1460068640.060899
101 1460068640.180922
114 1460068640.284909
101 1460068641.021204
44 1460068641.164927
32 1460068641.252888
104 1460068641.533017
97 1460068641.620868
118 1460068641.692836
101 1460068641.796896
32 1460068641.868865
99 1460068642.084924
111 1460068642.164890
110 1460068642.268872
115 1460068642.428846
101 1460068642.588910
99 1460068642.740903
114 1460068642.980898
97 1460068643.124873
116 1460068643.204844
101 1460068643.300866
100 1460068643.516916
32 1460068643.604877
105 1460068643.788910
116 1460068643.916833
44 1460068644.020871
32 1460068644.100832
102 1460068644.244866
97 1460068644.404854
114 1460068644.500848
32 1460068644.604878
97 1460068644.740825
98 1460068644.876876
111 1460068644.956824
118 1460068645.108869
101 1460068645.236888
32 1460068645.348820
111 1460068645.532900
117 1460068645.628853
114 1460068645.748824
32 1460068645.828838
112 1460068645.964897
111 1460068646.060905
111 1460068646.220867
114 1460068646.404800
32 1460068646.516837
112 1460068646.676883
111 1460068646.772807
119 1460068646.852797
101 1460068646.932775
114 1460068647.028825
32 1460068647.124782
116 1460068647.348815
111 1460068647.438152
32 1460068647.502675
97 1460068647.572820
100 1460068647.660858
100 1460068647.852880
32 1460068647.924946
111 1460068648.132901
114 1460068648.236799
32 1460068648.340861
100 1460068648.484886
101 1460068648.676827
116 1460068648.804814
114 1460068648.996904
97 1460068649.156825
99 1460068649.244795
116 1460068649.500835
46 1460068649.600442
32 1460068649.673338
84 1460068649.996814
104 1460068650.148911
101 1460068650.276890
32 1460068650.364795
119 1460068650.524817
111 1460068650.668824
114 1460068650.852829
108 1460068651.004914
100 1460068651.148838
32 1460068651.236800
119 1460068651.428805
105 1460068651.540817
108 1460068651.607945
108 1460068651.748835
32 1460068651.851933
108 1460068652.012787
105 1460068652.100845
116 1460068652.196875
116 1460068652.388840
108 1460068652.460837
101 1460068652.620865
32 1460068652.700810
110 1460068652.852805
111 1460068652.923381
116 1460068653.004816
101 1460068653.124799
44 1460068653.196848
32 1460068653.308866
110 1460068653.492807
111 1460068653.564809
114 1460068653.732820
32 1460068653.820821
108 1460068653.948875
111 1460068654.124835
110 1460068654.212792
103 1460068654.300830
32 1460068654.396781
114 1460068654.532809
101 1460068654.676820
109 1460068654.748805
101 1460068654.884778
109 1460068654.977873
98 1460068655.148879
101 1460068655.364940
114 1460068655.476759
32 1460068655.561447
119 1460068655.684866
104 1460068655.783753
97 1460068655.868767
116 1460068655.940767
32 1460068656.020850
119 1460068656.140760
101 1460068656.244879
32 1460068656.339413
115 1460068656.500745
97 1460068656.660737
121 1460068656.757039
32 1460068656.860765
104 1460068657.028726
101 1460068657.129226
114 1460068657.196816
101 1460068657.316841
44 1460068657.383275
32 1460068657.476741
98 1460068657.588765
117 1460068657.684762
116 1460068657.812726
32 1460068657.884738
105 1460068658.020712
116 1460068658.804874
32 1460068658.940789
99 1460068659.100774
97 1460068659.204744
110 1460068659.308702
32 1460068659.412715
110 1460068659.612765
101 1460068660.052848
118 1460068660.172751
101 1460068660.324793
114 1460068660.420733
32 1460068660.516697
102 1460068660.660784
111 1460068660.748785
114 1460068660.884700
103 1460068661.084860
101 1460068661.219787
116 1460068661.305463
32 1460068661.374442
119 1460068661.484742
104 1460068661.596773
97 1460068661.668872
116 1460068661.748728
32 1460068661.836708
116 1460068661.956727
104 1460068662.060800
101 1460068662.129331
121 1460068662.228736
32 1460068662.324668
100 1460068662.468739
105 1460068662.588744
100 1460068662.684781
32 1460068662.820684
104 1460068663.188818
101 1460068663.316693
114 1460068663.412650
101 1460068663.556750
46 1460068663.660713
32 1460068663.772718
73 1460068663.989264
116 1460068664.132705
32 1460068664.212672
105 1460068664.348819
115 1460068664.468666
32 1460068664.540912
102 1460068664.668734
111 1460068664.772704
114 1460068664.892724
32 1460068664.964694
117 1460068665.140730
115 1460068665.220712
32 1460068665.404681
116 1460068665.596752
104 1460068665.695021
101 1460068665.820793
108 1460068665.956727
105 1460068666.180760
118 1460068666.292681
105 1460068666.412714
8 1460068666.652757
8 1460068666.828689
8 1460068666.980754
8 1460068667.140697
32 1460068667.308700
108 1460068667.548688
105 1460068667.772791
118 1460068667.916715
105 1460068668.020643
110 1460068668.124719
103 1460068668.236621
44 1460068668.420736
32 1460068668.516737
114 1460068668.692701
97 1460068668.844657
116 1460068668.924652
104 1460068668.996625
101 1460068669.140703
114 1460068669.220637
44 1460068669.286954
32 1460068669.380547
116 1460068669.620722
111 1460068669.732666
32 1460068669.820657
98 1460068670.036737
101 1460068670.236695
32 1460068670.356694
100 1460068670.580642
101 1460068670.836721
100 1460068671.044677
105 1460068671.204746
99 1460068671.342723
97 1460068671.428588
116 1460068671.508552
101 1460068671.628613
100 1460068671.828700
32 1460068671.926825
104 1460068672.060562
101 1460068672.156601
114 1460068672.228579
32 1460068672.484756
111 1460068672.756671
116 1460068672.884634
32 1460068672.980669
116 1460068673.092738
104 1460068673.204719
8 1460068673.500701
8 1460068673.676646
8 1460068673.852642
8 1460068674.012615
8 1460068674.172609
8 1460068674.460593
101 1460068674.676717
32 1460068674.788580
116 1460068675.212678
111 1460068675.308561
32 1460068675.452669
116 1460068675.604645
104 1460068675.764781
101 1460068675.884577
32 1460068675.980612
117 1460068676.188551
110 1460068676.388548
102 1460068676.548547
105 1460068676.628571
110 1460068677.012612
105 1460068677.220592
115 1460068677.364664
104 1460068677.445019
101 1460068677.588635
100 1460068677.772635
32 1460068677.860528
119 1460068677.996566
111 1460068678.084634
114 1460068678.236525
107 1460068678.324553
32 1460068678.412567
119 1460068678.564535
104 1460068678.644563
105 1460068678.812537
99 1460068678.956523
104 1460068679.100580
32 1460068679.180548
116 1460068679.316495
104 1460068679.444516
101 1460068679.548527
121 1460068679.652509
32 1460068679.764529
119 1460068679.964627
104 1460068680.076612
111 1460068680.148538
32 1460068680.252676
102 1460068680.420619
111 1460068680.532561
117 1460068680.628545
103 1460068680.732511
104 1460068680.836522
116 1460068680.956486
32 1460068681.036513
104 1460068681.164566
101 1460068681.236502
114 1460068681.316481
101 1460068681.476532
32 1460068681.580483
104 1460068681.756555
97 1460068681.852546
118 1460068681.924513
101 1460068682.028566
32 1460068682.124525
116 1460068682.348593
104 1460068682.444534
117 1460068682.636559
115 1460068682.756474
32 1460068682.860521
102 1460068683.044528
97 1460068683.220530
114 1460068683.300461
32 1460068683.420487
115 1460068683.548505
111 1460068683.676621
32 1460068683.748521
110 1460068683.972576
111 1460068684.068488
98 1460068684.268555
108 1460068684.356488
121 1460068684.516490
32 1460068684.628604
97 1460068684.908524
8 1460068685.172597
97 1460068685.652550
100 1460068685.868659
118 1460068686.068485
97 1460068686.252517
110 1460068686.404445
99 1460068686.500400
101 1460068686.612473
100 1460068686.844464
46 1460068686.940459
32 1460068687.044400
73 1460068687.276414
116 1460068687.412457
32 1460068687.516461
105 1460068687.700473
115 1460068687.844596
32 1460068687.908485
114 1460068688.036447
97 1460068688.180435
116 1460068688.284458
104 1460068688.380451
101 1460068688.500395
114 1460068688.588531
32 1460068688.652447
102 1460068688.804437
111 1460068688.908387
114 1460068689.028416
32 1460068689.111248
117 1460068689.260456
115 1460068689.348609
32 1460068689.444476
116 1460068689.612459
111 1460068689.673708
32 1460068689.740412
98 1460068689.852414
101 1460068690.028449
32 1460068690.108433
104 1460068690.276439
101 1460068690.356453
114 1460068690.444428
101 1460068690.580488
32 1460068690.660426
100 1460068690.796519
101 1460068691.012440
100 1460068691.204472
105 1460068691.308408
99 1460068691.396382
97 1460068691.540428
116 1460068691.668391
101 1460068691.764399
101 1460068691.924403
8 1460068692.460508
100 1460068692.676467
32 1460068692.804476
116 1460068693.012456
111 1460068693.092437
32 1460068693.180413
116 1460068693.276488
104 1460068693.436491
101 1460068693.548450
32 1460068693.644463
103 1460068693.852504
114 1460068694.076442
101 1460068694.188413
97 1460068694.268344
116 1460068694.372404
32 1460068694.468358
116 1460068694.636428
97 1460068694.764393
115 1460068694.860441
107 1460068694.932431
32 1460068695.020440
114 1460068695.228415
101 1460068695.372447
109 1460068695.540418
97 1460068695.820444
105 1460068696.404515
110 1460068696.596414
105 1460068696.732398
110 1460068696.820350
103 1460068696.932429
32 1460068697.012375
98 1460068697.180408
101 1460068697.364363
102 1460068697.452396
111 1460068697.596411
114 1460068697.724326
101 1460068697.812346
32 1460068697.874165
117 1460068698.060348
115 1460068698.172362
45 1460068698.292377
116 1460068698.484357
104 1460068698.596369
97 1460068698.692410
116 1460068698.780348
32 1460068698.924413
102 1460068699.076337
114 1460068699.292443
111 1460068699.355762
109 1460068699.418772
32 1460068699.516290
116 1460068699.581239
104 1460068699.708441
101 1460068699.932390
115 1460068700.132349
101 1460068700.204890
32 1460068700.884422
104 1460068701.188356
111 1460068701.316290
110 1460068701.420288
111 1460068701.612312
114 1460068701.796353
101 1460068701.916287
100 1460068702.124366
32 1460068702.212295
100 1460068702.324281
101 1460068702.524328
97 1460068702.652364
100 1460068702.756264
32 1460068702.876273
119 1460068702.996263
101 1460068703.068354
32 1460068703.188344
116 1460068703.292316
97 1460068703.412297
107 1460068703.516308
101 1460068703.628289
32 1460068703.724289
105 1460068703.868274
110 1460068703.963708
99 1460068704.036229
114 1460068704.228323
101 1460068704.332322
97 1460068704.420266
115 1460068704.588317
101 1460068704.748296
100 1460068705.068317
32 1460068705.420390
100 1460068705.628311
101 1460068705.844370
118 1460068706.012281
111 1460068706.244308
116 1460068706.420278
105 1460068706.500268
111 1460068706.588255
110 1460068706.684280
32 1460068706.756277
116 1460068706.916283
111 1460068706.980820
32 1460068707.084368
116 1460068707.180395
104 1460068707.284381
97 1460068707.373519
116 1460068707.460270
32 1460068707.572320
99 1460068707.748293
97 1460068707.860267
117 1460068707.940245
115 1460068708.108345
101 1460068708.204302
32 1460068708.340274
102 1460068708.492276
111 1460068708.588245
114 1460068708.716211
32 1460068708.812296
119 1460068708.908228
104 1460068709.004259
105 1460068709.100271
99 1460068709.228279
104 1460068709.356204
32 1460068709.452314
116 1460068709.548322
104 1460068709.724257
101 1460068709.828253
121 1460068709.932202
32 1460068710.020839
103 1460068710.212318
97 1460068710.364285
118 1460068710.468304
101 1460068710.596273
32 1460068710.680173
116 1460068710.788228
104 1460068710.860175
101 1460068711.004281
32 1460068711.108196
97 1460068711.300220
108 1460068711.392207
115 1460068711.462416
116 1460068711.525671
32 1460068711.596215
102 1460068711.740215
117 1460068711.812175
108 1460068711.916231
8 1460068712.164252
8 1460068712.340232
8 1460068712.492207
8 1460068712.652253
8 1460068712.804283
8 1460068712.972266
8 1460068713.148290
8 1460068713.300159
108 1460068713.548214
97 1460068713.628229
115 1460068713.724176
116 1460068713.828156
32 1460068713.908155
102 1460068714.084228
117 1460068714.164190
108 1460068714.268201
108 1460068714.412277
32 1460068714.486657
109 1460068714.612206
101 1460068714.732215
97 1460068714.860167
115 1460068714.940172
117 1460068715.052194
114 1460068715.164189
101 1460068715.276169
32 1460068715.404191
111 1460068715.628212
102 1460068715.772174
32 1460068715.852192
100 1460068716.140245
101 1460068716.404206
118 1460068716.628209
111 1460068716.860200
116 1460068717.068186
105 1460068717.180258
111 1460068717.260197
110 1460068717.324182
32 1460068717.476191
8 1460068717.892221
45 1460068718.100190
116 1460068718.324167
104 1460068718.436169
97 1460068718.506842
116 1460068718.604218
32 1460068718.724119
119 1460068718.884153
101 1460068718.946956
32 1460068719.092227
104 1460068719.260144
101 1460068719.348161
114 1460068719.452205
101 1460068719.604142
32 1460068719.708148
104 1460068719.884238
105 1460068720.052212
103 1460068720.220197
104 1460068720.282950
108 1460068720.412135
121 1460068720.516131
32 1460068720.684133
114 1460068720.948168
101 1460068721.081743
115 1460068721.212098
111 1460068721.348165
108 1460068721.564167
118 1460068721.660181
101 1460068721.788155
32 1460068721.908223
116 1460068722.068154
104 1460068722.164245
97 1460068722.236182
116 1460068722.356196
32 1460068722.445606
116 1460068722.588152
104 1460068722.668174
101 1460068722.772200
115 1460068722.948215
101 1460068723.028028
32 1460068723.156195
100 1460068723.276209
101 1460068723.476110
97 1460068723.580156
100 1460068723.700105
32 1460068723.820158
115 1460068723.972183
104 1460068724.068142
97 1460068724.196127
108 1460068724.268088
108 1460068724.436157
32 1460068724.508121
110 1460068724.660127
111 1460068724.720690
116 1460068724.876261
32 1460068724.996187
104 1460068725.188143
97 1460068725.292131
118 1460068725.404082
101 1460068725.532194
32 1460068725.628194
100 1460068725.764119
105 1460068725.876150
101 1460068726.004123
100 1460068726.196169
32 1460068726.316170
105 1460068726.444071
110 1460068726.524095
32 1460068726.620069
118 1460068726.772137
97 1460068726.900151
105 1460068727.028125
116 1460068727.172138
45 1460068727.276167
116 1460068727.428165
104 1460068727.548149
97 1460068727.612118
8 1460068727.820113
8 1460068727.996096
8 1460068728.156186
8 1460068728.316101
8 1460068728.460081
110 1460068728.668086
45 1460068728.932104
116 1460068729.164146
104 1460068729.292092
116 1460068729.420093
97 1460068729.604162
116 1460068729.740133
8 1460068730.100118
8 1460068730.276109
8 1460068730.444101
8 1460068730.596116
97 1460068730.683459
8 1460068731.356149
104 1460068731.972190
97 1460068732.212148
116 1460068732.344625
32 1460068732.892143
116 1460068733.052090
104 1460068733.156120
105 1460068733.260086
115 1460068733.364131
32 1460068733.452114
110 1460068733.596041
97 1460068733.688665
116 1460068733.780002
105 1460068733.842134
111 1460068733.924093
110 1460068733.986065
44 1460068734.204052
32 1460068734.295638
117 1460068734.492128
110 1460068734.684110
100 1460068734.763977
101 1460068734.964070
114 1460068735.052009
32 1460068735.236060
71 1460068735.523968
111 1460068735.651988
100 1460068735.836014
44 1460068735.948041
32 1460068736.043973
115 1460068736.187999
104 1460068736.260059
97 1460068736.396017
108 1460068736.476008
108 1460068736.644065
32 1460068736.732026
104 1460068736.883956
97 1460068736.947593
118 1460068737.036000
101 1460068737.179975
32 1460068737.276062
97 1460068737.427985
32 1460068737.501725
110 1460068737.700012
101 1460068737.835943
119 1460068737.939955
32 1460068738.083958
98 1460068738.236015
105 1460068738.387981
114 1460068738.523976
116 1460068738.723942
104 1460068738.812422
32 1460068738.884010
111 1460068739.075946
102 1460068739.164044
32 1460068739.275953
102 1460068739.411945
114 1460068739.579993
101 1460068739.684001
101 1460068739.891982
100 1460068740.100113
111 1460068740.203955
109 1460068740.291928
45 1460068740.475975
97 1460068740.635942
110 1460068740.780032
100 1460068740.883910
32 1460068740.987953
116 1460068741.059993
104 1460068741.171960
97 1460068741.243950
116 1460068741.323945
32 1460068741.435889
103 1460068741.627958
111 1460068741.723899
118 1460068741.859922
101 1460068742.003937
114 1460068742.132085
110 1460068742.259932
109 1460068742.467969
101 1460068742.595920
110 1460068742.699925
116 1460068742.819910
32 1460068742.909725
111 1460068743.099937
102 1460068743.211939
32 1460068743.300004
116 1460068743.435930
104 1460068743.539951
101 1460068743.611891
32 1460068743.691962
112 1460068743.891965
101 1460068744.035924
111 1460068744.118881
112 1460068744.235917
108 1460068744.323901
101 1460068744.427886
44 1460068744.595972
32 1460068744.699749
98 1460068744.779908
121 1460068745.019954
32 1460068745.139995
116 1460068745.291984
104 1460068745.411909
101 1460068745.547889
32 1460068745.617143
112 1460068745.827976
111 1460068745.979908
8 1460068746.611998
101 1460068746.788021
111 1460068746.868830
112 1460068746.971936
108 1460068747.083860
101 1460068747.243938
44 1460068747.411940
32 1460068748.012046
102 1460068748.315966
111 1460068748.411975
114 1460068748.571969
32 1460068748.667958
116 1460068748.827902
104 1460068748.897137
101 1460068749.019872
32 1460068749.107919
112 1460068749.299966
101 1460068749.499951
111 1460068749.907955
112 1460068750.043894
108 1460068750.171973
101 1460068750.419892
44 1460068750.667918
32 1460068750.739918
115 1460068750.907880
104 1460068750.987926
97 1460068751.115947
108 1460068751.180787
108 1460068751.331989
32 1460068751.476038
110 1460068751.611932
111 1460068751.683896
32 1460068751.819883
116 1460068751.995947
112 1460068752.139906
8 1460068752.379954
8 1460068752.571882
8 1460068752.731887
116 1460068752.835833
32 1460068752.939849
112 1460068753.083833
101 1460068753.595861
114 1460068753.787839
105 1460068754.027831
115 1460068754.203832
104 1460068754.301503
32 1460068754.499856
102 1460068754.659857
114 1460068754.875953
111 1460068754.944132
109 1460068755.011821
32 1460068755.077286
116 1460068755.142282
104 1460068755.259953
101 1460068755.355885
32 1460068755.443943
101 1460068755.571806
97 1460068755.715854
114 1460068755.803815
116 1460068756.019964
104 1460068756.091146
46 1460068756.563896
10 1460068756.939891
10 1460068757.091908
