83 1457134562.622186
111 1457134562.726191
101 1457134562.902196
8 1457134563.358215
8 1457134563.534187
8 1457134563.902225
83 1457134564.366083
111 1457134564.742199
109 1457134564.854190
101 1457134564.990097
32 1457134565.094274
112 1457134565.326231
101 1457134565.438179
111 1457134565.574240
112 1457134565.694171
108 1457134565.782246
101 1457134565.878134
32 1457134565.958191
102 1457134566.086082
101 1457134566.230108
101 1457134566.406283
108 1457134566.454152
32 1457134566.566187
116 1457134566.662099
104 1457134566.758189
97 1457134566.838121
116 1457134566.910095
32 1457134566.982121
116 1457134567.174143
104 1457134567.270169
101 1457134567.390130
32 1457134567.446210
99 1457134567.606168
111 1457134567.702150
109 1457134567.758152
109 1457134567.902065
97 1457134567.982125
110 1457134568.102126
100 1457134568.230188
109 1457134568.638212
101 1457134568.926174
110 1457134569.022064
116 1457134569.126192
115 1457134569.214092
32 1457134569.294098
97 1457134569.454177
114 1457134569.534127
101 1457134569.630103
32 1457134569.734160
98 1457134569.934066
117 1457134570.054100
114 1457134570.198144
100 1457134570.358120
101 1457134570.574111
110 1457134570.670042
115 1457134570.830053
111 1457134570.958040
109 1457134571.022063
101 1457134571.134192
32 1457134571.238174
97 1457134571.350088
110 1457134571.438176
100 1457134571.558044
32 1457134571.638058
116 1457134571.734074
104 1457134571.814066
97 1457134571.902151
116 1457134571.990061
32 1457134572.038059
116 1457134572.206054
104 1457134572.286071
101 1457134572.390005
121 1457134572.494042
32 1457134572.606172
108 1457134572.758145
105 1457134572.966106
109 1457134573.070040
105 1457134573.206089
116 1457134573.342006
32 1457134573.422029
102 1457134573.806091
114 1457134574.030664
101 1457134574.166108
101 1457134574.342080
100 1457134575.414108
111 1457134575.510057
109 1457134575.574115
32 1457134575.686043
97 1457134575.878035
110 1457134575.958008
100 1457134576.086016
32 1457134576.158056
112 1457134576.310012
101 1457134576.405983
114 1457134576.494016
115 1457134576.614109
111 1457134576.693981
110 1457134576.790015
97 1457134576.958062
108 1457134577.038003
32 1457134577.334099
103 1457134577.670069
114 1457134578.038113
111 1457134578.838202
119 1457134579.045966
116 1457134579.293976
104 1457134579.366018
46 1457134579.606044
32 1457134579.701951
66 1457134580.069946
117 1457134580.214061
116 1457134580.358032
32 1457134580.430173
116 1457134580.582065
104 1457134580.646022
101 1457134580.766024
32 1457134580.853945
83 1457134581.134066
97 1457134581.334007
118 1457134581.470066
105 1457134581.662077
111 1457134581.766022
114 1457134581.925942
32 1457134582.005931
116 1457134582.158056
104 1457134582.269951
97 1457134582.422119
117 1457134582.550018
8 1457134582.854023
8 1457134583.013945
8 1457134583.142092
97 1457134583.270026
117 1457134583.373938
103 1457134583.486005
104 1457134583.598059
116 1457134583.782113
32 1457134583.925993
116 1457134584.110058
104 1457134584.189928
97 1457134584.269979
116 1457134584.349922
32 1457134584.413915
116 1457134584.573947
114 1457134585.054129
117 1457134585.262023
101 1457134585.389938
101 1457134585.574036
32 1457134585.733982
8 1457134586.085968
8 1457134586.238054
32 1457134586.774017
102 1457134587.053919
114 1457134587.262042
101 1457134587.349946
101 1457134587.526014
100 1457134587.725996
111 1457134587.805986
111 1457134588.005930
109 1457134588.093951
32 1457134588.277875
8 1457134588.493979
8 1457134588.638016
8 1457134588.781952
109 1457134588.957929
32 1457134589.061870
99 1457134589.526044
111 1457134589.677936
109 1457134589.741984
101 1457134589.853899
115 1457134589.933923
32 1457134589.981810
111 1457134590.173982
110 1457134590.277982
108 1457134590.381834
121 1457134590.477880
32 1457134590.589941
102 1457134590.797974
114 1457134591.021940
111 1457134591.085937
109 1457134591.157964
32 1457134591.205817
102 1457134591.669979
105 1457134591.765955
108 1457134591.821892
8 1457134592.246026
8 1457134592.597984
111 1457134592.781956
108 1457134593.005923
108 1457134593.166004
111 1457134593.349901
119 1457134593.517871
105 1457134593.559698
110 1457134593.629903
103 1457134593.725952
32 1457134593.821859
72 1457134593.989791
105 1457134594.141929
109 1457134594.213799
58 1457134594.509811
32 1457134594.598085
34 1457134594.829827
73 1457134595.094239
102 1457134595.269968
32 1457134595.325872
121 1457134595.502064
101 1457134595.669924
32 1457134595.789909
99 1457134595.933873
111 1457134595.989825
110 1457134596.085865
116 1457134596.229863
105 1457134596.275097
117 1457134596.453950
8 1457134596.901951
110 1457134597.317980
117 1457134597.581944
101 1457134597.797911
32 1457134597.901869
105 1457134598.069818
110 1457134598.141861
32 1457134598.245867
109 1457134598.381815
121 1457134598.557852
32 1457134598.653900
119 1457134598.805886
111 1457134598.893864
114 1457134598.981861
100 1457134599.061746
44 1457134599.142165
32 1457134599.221913
116 1457134599.341887
104 1457134599.421932
101 1457134599.541800
110 1457134599.621921
32 1457134599.717792
97 1457134599.877833
114 1457134599.957801
101 1457134600.085853
32 1457134600.157770
116 1457134600.557889
8 1457134601.213920
121 1457134601.301814
101 1457134601.517863
32 1457134601.725827
109 1457134602.021862
121 1457134602.165850
32 1457134602.317790
100 1457134602.597855
105 1457134602.717796
115 1457134602.861786
99 1457134603.605908
105 1457134603.717812
112 1457134603.949751
108 1457134604.061788
101 1457134604.197892
115 1457134604.285831
32 1457134604.573822
105 1457134604.901863
110 1457134604.989790
100 1457134605.077786
101 1457134605.261822
101 1457134605.429817
100 1457134605.629796
59 1457134605.781780
32 1457134605.893804
97 1457134606.093898
110 1457134606.197771
100 1457134606.285679
32 1457134606.381701
121 1457134606.501774
101 1457134606.669750
32 1457134606.797780
115 1457134607.053713
104 1457134607.149834
97 1457134607.261778
108 1457134607.357765
108 1457134607.501778
32 1457134607.581890
107 1457134607.773828
110 1457134607.933763
111 1457134608.013774
119 1457134608.133853
32 1457134608.229780
116 1457134608.333762
104 1457134608.421776
97 1457134608.477715
116 1457134608.573727
32 1457134608.645736
8 1457134609.141916
8 1457134609.277799
8 1457134609.421747
101 1457134609.637753
32 1457134609.733775
116 1457134609.909733
114 1457134610.565894
117 1457134610.693830
116 1457134610.941751
104 1457134610.984347
44 1457134611.325845
32 1457134611.437924
97 1457134611.613732
110 1457134611.717725
100 1457134611.805685
32 1457134611.893713
116 1457134612.117832
104 1457134612.501724
101 1457134612.597759
32 1457134612.677763
116 1457134612.797693
114 1457134612.989670
117 1457134613.069711
116 1457134613.205778
104 1457134613.277788
32 1457134613.357679
115 1457134613.485689
104 1457134613.605834
97 1457134613.669731
108 1457134613.813718
108 1457134613.965731
32 1457134614.029627
109 1457134614.213729
97 1457134614.381701
107 1457134614.445747
101 1457134614.597739
32 1457134614.661670
121 1457134615.061746
111 1457134615.165703
117 1457134615.213562
32 1457134615.293658
102 1457134615.429684
114 1457134615.637738
101 1457134615.717648
101 1457134615.893631
34 1457134616.085594
32 1457134616.309741
40 1457134616.621768
74 1457134617.085616
111 1457134617.333700
104 1457134617.549757
110 1457134617.749733
32 1457134617.837736
57 1457134618.253740
8 1457134618.829723
56 1457134618.997687
58 1457134619.309663
51 1457134619.509735
49 1457134619.813724
45 1457134620.029653
51 1457134620.381702
8 1457134620.629732
8 1457134620.789704
45 1457134620.965612
8 1457134621.549693
45 1457134621.813726
51 1457134621.941611
50 1457134622.037662
8 1457134622.437725
8 1457134622.589670
8 1457134622.749670
45 1457134623.557641
51 1457134623.893722
50 1457134623.965707
41 1457134624.349638
46 1457134624.661684
32 1457134624.765625
71 1457134625.357705
111 1457134625.597700
100 1457134626.013741
32 1457134626.141695
103 1457134626.533622
105 1457134626.629709
118 1457134626.749680
101 1457134626.877654
115 1457134626.941561
32 1457134627.021587
99 1457134627.157596
111 1457134627.253569
109 1457134627.325655
109 1457134627.477660
97 1457134627.573541
110 1457134627.677664
100 1457134627.781611
109 1457134628.181667
101 1457134628.373633
110 1457134628.453613
116 1457134628.565557
115 1457134628.669591
32 1457134628.781611
102 1457134628.925495
111 1457134629.021625
114 1457134629.149623
32 1457134629.221566
111 1457134629.397645
117 1457134629.461525
114 1457134629.573594
32 1457134629.637563
98 1457134629.877494
101 1457134630.069637
101 1457134630.237574
105 1457134630.549645
8 1457134630.813644
8 1457134630.957525
110 1457134631.157633
101 1457134631.373486
102 1457134631.773603
105 1457134631.853556
116 1457134632.013501
46 1457134632.133637
32 1457134632.221577
84 1457134632.469573
104 1457134632.557499
101 1457134632.701498
121 1457134632.805589
32 1457134632.893475
97 1457134632.989510
114 1457134633.069412
101 1457134633.157479
32 1457134633.213467
108 1457134633.365451
111 1457134633.541554
118 1457134633.621622
105 1457134633.741534
110 1457134633.805518
103 1457134633.893505
32 1457134633.981569
105 1457134634.093639
110 1457134634.167131
115 1457134634.253490
116 1457134634.341506
114 1457134634.517553
117 1457134634.613553
99 1457134634.765545
116 1457134634.981548
105 1457134635.037464
111 1457134635.085602
110 1457134635.181557
115 1457134635.397567
32 1457134635.469623
102 1457134635.645568
111 1457134635.725480
114 1457134635.861492
32 1457134635.933568
111 1457134636.085467
117 1457134636.173462
114 1457134636.285474
32 1457134636.365444
104 1457134636.477524
97 1457134636.597481
112 1457134636.669578
112 1457134636.837595
105 1457134636.965457
110 1457134637.181571
101 1457134637.285450
115 1457134637.397483
115 1457134637.589451
32 1457134637.685465
97 1457134637.805442
110 1457134637.885422
100 1457134638.005408
32 1457134638.061397
102 1457134638.237498
111 1457134638.325495
114 1457134638.461492
32 1457134638.541474
111 1457134638.701492
117 1457134638.781528
114 1457134638.917423
32 1457134638.989505
112 1457134639.149521
104 1457134639.357409
121 1457134639.477489
115 1457134639.813490
117 1457134639.893404
8 1457134640.581510
105 1457134640.669449
99 1457134640.813454
97 1457134640.965413
108 1457134641.149534
32 1457134641.389462
97 1457134641.573451
110 1457134641.645617
100 1457134641.781449
32 1457134641.845419
115 1457134642.205471
112 1457134642.317451
114 1457134642.517490
105 1457134642.589537
116 1457134642.765508
105 1457134642.821451
8 1457134643.181553
8 1457134643.333483
8 1457134643.485465
8 1457134643.653510
105 1457134643.901489
114 1457134644.037403
105 1457134644.501463
116 1457134644.685424
117 1457134644.749385
97 1457134644.909376
108 1457134644.965356
32 1457134645.069381
119 1457134645.293408
101 1457134645.517473
108 1457134645.613470
108 1457134645.773432
45 1457134646.325469
98 1457134646.645457
101 1457134646.885640
105 1457134647.053457
110 1457134647.197417
46 1457134647.517395
8 1457134647.917436
103 1457134648.093423
46 1457134648.197329
10 1457134648.605484
10 1457134649.029410
73 1457134649.493378
110 1457134649.701400
32 1457134649.837385
116 1457134650.069425
104 1457134650.149412
101 1457134650.269303
32 1457134650.325356
112 1457134650.493402
114 1457134650.557374
101 1457134650.637483
109 1457134650.805386
111 1457134650.917377
114 1457134651.037344
116 1457134651.221345
97 1457134651.317302
108 1457134651.358016
32 1457134651.461387
101 1457134651.565328
120 1457134651.765388
105 1457134651.853375
115 1457134652.037314
116 1457134652.205410
101 1457134652.381350
110 1457134652.525320
99 1457134652.645363
101 1457134652.733395
44 1457134652.821355
32 1457134652.917351
72 1457134653.157483
101 1457134653.325305
97 1457134653.429287
118 1457134653.525329
101 1457134653.613377
110 1457134654.189405
108 1457134654.349291
121 1457134654.445338
32 1457134654.573321
70 1457134654.933259
97 1457134655.101349
116 1457134655.189423
104 1457134655.309340
101 1457134655.397302
114 1457134655.517333
32 1457134655.564556
112 1457134655.725391
114 1457134655.813407
101 1457134655.917325
115 1457134656.117392
105 1457134656.333269
100 1457134656.517343
100 1457134656.837308
8 1457134657.125338
101 1457134657.213307
100 1457134657.413296
32 1457134657.501338
111 1457134657.853310
118 1457134658.013265
101 1457134658.157372
114 1457134658.269343
32 1457134658.389226
97 1457134658.573288
32 1457134658.685297
103 1457134658.885316
114 1457134659.085275
101 1457134659.189318
97 1457134659.501329
116 1457134659.629354
32 1457134659.741258
67 1457134659.957133
111 1457134660.077234
117 1457134660.165294
110 1457134660.325290
99 1457134660.461370
105 1457134660.557310
108 1457134660.637276
32 1457134660.773238
105 1457134660.925158
110 1457134661.005337
32 1457134661.085292
72 1457134661.365222
101 1457134661.541392
97 1457134661.645299
118 1457134661.733269
101 1457134661.837219
46 1457134661.973291
32 1457134662.053353
8 1457134662.605271
8 1457134662.741207
110 1457134663.029223
46 1457134663.213237
32 1457134663.317220
84 1457134663.797274
104 1457134663.917364
101 1457134664.013223
114 1457134664.125347
101 1457134664.221352
32 1457134664.309321
97 1457134664.389280
8 1457134664.685262
119 1457134664.805263
101 1457134664.861223
32 1457134664.957216
108 1457134665.309328
101 1457134665.965298
97 1457134666.077204
114 1457134666.181168
110 1457134666.261149
101 1457134666.365155
100 1457134666.549221
32 1457134666.613181
111 1457134666.765240
102 1457134666.853230
32 1457134666.949191
72 1457134667.237320
105 1457134667.421170
115 1457134667.573218
32 1457134667.669226
112 1457134667.933235
108 1457134668.037185
97 1457134668.237212
110 1457134668.309289
32 1457134668.405200
102 1457134668.749217
111 1457134668.845186
114 1457134668.981106
32 1457134669.053221
111 1457134669.205162
117 1457134669.293171
114 1457134669.429164
32 1457134669.480054
115 1457134670.029223
97 1457134670.197286
108 1457134670.317186
118 1457134670.437119
97 1457134670.613169
116 1457134671.149239
105 1457134671.293149
111 1457134671.389149
110 1457134671.469347
44 1457134671.717246
32 1457134671.797524
119 1457134672.365182
104 1457134672.469326
105 1457134672.557139
99 1457134672.709152
104 1457134672.765089
32 1457134672.853163
105 1457134673.005115
110 1457134673.069053
99 1457134673.197107
108 1457134673.293220
117 1457134673.373179
100 1457134673.453172
101 1457134673.629235
100 1457134673.797189
32 1457134673.885085
97 1457134674.061096
32 1457134674.293157
116 1457134674.509182
105 1457134674.629203
109 1457134674.685111
101 1457134674.805108
32 1457134675.445155
111 1457134675.653212
102 1457134675.757129
32 1457134675.853111
116 1457134676.021075
101 1457134676.141138
115 1457134676.237166
116 1457134676.293018
105 1457134676.389054
110 1457134676.445027
103 1457134676.557059
32 1457134676.637190
111 1457134676.741117
110 1457134676.837100
32 1457134676.917068
116 1457134677.069087
104 1457134677.165191
101 1457134677.261031
32 1457134677.357143
101 1457134677.509157
97 1457134677.653209
114 1457134677.725137
116 1457134677.933071
104 1457134677.979775
58 1457134678.284993
32 1457134678.340996
34 1457134678.629124
87 1457134678.885020
101 1457134679.117234
32 1457134679.597137
119 1457134679.813115
105 1457134679.981061
108 1457134680.061193
108 1457134680.229136
32 1457134680.309118
109 1457134680.477172
97 1457134680.597074
107 1457134680.677146
101 1457134680.789132
32 1457134680.877071
97 1457134681.101111
110 1457134681.181138
32 1457134681.277043
101 1457134681.709195
97 1457134681.805109
114 1457134681.901059
116 1457134682.077052
104 1457134682.149080
32 1457134682.237043
119 1457134682.357018
101 1457134682.468957
104 1457134682.629063
101 1457134682.789073
8 1457134683.036992
8 1457134683.189122
8 1457134683.324996
104 1457134683.573046
101 1457134683.645156
114 1457134683.741069
101 1457134683.877014
111 1457134684.165120
110 1457134684.261090
32 1457134684.381069
116 1457134684.629142
104 1457134684.757105
101 1457134684.852969
115 1457134685.052975
101 1457134685.149108
32 1457134685.509091
109 1457134685.701097
97 1457134685.821089
121 1457134685.997033
32 1457134686.101046
100 1457134686.421049
119 1457134686.661082
101 1457134686.781096
101 1457134687.021096
8 1457134687.541065
108 1457134687.645112
108 1457134687.813077
59 1457134688.093268
32 1457134688.229050
97 1457134688.805043
110 1457134688.885091
100 1457134688.988939
32 1457134689.085013
119 1457134689.180998
101 1457134689.261059
32 1457134689.364929
119 1457134689.525023
105 1457134689.636971
108 1457134689.709054
108 1457134689.837005
32 1457134689.924938
112 1457134690.068929
114 1457134690.180999
111 1457134690.292973
118 1457134690.445011
101 1457134690.557026
32 1457134690.653018
116 1457134690.781093
104 1457134690.861019
101 1457134690.980959
109 1457134691.061055
32 1457134691.141162
104 1457134691.477134
101 1457134691.564993
114 1457134691.677027
101 1457134691.821018
119 1457134692.020965
105 1457134692.109148
116 1457134692.236987
104 1457134692.292922
44 1457134692.501029
32 1457134692.564976
116 1457134692.725047
111 1457134692.812995
32 1457134692.924952
115 1457134693.061054
101 1457134693.164964
101 1457134693.348962
32 1457134693.444884
105 1457134693.621019
102 1457134693.684940
32 1457134693.765001
116 1457134693.908904
104 1457134693.988920
101 1457134694.060948
121 1457134694.165016
32 1457134694.246227
119 1457134694.340922
105 1457134694.452919
108 1457134694.508940
108 1457134694.652996
32 1457134694.740943
100 1457134694.844965
111 1457134694.948948
32 1457134695.020916
97 1457134695.124950
108 1457134695.196913
108 1457134695.356982
32 1457134695.412903
116 1457134695.508983
104 1457134695.620916
105 1457134695.701019
110 1457134695.796994
103 1457134695.877044
115 1457134695.956920
32 1457134696.012962
119 1457134696.172925
104 1457134696.340971
97 1457134696.452982
116 1457134696.548935
119 1457134696.732936
101 1457134696.964992
8 1457134697.245017
8 1457134697.396920
115 1457134697.516971
111 1457134697.572815
101 1457134697.732941
118 1457134697.876930
101 1457134698.020856
114 1457134698.133004
32 1457134698.228857
116 1457134698.372864
104 1457134698.436882
101 1457134698.556942
32 1457134698.668970
76 1457134698.860919
111 1457134699.044937
114 1457134699.124976
100 1457134699.212903
32 1457134699.292863
116 1457134699.468871
104 1457134699.564988
101 1457134699.628854
114 1457134699.717058
8 1457134700.261007
105 1457134700.324876
114 1457134700.460909
32 1457134700.565071
71 1457134700.828903
111 1457134700.956877
100 1457134701.093093
32 1457134701.173014
115 1457134701.316846
104 1457134701.388930
97 1457134701.516979
108 1457134701.596895
108 1457134701.756888
32 1457134701.852908
99 1457134702.044813
111 1457134702.148853
109 1457134702.220966
109 1457134702.388939
97 1457134702.460840
110 1457134702.564886
100 1457134702.684918
32 1457134702.780859
116 1457134702.860903
104 1457134702.948869
101 1457134703.076905
109 1457134703.181081
34 1457134703.764838
32 1457134703.964855
40 1457134704.284744
65 1457134704.524938
98 1457134704.788917
114 1457134704.996844
97 1457134705.164939
104 1457134705.364870
97 1457134705.524886
109 1457134705.588801
32 1457134705.892906
51 1457134706.132925
58 1457134706.404921
32 1457134706.652894
8 1457134706.924902
50 1457134707.068823
51 1457134707.148937
45 1457134707.364820
8 1457134707.852933
8 1457134708.012807
52 1457134708.108965
45 1457134708.524879
50 1457134708.740883
53 1457134708.828873
41 1457134709.388823
46 1457134710.076852
47 1457134710.118799
8 1457134710.556853
32 1457134711.324814
79 1457134711.756705
110 1457134712.116827
101 1457134712.436856
32 1457134713.116899
114 1457134713.340780
101 1457134713.460782
97 1457134713.580837
115 1457134713.732808
111 1457134714.156862
110 1457134714.252713
32 1457134714.444723
119 1457134714.692817
101 1457134714.772777
32 1457134714.884714
97 1457134715.316815
114 1457134715.412747
101 1457134715.524830
32 1457134715.612735
104 1457134716.036819
101 1457134716.116734
114 1457134716.212773
101 1457134716.340737
32 1457134716.436733
111 1457134716.708809
110 1457134716.812789
32 1457134716.900740
116 1457134717.020741
104 1457134717.100778
101 1457134717.220718
32 1457134717.300713
101 1457134717.644821
97 1457134717.748737
114 1457134717.852774
116 1457134718.036720
104 1457134718.092888
32 1457134718.162451
105 1457134718.316735
115 1457134718.428687
32 1457134718.508790
116 1457134718.636708
111 1457134718.700742
32 1457134718.780712
115 1457134718.900759
104 1457134719.028689
111 1457134719.108798
119 1457134719.188744
32 1457134719.292790
111 1457134719.492758
117 1457134719.596759
114 1457134719.724729
32 1457134719.780636
119 1457134719.908658
105 1457134719.972664
108 1457134720.044687
108 1457134720.204770
105 1457134720.396693
110 1457134720.460653
103 1457134720.548739
110 1457134720.748730
101 1457134720.868719
115 1457134720.916644
115 1457134721.108767
32 1457134721.196739
116 1457134721.340685
111 1457134721.396694
32 1457134721.484667
111 1457134721.676721
98 1457134721.796666
101 1457134722.004813
121 1457134722.132766
32 1457134722.284669
72 1457134722.500721
101 1457134722.644653
97 1457134722.708646
118 1457134722.828733
101 1457134722.924671
108 1457134723.052677
8 1457134723.428784
110 1457134723.604755
108 1457134723.780773
121 1457134723.924689
32 1457134724.044693
70 1457134724.300657
97 1457134724.452645
116 1457134724.548719
104 1457134724.668724
101 1457134724.796748
114 1457134724.892664
39 1457134725.028641
115 1457134725.228697
32 1457134725.308657
99 1457134725.660697
111 1457134725.716599
109 1457134725.796629
109 1457134725.956682
97 1457134726.052619
110 1457134726.172639
100 1457134726.268563
109 1457134726.620718
101 1457134726.764657
110 1457134726.876658
116 1457134727.188751
115 1457134727.308676
46 1457134727.740638
10 1457134728.220760
10 1457134728.532715
84 1457134728.868689
104 1457134728.972625
101 1457134729.132707
32 1457134729.460654
112 1457134730.116711
8 1457134730.396688
80 1457134730.588664
114 1457134730.732694
111 1457134730.820630
112 1457134731.252687
104 1457134731.444609
101 1457134731.548590
116 1457134731.644597
32 1457134731.756572
74 1457134732.084614
111 1457134732.324589
115 1457134732.700991
101 1457134732.948644
112 1457134733.068552
104 1457134733.196654
32 1457134733.412636
83 1457134733.684591
109 1457134733.804609
105 1457134733.916573
116 1457134734.548628
104 1457134734.652650
32 1457134734.764579
116 1457134735.148675
97 1457134735.428558
117 1457134735.636610
103 1457134735.780607
104 1457134735.844562
116 1457134736.036558
32 1457134736.140611
116 1457134736.532619
104 1457134736.676641
97 1457134736.756696
116 1457134736.852602
32 1457134737.060569
111 1457134737.324554
98 1457134737.476492
101 1457134737.692611
100 1457134738.132639
105 1457134738.356522
101 1457134738.508526
99 1457134738.716611
101 1457134738.836599
8 1457134739.252638
8 1457134739.388545
110 1457134739.580577
99 1457134739.684538
101 1457134739.788513
32 1457134739.908520
116 1457134740.116613
111 1457134740.172474
32 1457134740.284477
116 1457134740.436511
104 1457134740.500464
101 1457134740.620502
32 1457134740.700632
99 1457134740.860504
111 1457134740.909081
109 1457134740.972537
109 1457134741.132622
97 1457134741.212519
110 1457134741.340497
100 1457134741.500499
109 1457134741.916560
101 1457134742.060452
110 1457134742.164497
116 1457134742.260477
115 1457134742.356695
32 1457134742.436548
108 1457134742.812594
101 1457134742.900532
97 1457134742.996531
100 1457134743.124598
115 1457134743.284518
32 1457134743.396566
116 1457134743.588588
111 1457134743.636449
32 1457134743.732432
98 1457134744.068491
108 1457134744.188470
101 1457134744.308421
115 1457134744.404491
115 1457134744.572569
105 1457134744.660485
110 1457134744.732471
103 1457134744.844464
32 1457134744.940516
8 1457134745.620511
115 1457134745.756478
32 1457134745.900465
102 1457134746.428601
114 1457134746.660500
111 1457134746.713463
109 1457134746.788480
32 1457134746.860525
71 1457134747.084462
111 1457134747.196443
100 1457134747.332385
46 1457134747.468368
32 1457134747.564482
72 1457134747.988559
101 1457134748.196540
32 1457134748.300507
83 1457134748.516477
8 1457134748.988553
115 1457134749.112195
97 1457134749.260396
105 1457134749.404441
100 1457134749.548444
58 1457134750.156865
32 1457134750.268426
34 1457134750.596434
84 1457134751.028502
104 1457134751.148433
101 1457134751.244479
114 1457134751.340372
101 1457134751.468391
32 1457134751.580438
105 1457134751.732468
115 1457134751.852445
32 1457134751.940444
97 1457134752.068382
32 1457134752.188491
108 1457134752.364359
119 1457134752.524511
111 1457134752.588414
44 1457134752.780458
32 1457134752.876431
8 1457134753.140510
8 1457134753.292411
8 1457134753.444415
8 1457134753.604436
97 1457134753.980439
119 1457134754.092512
44 1457134754.244432
32 1457134754.348385
105 1457134754.852466
114 1457134755.004350
114 1457134755.180465
101 1457134755.380381
118 1457134755.644392
111 1457134755.884421
99 1457134756.044331
97 1457134756.268395
98 1457134756.412395
108 1457134756.532411
121 1457134756.788468
32 1457134757.116396
100 1457134757.300388
101 1457134757.508342
99 1457134757.620348
114 1457134757.828377
101 1457134757.908370
101 1457134758.060331
100 1457134758.260331
32 1457134758.372336
105 1457134758.540334
110 1457134758.636289
32 1457134758.724307
104 1457134758.892330
101 1457134758.948295
97 1457134759.052372
118 1457134759.124372
101 1457134759.244375
110 1457134760.036409
10 1457134760.828366
8 1457134761.508391
32 1457134761.788386
98 1457134762.084303
101 1457134762.340276
102 1457134762.764373
111 1457134762.852315
114 1457134762.972301
101 1457134763.076294
32 1457134763.161530
116 1457134763.284343
104 1457134763.380318
101 1457134763.492296
32 1457134763.548289
102 1457134763.740361
111 1457134763.908287
117 1457134763.980220
110 1457134764.204460
100 1457134764.476307
97 1457134764.652239
116 1457134764.764369
97 1457134764.956302
105 1457134765.036392
111 1457134765.100309
110 1457134765.180333
115 1457134765.316261
32 1457134765.404263
8 1457134765.604248
8 1457134765.756329
8 1457134765.908325
8 1457134766.052341
8 1457134766.204349
8 1457134766.356225
105 1457134766.580312
111 1457134766.644268
110 1457134766.732344
115 1457134766.860335
32 1457134766.924261
111 1457134767.156349
102 1457134767.292237
32 1457134767.780319
116 1457134767.996268
104 1457134768.108222
105 1457134768.508271
115 1457134768.636200
32 1457134768.708202
119 1457134769.036282
111 1457134769.148331
114 1457134769.396328
108 1457134769.580328
100 1457134769.820251
44 1457134769.916239
32 1457134769.988208
117 1457134770.524270
112 1457134770.772262
111 1457134771.412272
110 1457134771.516222
32 1457134771.596248
119 1457134772.004317
104 1457134772.124298
105 1457134772.476270
99 1457134772.620207
104 1457134772.724262
32 1457134772.820255
97 1457134773.596269
108 1457134773.676265
108 1457134773.828200
32 1457134773.924156
98 1457134774.244321
108 1457134774.381344
101 1457134774.484220
115 1457134774.628224
115 1457134774.820272
105 1457134775.068170
110 1457134775.164274
103 1457134775.292299
32 1457134775.396256
8 1457134775.940264
115 1457134776.036214
32 1457134776.148252
97 1457134776.476198
114 1457134776.556324
101 1457134776.684201
32 1457134777.148262
112 1457134777.404208
114 1457134777.500155
101 1457134777.580257
100 1457134777.844215
105 1457134777.980178
99 1457134778.092326
97 1457134778.236214
116 1457134778.332159
101 1457134778.420158
100 1457134778.612365
45 1457134778.940210
97 1457134779.276228
110 1457134779.420220
8 1457134779.620203
8 1457134779.780149
8 1457134779.932158
45 1457134780.076142
97 1457134780.572225
110 1457134780.700181
8 1457134780.908240
8 1457134781.076137
8 1457134781.220258
48 1457134781.364149
8 1457134781.796196
45 1457134781.948140
32 1457134782.508196
8 1457134782.852144
97 1457134782.988057
110 1457134783.108147
100 1457134783.228064
32 1457134783.436110
119 1457134783.892111
104 1457134783.964076
101 1457134784.100172
110 1457134784.196136
32 1457134784.580125
119 1457134784.772125
101 1457134784.868140
32 1457134785.028097
111 1457134785.244080
98 1457134785.372034
116 1457134785.596086
97 1457134785.732050
105 1457134785.828058
110 1457134785.900023
32 1457134786.020021
97 1457134786.324133
110 1457134786.444091
121 1457134786.604132
32 1457134786.700071
98 1457134787.204242
108 1457134787.324031
101 1457134787.467987
115 1457134787.620041
115 1457134787.804145
105 1457134787.916076
110 1457134787.964034
103 1457134788.084137
32 1457134788.180076
102 1457134788.492103
114 1457134788.732109
111 1457134788.836085
109 1457134788.916162
32 1457134789.004076
71 1457134789.227968
114 1457134789.540095
111 1457134789.684024
8 1457134790.052133
8 1457134790.188134
111 1457134790.364077
100 1457134790.475992
44 1457134790.676075
32 1457134790.764056
105 1457134791.108142
116 1457134791.204018
32 1457134791.436081
105 1457134791.636074
115 1457134791.756031
32 1457134791.811982
98 1457134792.084040
121 1457134792.308003
32 1457134792.427971
111 1457134792.628074
98 1457134792.748021
101 1457134792.972075
100 1457134793.524078
105 1457134793.620052
101 1457134793.988133
110 1457134794.116074
99 1457134794.228005
101 1457134794.308121
32 1457134794.420038
111 1457134794.604090
116 1457134794.700072
8 1457134795.052106
8 1457134795.196012
116 1457134795.404055
111 1457134795.452619
32 1457134795.540159
116 1457134795.644055
104 1457134795.724116
97 1457134795.812083
116 1457134795.900029
32 1457134795.947911
108 1457134796.324102
97 1457134796.404091
119 1457134796.523977
32 1457134796.635959
117 1457134796.916039
112 1457134797.035965
111 1457134797.244006
110 1457134797.331927
32 1457134797.435976
119 1457134797.868042
104 1457134797.963995
105 1457134798.188115
99 1457134798.331954
104 1457134798.412185
32 1457134798.515958
105 1457134799.276023
116 1457134799.395928
32 1457134799.539937
105 1457134800.435965
115 1457134800.531980
32 1457134800.619960
112 1457134801.028098
114 1457134801.155957
101 1457134801.259935
100 1457134801.779928
105 1457134801.923923
99 1457134802.388000
97 1457134802.555965
116 1457134802.667896
101 1457134802.803936
100 1457134803.108002
32 1457134803.259861
8 1457134803.787986
34 1457134804.123980
32 1457134804.291934
40 1457134804.523864
68 1457134804.764002
38 1457134805.348011
67 1457134805.771993
32 1457134806.083948
49 1457134806.251924
51 1457134806.379915
48 1457134806.723955
58 1457134807.099902
32 1457134807.196018
50 1457134807.363871
48 1457134807.595912
8 1457134807.779994
8 1457134807.947891
8 1457134808.075891
50 1457134808.267941
48 1457134808.311347
45 1457134808.499985
50 1457134809.163936
49 1457134809.307814
41 1457134809.643821
46 1457134809.971921
32 1457134810.371905
75 1457134810.955873
105 1457134811.195955
110 1457134811.275917
103 1457134811.371870
32 1457134812.387930
66 1457134812.900413
101 1457134813.115947
110 1457134813.243818
106 1457134813.563889
97 1457134813.939901
109 1457134814.092151
105 1457134814.283912
110 1457134814.347767
32 1457134814.467864
97 1457134814.659850
108 1457134814.739834
115 1457134814.939894
111 1457134815.027844
32 1457134815.139834
116 1457134815.395790
104 1457134815.507851
97 1457134815.587796
116 1457134815.731839
8 1457134816.099952
8 1457134816.243809
8 1457134816.387801
97 1457134816.523821
117 1457134816.627825
103 1457134816.771898
104 1457134816.859920
116 1457134817.003816
32 1457134817.555846
116 1457134817.899824
104 1457134817.979751
105 1457134818.139944
115 1457134818.275817
32 1457134818.371768
112 1457134818.595875
114 1457134818.763857
105 1457134818.875826
99 1457134819.059809
105 1457134819.131765
8 1457134819.779840
8 1457134819.931879
110 1457134820.123813
105 1457134820.427813
8 1457134820.723861
99 1457134820.859837
105 1457134820.963814
112 1457134821.459825
108 1457134821.715759
101 1457134821.867771
46 1457134822.091814
32 1457134822.195707
34 1457134822.643753
73 1457134823.027659
32 1457134823.307840
119 1457134823.547716
111 1457134823.595911
117 1457134823.675721
108 1457134823.835737
100 1457134823.931725
32 1457134824.043713
100 1457134824.499868
101 1457134824.707918
115 1457134824.899822
114 1457134825.267810
105 1457134825.451709
8 1457134825.803829
8 1457134825.963767
105 1457134826.147809
114 1457134826.203676
101 1457134826.315695
32 1457134826.411644
116 1457134826.819750
104 1457134826.931666
97 1457134827.011637
116 1457134827.091948
32 1457134827.243734
116 1457134827.691748
101 1457134827.883725
8 1457134828.211858
8 1457134828.339669
121 1457134828.395679
101 1457134828.563750
32 1457134828.755802
115 1457134829.147845
104 1457134829.243785
111 1457134829.363660
117 1457134829.459697
108 1457134829.611709
100 1457134829.715745
32 1457134829.819678
99 1457134830.091748
111 1457134830.179643
110 1457134830.299675
115 1457134830.475687
105 1457134830.547684
100 1457134830.675675
101 1457134830.875706
114 1457134830.955748
32 1457134831.083707
111 1457134831.227700
110 1457134831.331683
32 1457134831.427644
116 1457134831.587716
104 1457134831.699737
101 1457134831.803670
32 1457134832.291752
98 1457134832.571764
108 1457134832.699607
101 1457134832.827687
115 1457134833.003645
115 1457134833.179744
101 1457134833.619652
100 1457134833.819645
32 1457134833.915625
97 1457134834.235710
110 1457134834.331613
100 1457134834.491606
32 1457134834.619648
104 1457134836.203715
97 1457134836.323606
112 1457134836.403612
112 1457134836.563756
121 1457134836.659620
32 1457134836.779730
115 1457134837.171800
116 1457134837.355643
97 1457134837.467630
116 1457134837.603691
101 1457134837.667607
32 1457134837.819643
111 1457134838.243712
102 1457134838.363611
32 1457134838.475594
116 1457134838.755646
104 1457134838.875695
101 1457134838.979600
8 1457134839.347668
111 1457134839.443602
115 1457134839.555588
101 1457134839.635734
32 1457134840.051630
116 1457134840.371620
104 1457134840.467625
97 1457134840.531575
116 1457134840.635598
32 1457134841.211714
107 1457134841.435600
101 1457134841.579559
101 1457134841.731640
112 1457134841.811572
32 1457134841.915593
116 1457134842.091675
104 1457134842.163548
101 1457134842.291534
32 1457134842.371533
99 1457134842.507545
111 1457134842.563507
109 1457134842.643526
109 1457134842.803574
97 1457134842.907568
110 1457134843.011564
100 1457134843.147586
109 1457134843.323538
101 1457134843.483506
110 1457134843.587571
116 1457134843.683492
115 1457134843.763520
32 1457134843.891550
111 1457134844.067474
102 1457134844.259605
32 1457134844.371497
71 1457134844.827473
111 1457134844.939541
100 1457134845.099654
44 1457134845.395504
32 1457134845.507527
34 1457134845.755506
8 1457134846.051632
8 1457134846.387489
34 1457134846.691445
32 1457134846.811639
104 1457134847.171604
101 1457134847.307501
32 1457134847.387484
99 1457134848.283642
111 1457134848.387486
117 1457134848.475510
110 1457134848.659560
115 1457134848.851539
101 1457134849.091507
108 1457134849.195519
101 1457134849.547596
100 1457134849.787543
32 1457134849.931554
8 1457134850.483565
46 1457134850.707505
32 1457134850.891522
34 1457134851.195533
70 1457134851.675544
111 1457134851.779494
114 1457134851.971514
32 1457134852.643498
98 1457134852.787522
101 1457134852.979607
104 1457134853.075539
105 1457134853.467562
108 1457134853.571496
8 1457134854.003535
8 1457134854.139537
111 1457134854.331382
108 1457134854.531405
100 1457134854.675457
44 1457134854.843465
32 1457134854.923470
116 1457134855.235541
104 1457134855.347453
101 1457134855.427462
121 1457134855.555442
32 1457134855.683426
97 1457134855.891497
114 1457134855.979401
101 1457134856.115458
32 1457134856.203445
98 1457134856.315410
108 1457134856.387459
101 1457134856.499399
115 1457134856.595449
115 1457134856.763487
101 1457134856.883437
100 1457134857.083422
32 1457134857.203420
105 1457134857.347381
110 1457134857.427412
32 1457134857.539394
97 1457134857.583886
108 1457134857.691404
108 1457134857.867408
32 1457134857.923419
116 1457134858.123594
104 1457134858.403418
105 1457134858.539395
110 1457134858.619440
103 1457134858.739418
115 1457134858.859392
44 1457134859.043386
32 1457134859.147463
98 1457134859.491418
111 1457134859.667428
116 1457134859.811382
104 1457134859.923421
32 1457134860.275477
116 1457134860.563423
101 1457134860.859459
109 1457134860.955356
112 1457134861.035324
108 1457134861.195522
8 1457134861.571410
111 1457134861.643383
114 1457134861.795367
97 1457134862.251457
108 1457134862.355356
32 1457134862.747401
97 1457134862.883397
110 1457134862.979311
100 1457134863.099407
32 1457134863.243305
115 1457134863.731432
112 1457134863.843409
105 1457134864.259463
114 1457134864.443326
105 1457134864.563317
116 1457134864.739415
104 1457134865.291430
8 1457134865.555382
117 1457134865.731550
97 1457134865.875324
108 1457134865.947496
59 1457134866.355387
32 1457134866.667411
97 1457134866.907444
110 1457134866.995229
100 1457134867.115346
32 1457134867.243314
105 1457134867.427314
102 1457134867.515242
32 1457134867.587433
116 1457134867.763334
104 1457134867.827286
101 1457134867.947345
121 1457134868.027311
32 1457134868.091380
104 1457134868.243358
111 1457134868.331305
108 1457134868.507343
100 1457134868.579500
32 1457134868.699433
111 1457134868.827303
117 1457134868.883402
116 1457134869.011283
32 1457134869.075259
102 1457134869.235302
97 1457134869.355240
105 1457134869.483352
116 1457134869.723391
104 1457134869.827360
117 1457134870.259470
8 1457134870.563343
102 1457134870.651300
117 1457134870.795258
108 1457134870.867395
32 1457134871.211441
116 1457134871.411317
111 1457134871.459236
32 1457134871.595429
116 1457134872.331361
8 1457134872.539308
8 1457134873.051326
32 1457134873.707292
116 1457134874.075317
104 1457134874.171353
101 1457134874.307316
32 1457134874.571282
101 1457134874.755368
110 1457134874.883253
100 1457134875.019275
32 1457134875.107270
116 1457134875.459299
104 1457134875.571236
101 1457134875.667188
121 1457134875.811244
32 1457134876.067265
97 1457134876.411231
114 1457134876.507221
101 1457134876.643327
32 1457134876.771347
114 1457134877.163296
101 1457134877.307236
99 1457134877.563283
101 1457134878.123306
105 1457134878.323203
118 1457134878.419195
101 1457134878.499239
100 1457134878.699291
32 1457134878.795338
105 1457134879.051282
110 1457134879.139258
116 1457134879.315191
111 1457134879.387270
32 1457134879.499236
104 1457134879.675259
101 1457134879.795284
97 1457134879.875305
118 1457134879.963277
101 1457134880.107299
110 1457134880.251269
44 1457134880.451250
32 1457134880.531141
116 1457134880.755232
104 1457134880.843212
97 1457134880.923178
116 1457134881.011164
32 1457134881.123261
116 1457134881.235187
104 1457134881.347208
101 1457134881.407603
114 1457134881.499143
101 1457134881.611253
98 1457134881.795262
121 1457134881.891329
32 1457134881.995198
116 1457134882.115216
104 1457134882.211135
101 1457134882.331151
121 1457134882.467184
32 1457134882.587186
109 1457134882.867280
97 1457134883.035162
121 1457134883.131298
32 1457134883.227239
100 1457134883.523221
119 1457134883.739268
101 1457134883.835147
108 1457134884.179251
32 1457134884.387119
8 1457134884.979250
108 1457134885.211224
32 1457134885.299147
119 1457134885.843209
105 1457134885.923293
116 1457134886.083149
104 1457134886.156886
32 1457134886.204707
71 1457134886.363046
111 1457134886.451164
100 1457134886.603205
32 1457134886.659152
105 1457134886.787164
110 1457134886.867301
32 1457134886.931130
97 1457134887.091169
32 1457134887.155069
115 1457134887.315058
116 1457134887.587141
97 1457134887.715090
116 1457134887.811087
101 1457134887.923156
32 1457134887.995119
111 1457134888.179185
102 1457134888.294642
32 1457134888.341665
110 1457134888.499153
101 1457134888.587110
118 1457134888.683185
101 1457134888.843172
114 1457134888.931152
45 1457134888.979331
101 1457134889.171191
110 1457134889.283198
100 1457134889.387074
105 1457134889.467123
110 1457134889.547091
103 1457134889.643135
32 1457134889.731032
104 1457134889.891058
97 1457134889.995141
112 1457134890.067076
112 1457134890.227180
105 1457134890.395116
110 1457134890.547117
101 1457134890.667084
115 1457134890.787141
115 1457134890.963128
46 1457134891.059080
32 1457134891.139072
79 1457134891.387010
32 1457134891.571053
82 1457134891.851069
101 1457134892.003118
109 1457134892.099154
101 1457134892.259123
8 1457134892.531130
8 1457134892.675246
8 1457134892.819138
8 1457134892.963162
114 1457134893.123169
101 1457134893.251107
109 1457134893.347064
101 1457134893.459077
109 1457134893.523078
98 1457134893.683128
101 1457134893.867093
114 1457134893.947188
44 1457134894.083112
32 1457134894.163038
10 1457134895.035123
