70 1460065269.860553
111 1460065270.444564
117 1460065270.556413
114 1460065270.668427
32 1460065270.748463
115 1460065271.004541
99 1460065271.172450
111 1460065271.292528
114 1460065271.444439
101 1460065271.548465
32 1460065271.588491
97 1460065271.892474
110 1460065272.052577
100 1460065272.220497
32 1460065272.276448
115 1460065272.476520
101 1460065272.716556
118 1460065272.868600
101 1460065273.004529
110 1460065273.100495
32 1460065273.196473
121 1460065273.316459
101 1460065273.508386
97 1460065273.580477
114 1460065273.676364
32 1460065273.804477
97 1460065273.972436
8 1460065274.436620
8 1460065274.604411
8 1460065274.756529
115 1460065274.868437
8 1460065275.356438
114 1460065275.500400
115 1460065275.660440
32 1460065275.836440
97 1460065275.996432
103 1460065276.396415
111 1460065276.556355
32 1460065276.660506
111 1460065276.868415
117 1460065276.964428
114 1460065277.108453
32 1460065277.172380
102 1460065277.324363
97 1460065277.428383
116 1460065277.524337
104 1460065277.636399
101 1460065277.724476
114 1460065277.780531
115 1460065277.916447
32 1460065278.028427
98 1460065278.116401
114 1460065278.372485
111 1460065278.492395
117 1460065278.556303
103 1460065278.660383
104 1460065278.788316
116 1460065278.916362
32 1460065279.020401
102 1460065279.284447
111 1460065279.380390
114 1460065279.524346
116 1460065279.724423
104 1460065279.828319
32 1460065279.940420
111 1460065280.052401
110 1460065280.164424
32 1460065280.268459
116 1460065280.364454
104 1460065280.460462
105 1460065280.508352
115 1460065280.628413
32 1460065280.700373
99 1460065280.924426
111 1460065281.004411
110 1460065281.108394
116 1460065281.276425
105 1460065281.420372
110 1460065281.476339
101 1460065281.740460
110 1460065281.932399
116 1460065282.412462
32 1460065282.604331
97 1460065282.852333
32 1460065282.948302
110 1460065283.268374
101 1460065283.412342
119 1460065283.548339
32 1460065283.644291
110 1460065283.836372
97 1460065283.940316
116 1460065284.036302
105 1460065284.124341
111 1460065284.170022
110 1460065284.244338
44 1460065284.492724
32 1460065284.598773
99 1460065284.724330
111 1460065284.996399
110 1460065285.332466
99 1460065285.724567
101 1460065285.956317
105 1460065286.092318
118 1460065286.180371
101 1460065286.276319
100 1460065286.476309
32 1460065286.564249
105 1460065286.700322
110 1460065286.780397
32 1460065286.836316
108 1460065286.996340
98 1460065287.116422
105 1460065287.160363
101 1460065287.276335
114 1460065287.388294
8 1460065287.740377
8 1460065287.908305
8 1460065288.060297
8 1460065288.220315
105 1460065288.484393
98 1460065288.676370
101 1460065288.972420
114 1460065289.068288
116 1460065289.308363
121 1460065289.532357
44 1460065289.636323
32 1460065289.732295
97 1460065289.908345
110 1460065289.980293
100 1460065290.100314
32 1460065290.172308
100 1460065290.300273
105 1460065290.396402
101 1460065290.532259
8 1460065290.948373
8 1460065291.108335
101 1460065291.284362
100 1460065291.500321
105 1460065291.652286
99 1460065291.804235
97 1460065291.980306
116 1460065292.060259
101 1460065292.164254
100 1460065292.372254
32 1460065292.476264
116 1460065292.604191
111 1460065292.692203
32 1460065292.796287
116 1460065292.860215
104 1460065292.972237
101 1460065293.060238
32 1460065293.140245
112 1460065293.292367
114 1460065293.452282
111 1460065293.572335
112 1460065293.756226
111 1460065293.876276
115 1460065294.340341
105 1460065294.564344
116 1460065294.692247
105 1460065294.772225
111 1460065294.844287
110 1460065294.948253
32 1460065295.036318
116 1460065295.252346
104 1460065295.348276
97 1460065295.436307
116 1460065295.516264
32 1460065295.580224
97 1460065295.724211
108 1460065295.796261
108 1460065295.956224
32 1460065296.031179
109 1460065296.156362
101 1460065296.268250
110 1460065296.388311
32 1460065296.492292
97 1460065296.554522
114 1460065296.908330
101 1460065297.044242
32 1460065297.180280
99 1460065297.548217
114 1460065297.772306
101 1460065297.884211
97 1460065297.956262
116 1460065298.044306
101 1460065298.180234
100 1460065298.396283
32 1460065298.668237
101 1460065298.924222
113 1460065299.140204
117 1460065299.244257
97 1460065299.364161
108 1460065299.460211
46 1460065299.700231
32 1460065299.796255
8 1460065300.356235
10 1460065300.564156
10 1460065301.044231
110 1460065301.556311
8 1460065302.068199
78 1460065302.316158
111 1460065302.484269
119 1460065302.628213
32 1460065302.732274
119 1460065302.860219
101 1460065302.964105
32 1460065303.076153
97 1460065303.180151
114 1460065303.271233
101 1460065303.348111
32 1460065303.420182
101 1460065303.588172
110 1460065303.692203
103 1460065303.812144
97 1460065303.940279
103 1460065304.010658
101 1460065304.108215
100 1460065304.284149
32 1460065304.380190
105 1460065304.508135
110 1460065304.580179
32 1460065304.684135
97 1460065304.772158
103 1460065305.796215
114 1460065306.028210
101 1460065306.132185
97 1460065306.228056
116 1460065306.412215
8 1460065306.556140
8 1460065306.732158
8 1460065306.884136
8 1460065307.052168
8 1460065307.316158
32 1460065307.572173
97 1460065308.092259
103 1460065308.188099
8 1460065308.420119
8 1460065308.604048
103 1460065308.716133
114 1460065308.924185
101 1460065309.012132
97 1460065309.108102
116 1460065309.196117
32 1460065309.372252
118 1460065309.564195
105 1460065309.676180
8 1460065310.268252
8 1460065310.420196
99 1460065310.492772
105 1460065310.676112
118 1460065310.900198
105 1460065311.004060
108 1460065311.140195
32 1460065311.308044
119 1460065311.508131
97 1460065311.620055
114 1460065311.708125
44 1460065311.804149
32 1460065311.884077
116 1460065312.036152
101 1460065312.228099
115 1460065312.316097
116 1460065312.404136
105 1460065312.532083
110 1460065312.604092
103 1460065312.700072
32 1460065312.804195
119 1460065312.892036
104 1460065313.420169
101 1460065313.620073
116 1460065313.740076
104 1460065314.060157
101 1460065314.300076
114 1460065314.396103
32 1460065314.516023
116 1460065314.708050
104 1460065314.812074
97 1460065314.899997
116 1460065314.980047
32 1460065315.045642
110 1460065315.252071
97 1460065315.468097
116 1460065315.564052
105 1460065315.636017
111 1460065315.699230
110 1460065315.772012
44 1460065316.012140
32 1460065316.092047
111 1460065316.300099
114 1460065316.460023
32 1460065316.596071
110 1460065316.828056
97 1460065316.972050
8 1460065317.268074
8 1460065317.428052
97 1460065317.572030
110 1460065317.667993
121 1460065317.820071
32 1460065318.196107
110 1460065318.492077
97 1460065318.636012
116 1460065318.772078
105 1460065318.868021
111 1460065318.931794
110 1460065319.011959
32 1460065319.100102
115 1460065319.276002
111 1460065319.340434
32 1460065319.452074
99 1460065319.628043
111 1460065319.844169
110 1460065320.140021
99 1460065320.588052
101 1460065321.108137
105 1460065321.291996
118 1460065321.420018
101 1460065321.500013
100 1460065321.732021
32 1460065321.963995
97 1460065322.252021
110 1460065322.355988
100 1460065322.475933
32 1460065322.579688
115 1460065322.692075
111 1460065322.787995
32 1460065322.851945
100 1460065322.988001
101 1460065323.172021
100 1460065323.379972
105 1460065323.483984
99 1460065323.604002
97 1460065323.747945
116 1460065323.835979
101 1460065323.931955
100 1460065324.124019
44 1460065324.244031
32 1460065324.332042
99 1460065324.475913
97 1460065324.579991
110 1460065324.667942
32 1460065324.739986
108 1460065324.891999
111 1460065325.083962
110 1460065325.182919
103 1460065325.259922
32 1460065325.363929
101 1460065325.563975
110 1460065325.667995
100 1460065325.795989
117 1460065325.900000
114 1460065326.051904
101 1460065326.145544
46 1460065326.235870
32 1460065326.339986
87 1460065326.739994
101 1460065326.971936
32 1460065327.067930
97 1460065327.179864
114 1460065327.268464
101 1460065327.355868
32 1460065327.451906
109 1460065327.595978
101 1460065327.683934
116 1460065327.787949
32 1460065327.932003
111 1460065328.115910
110 1460065328.211960
32 1460065328.316064
97 1460065328.491984
32 1460065328.555919
103 1460065328.819983
114 1460065329.083935
101 1460065329.145913
97 1460065329.259916
116 1460065329.347959
32 1460065329.459913
98 1460065329.611947
97 1460065329.771914
116 1460065329.875958
116 1460065330.043868
108 1460065330.227914
101 1460065330.419897
102 1460065330.659903
105 1460065330.787942
101 1460065330.923920
108 1460065331.027950
100 1460065331.171905
32 1460065331.283907
111 1460065331.435940
102 1460065331.667876
32 1460065331.819903
116 1460065332.468024
104 1460065332.627904
97 1460065332.739820
116 1460065332.819884
32 1460065332.907865
119 1460065333.051938
97 1460065333.179995
114 1460065333.251873
46 1460065333.371939
32 1460065333.456779
87 1460065333.683904
101 1460065333.907880
32 1460065333.987874
104 1460065334.179913
97 1460065334.243282
118 1460065334.307139
101 1460065334.387849
32 1460065334.475894
99 1460065334.667983
111 1460065334.764370
109 1460065334.830234
101 1460065334.963844
32 1460065335.075830
116 1460065335.371928
111 1460065335.499851
32 1460065335.707956
100 1460065335.963873
101 1460065336.467998
100 1460065336.683932
105 1460065336.899901
99 1460065337.051901
97 1460065337.211856
116 1460065337.299838
101 1460065337.419873
32 1460065337.547946
97 1460065337.715881
32 1460065337.827883
112 1460065337.931822
111 1460065338.123866
114 1460065338.387839
116 1460065338.715894
105 1460065338.780052
111 1460065338.843784
110 1460065338.947898
32 1460065339.035850
111 1460065339.187891
102 1460065339.339884
32 1460065339.435814
116 1460065339.587801
104 1460065339.650148
97 1460065339.755817
116 1460065339.827819
32 1460065339.899791
102 1460065340.099912
105 1460065340.171830
101 1460065340.379914
108 1460065340.707866
100 1460065340.931789
44 1460065341.043817
32 1460065341.131826
97 1460065341.323838
115 1460065341.427843
32 1460065341.563808
97 1460065341.699872
32 1460065341.811776
102 1460065342.043904
105 1460065342.171803
110 1460065342.231570
97 1460065342.379889
108 1460065342.444532
32 1460065342.531771
114 1460065342.707808
101 1460065342.819790
115 1460065342.979800
116 1460065343.083791
105 1460065343.155803
110 1460065343.259799
103 1460065343.363786
32 1460065343.459749
112 1460065343.595793
108 1460065343.739838
97 1460065343.816240
99 1460065343.891785
101 1460065344.019810
32 1460065344.115816
102 1460065344.323778
111 1460065344.413890
114 1460065344.563865
32 1460065344.643801
116 1460065344.787823
104 1460065344.859781
111 1460065344.923819
115 1460065344.995779
101 1460065345.107869
32 1460065345.171864
119 1460065345.371797
104 1460065345.463977
111 1460065345.526313
32 1460065345.611710
104 1460065345.787826
101 1460065345.891865
114 1460065345.971706
101 1460065346.115731
32 1460065346.203766
103 1460065346.331774
97 1460065346.475758
118 1460065346.611818
101 1460065346.707742
32 1460065346.811734
116 1460065346.931750
104 1460065347.035735
101 1460065347.163733
105 1460065347.395763
114 1460065347.515717
32 1460065347.667779
108 1460065347.875797
105 1460065348.083711
118 1460065348.179843
101 1460065348.299810
115 1460065348.379789
32 1460065348.475813
116 1460065348.635779
104 1460065348.747845
97 1460065348.819777
116 1460065348.923794
32 1460065349.043770
116 1460065349.315863
104 1460065349.523929
97 1460065349.601993
116 1460065349.664200
32 1460065349.725575
110 1460065350.195816
97 1460065350.339804
116 1460065350.459742
105 1460065350.547761
111 1460065350.627679
110 1460065350.723747
32 1460065350.827741
109 1460065350.979759
105 1460065351.091850
103 1460065351.227722
104 1460065351.299730
116 1460065351.451789
32 1460065351.514513
108 1460065351.643707
105 1460065351.787792
118 1460065351.947739
101 1460065352.019721
46 1460065352.099710
32 1460065352.219745
73 1460065352.603742
116 1460065352.819643
32 1460065352.899755
105 1460065353.059723
115 1460065353.179696
32 1460065353.283695
97 1460065353.459770
108 1460065353.563743
116 1460065353.891824
111 1460065354.019683
103 1460065354.243733
104 1460065354.395781
8 1460065355.027798
101 1460065355.411857
116 1460065355.635733
104 1460065355.795729
101 1460065355.891652
114 1460065356.011727
32 1460065356.107677
102 1460065356.291759
105 1460065356.371655
116 1460065356.547741
116 1460065356.723709
105 1460065356.835695
110 1460065356.900702
103 1460065357.003695
32 1460065357.107664
97 1460065357.203708
110 1460065357.315690
100 1460065357.459661
32 1460065357.547635
112 1460065357.667645
114 1460065358.123764
111 1460065358.315761
112 1460065358.407544
101 1460065358.555650
114 1460065358.675701
32 1460065358.827749
116 1460065358.947627
104 1460065359.035647
97 1460065359.139664
116 1460065359.219642
32 1460065359.283564
119 1460065359.411659
101 1460065359.515603
32 1460065359.667738
115 1460065359.915766
104 1460065359.981107
111 1460065360.099767
117 1460065360.203692
108 1460065360.379712
100 1460065360.499681
32 1460065360.587605
100 1460065360.731626
111 1460065360.835668
32 1460065360.963649
116 1460065361.038713
104 1460065361.155615
105 1460065361.221995
115 1460065361.331645
46 1460065361.475611
10 1460065361.811770
10 1460065362.147696
66 1460065362.619674
117 1460065362.827638
116 1460065363.003729
44 1460065363.427628
32 1460065363.523601
105 1460065363.771678
110 1460065363.875595
32 1460065363.947587
97 1460065364.155718
32 1460065364.222490
108 1460065364.547641
97 1460065364.635578
114 1460065364.715588
103 1460065364.947622
101 1460065365.123643
114 1460065365.203577
32 1460065365.307559
115 1460065365.459566
101 1460065365.555661
110 1460065365.771601
115 1460065365.875614
101 1460065365.963524
44 1460065366.035533
32 1460065366.123559
119 1460065366.267606
101 1460065366.347569
32 1460065366.491562
99 1460065366.659572
97 1460065366.819620
110 1460065366.947613
32 1460065367.043541
110 1460065367.283600
111 1460065367.515654
116 1460065367.651547
32 1460065367.763551
100 1460065367.891626
101 1460065368.099627
100 1460065368.307650
105 1460065368.411549
99 1460065368.507520
97 1460065368.651572
116 1460065368.749601
101 1460065368.835544
44 1460065368.971522
32 1460065369.051515
119 1460065369.179595
101 1460065369.259553
32 1460065369.387510
99 1460065369.523482
97 1460065369.675504
110 1460065369.859468
32 1460065370.003470
110 1460065370.227515
111 1460065370.355443
116 1460065370.515566
32 1460065370.635511
99 1460065370.827605
111 1460065370.939576
110 1460065371.043528
99 1460065371.155474
115 1460065371.371647
8 1460065371.595551
8 1460065371.771544
115 1460065371.923460
101 1460065372.019482
99 1460065372.243519
116 1460065372.563538
8 1460065373.179722
114 1460065373.291490
97 1460065373.659644
116 1460065373.763494
101 1460065373.883497
44 1460065374.107564
32 1460065374.177334
119 1460065374.395640
101 1460065374.483495
32 1460065374.595535
99 1460065374.731608
97 1460065374.819546
110 1460065374.915621
32 1460065374.995541
110 1460065375.203539
111 1460065375.307558
116 1460065375.419471
32 1460065375.531501
104 1460065375.699514
97 1460065375.779541
108 1460065375.891478
108 1460065376.067555
111 1460065376.243467
119 1460065376.387447
32 1460065376.507414
116 1460065376.619452
104 1460065376.694696
105 1460065376.760225
115 1460065376.843426
32 1460065376.955439
103 1460065377.107455
114 1460065377.307576
111 1460065377.373060
117 1460065377.443542
110 1460065377.643560
100 1460065377.771415
46 1460065377.883496
32 1460065377.979513
84 1460065378.195467
104 1460065378.323374
101 1460065378.443368
32 1460065378.555398
98 1460065378.939446
114 1460065379.227549
97 1460065379.411517
118 1460065379.531592
101 1460065379.651469
32 1460065379.771571
109 1460065379.939481
101 1460065380.067484
110 1460065380.147454
44 1460065380.363525
32 1460065380.449014
108 1460065380.627399
105 1460065380.731409
118 1460065380.859473
105 1460065380.971421
110 1460065381.059448
103 1460065381.155471
32 1460065381.259410
97 1460065381.363420
110 1460065381.483483
100 1460065381.587455
32 1460065381.683507
100 1460065381.819493
101 1460065382.027484
97 1460065382.163429
100 1460065382.259410
44 1460065382.531464
32 1460065382.627513
119 1460065382.955536
104 1460065383.051522
111 1460065383.131419
32 1460065383.331470
115 1460065383.563468
116 1460065383.675437
114 1460065383.915454
117 1460065384.019429
103 1460065384.147439
103 1460065384.331509
108 1460065384.434889
101 1460065384.547380
100 1460065384.747443
32 1460065384.819376
104 1460065384.963343
101 1460065385.031854
114 1460065385.123386
101 1460065385.251391
44 1460065385.323332
32 1460065385.403393
104 1460065385.579401
97 1460065385.674051
118 1460065385.740333
101 1460065385.835361
32 1460065385.931476
99 1460065386.099414
111 1460065386.195404
110 1460065386.291403
99 1460065386.427375
8 1460065386.859487
115 1460065386.971405
101 1460065387.139378
99 1460065387.283383
114 1460065387.851409
97 1460065388.291487
116 1460065388.411351
101 1460065388.523438
100 1460065388.747371
32 1460065388.867419
105 1460065389.043403
116 1460065389.195348
44 1460065389.307435
32 1460065389.403367
102 1460065389.547315
97 1460065389.683299
114 1460065389.787349
32 1460065389.923457
97 1460065390.067458
98 1460065390.755407
111 1460065390.891376
118 1460065391.083404
101 1460065391.211440
32 1460065391.355456
111 1460065391.539417
117 1460065391.635315
114 1460065391.739408
32 1460065391.819310
112 1460065391.971375
111 1460065392.107446
111 1460065392.331444
114 1460065392.995454
32 1460065393.179378
112 1460065393.339308
111 1460065393.443303
119 1460065393.509695
101 1460065393.574852
114 1460065393.675225
32 1460065393.755269
116 1460065393.939312
111 1460065394.008497
32 1460065394.075282
97 1460065394.195260
100 1460065394.275286
100 1460065394.459282
32 1460065394.555266
111 1460065394.779320
114 1460065394.947381
32 1460065395.023221
100 1460065395.171292
101 1460065395.379305
116 1460065395.499263
114 1460065395.699291
97 1460065395.891277
99 1460065395.963216
116 1460065396.227366
46 1460065396.294092
32 1460065396.363283
84 1460065396.531252
104 1460065396.635246
101 1460065396.779244
32 1460065397.059294
119 1460065397.379326
111 1460065397.507389
114 1460065398.051290
108 1460065398.187342
100 1460065398.507275
32 1460065398.659337
119 1460065398.843286
105 1460065398.955365
108 1460065399.037522
108 1460065399.187278
32 1460065399.275215
108 1460065399.459289
105 1460065399.539265
116 1460065399.683228
116 1460065399.883275
108 1460065399.971384
101 1460065400.115228
32 1460065400.203264
110 1460065400.371356
111 1460065400.440836
116 1460065400.547297
101 1460065400.699221
44 1460065400.778370
32 1460065400.875259
110 1460065401.035241
111 1460065401.107270
114 1460065401.267281
32 1460065401.371258
108 1460065401.507235
111 1460065401.699306
110 1460065401.787247
103 1460065401.867219
32 1460065402.003283
114 1460065402.131242
101 1460065402.283240
109 1460065402.403223
101 1460065402.499197
109 1460065402.595262
98 1460065402.763296
101 1460065402.971328
114 1460065403.067267
32 1460065403.195310
119 1460065403.323233
104 1460065403.459343
97 1460065403.547287
116 1460065403.615334
32 1460065403.691215
119 1460065403.795202
101 1460065403.899236
32 1460065403.971215
115 1460065404.131213
97 1460065404.291196
121 1460065404.379213
32 1460065404.467199
104 1460065404.651216
101 1460065404.747289
114 1460065404.827198
101 1460065404.971284
44 1460065405.187265
32 1460065405.291315
98 1460065405.475285
117 1460065405.595185
116 1460065405.731169
32 1460065405.819205
105 1460065405.979226
116 1460065406.067220
32 1460065406.187256
99 1460065406.323137
97 1460065406.435191
110 1460065406.531251
32 1460065406.597852
110 1460065406.747243
101 1460065406.824839
118 1460065406.915155
101 1460065407.075173
114 1460065407.179190
32 1460065407.256105
102 1460065407.411217
111 1460065407.531171
114 1460065407.643172
103 1460065407.859220
101 1460065408.003245
116 1460065408.099199
32 1460065408.227194
119 1460065408.323218
104 1460065408.435174
97 1460065408.515175
116 1460065408.603201
32 1460065408.669995
116 1460065408.827143
104 1460065408.931165
101 1460065409.019159
121 1460065409.099283
32 1460065409.195197
100 1460065409.355148
105 1460065409.443212
100 1460065409.563132
32 1460065409.654189
104 1460065409.811215
101 1460065409.915192
114 1460065409.995165
101 1460065410.131252
46 1460065410.331213
32 1460065410.451220
73 1460065410.755213
116 1460065410.899188
32 1460065411.011091
105 1460065411.163194
115 1460065411.299165
32 1460065411.387208
102 1460065411.539150
111 1460065411.651129
114 1460065411.771189
32 1460065411.851158
117 1460065412.011138
115 1460065412.179179
32 1460065412.259125
116 1460065412.403150
104 1460065412.507141
101 1460065412.635177
108 1460065412.875192
105 1460065412.987107
8 1460065413.435259
8 1460065413.595212
8 1460065413.755207
32 1460065413.947201
8 1460065414.435151
101 1460065414.579112
32 1460065414.651101
108 1460065414.843242
105 1460065414.955115
118 1460065415.171127
105 1460065415.259107
110 1460065415.363157
103 1460065415.491101
44 1460065415.947275
32 1460065416.035137
114 1460065416.291136
97 1460065416.483157
116 1460065416.587137
104 1460065416.675086
101 1460065416.811093
114 1460065416.899101
44 1460065416.995126
32 1460065417.091064
116 1460065417.283092
111 1460065417.371084
32 1460065417.459047
100 1460065417.587140
8 1460065418.019110
98 1460065418.131098
101 1460065418.331091
32 1460065418.435146
100 1460065418.555060
101 1460065418.779088
100 1460065419.003134
99 1460065419.195157
8 1460065419.811181
105 1460065419.971062
99 1460065420.075111
97 1460065420.283133
116 1460065420.350354
101 1460065420.483073
100 1460065420.691079
32 1460065420.763048
104 1460065420.955057
101 1460065421.020916
114 1460065421.131055
101 1460065421.267027
32 1460065421.395048
116 1460065421.579028
111 1460065421.651068
32 1460065421.731065
116 1460065421.827072
104 1460065421.915097
101 1460065421.995037
32 1460065422.091135
117 1460065422.267080
110 1460065422.459129
102 1460065422.867053
105 1460065423.299154
110 1460065423.523072
105 1460065423.683098
115 1460065424.235152
104 1460065424.339072
101 1460065424.451010
100 1460065424.643083
32 1460065424.723019
119 1460065424.867002
111 1460065424.995035
114 1460065425.139073
107 1460065425.210995
32 1460065425.307064
119 1460065425.458962
104 1460065425.579014
105 1460065425.691050
99 1460065425.851090
104 1460065425.922988
32 1460065425.994971
116 1460065426.123020
104 1460065426.243019
101 1460065426.355028
121 1460065426.428727
32 1460065426.515000
119 1460065426.666971
104 1460065426.755086
111 1460065426.826982
32 1460065426.906940
102 1460065427.042994
111 1460065427.155057
117 1460065427.250978
103 1460065427.334051
104 1460065427.483104
116 1460065427.563031
32 1460065427.659034
104 1460065427.802996
101 1460065427.866029
114 1460065427.928292
101 1460065428.067007
32 1460065428.138996
104 1460065428.314996
97 1460065428.409048
118 1460065428.478743
101 1460065428.539648
32 1460065428.642963
116 1460065428.794993
104 1460065428.947072
117 1460065429.131049
115 1460065429.243017
32 1460065429.354991
102 1460065429.498979
97 1460065429.658927
114 1460065429.754974
32 1460065429.835007
115 1460065429.970981
111 1460065430.066987
32 1460065430.187030
110 1460065430.338929
111 1460065430.426964
98 1460065430.610993
108 1460065430.739038
121 1460065430.914975
32 1460065431.042995
97 1460065431.218962
100 1460065431.346993
118 1460065431.546958
97 1460065431.706978
110 1460065431.882953
99 1460065432.035029
101 1460065432.146942
100 1460065432.355041
46 1460065432.434939
32 1460065432.530995
73 1460065432.770982
116 1460065432.938947
32 1460065433.010930
105 1460065433.178978
115 1460065433.298961
32 1460065433.402945
114 1460065433.514915
97 1460065433.651014
116 1460065433.762918
104 1460065433.850924
101 1460065433.978975
114 1460065434.058927
32 1460065434.121196
102 1460065434.314954
111 1460065434.402949
114 1460065434.538966
32 1460065434.618937
117 1460065434.803007
115 1460065434.922934
32 1460065434.986895
116 1460065435.170971
111 1460065435.242964
32 1460065435.306892
98 1460065435.410884
101 1460065435.610990
32 1460065435.738930
104 1460065435.930882
101 1460065436.034928
114 1460065436.146984
101 1460065436.258887
32 1460065436.442883
100 1460065436.610883
101 1460065436.794903
100 1460065436.986891
105 1460065437.090900
99 1460065437.186915
97 1460065437.338917
116 1460065437.418903
101 1460065437.514882
100 1460065437.698934
32 1460065437.810930
116 1460065438.210998
111 1460065438.530998
32 1460065438.667001
116 1460065438.778951
104 1460065438.906954
101 1460065439.050956
32 1460065439.178880
103 1460065439.330885
114 1460065439.538871
101 1460065439.714891
97 1460065439.826899
116 1460065439.890840
32 1460065440.026844
116 1460065440.162927
97 1460065440.314950
115 1460065440.394870
107 1460065440.474910
32 1460065440.586939
114 1460065440.738872
101 1460065440.834922
109 1460065440.994912
97 1460065441.170902
105 1460065441.322898
110 1460065441.458829
105 1460065441.690890
110 1460065441.779255
103 1460065441.930872
32 1460065442.018827
98 1460065442.266953
101 1460065442.450880
102 1460065442.626874
111 1460065442.738893
114 1460065442.866844
101 1460065442.946854
32 1460065443.034842
117 1460065443.266959
115 1460065443.402877
45 1460065443.538882
116 1460065443.738940
104 1460065443.874913
97 1460065444.034829
116 1460065444.290876
32 1460065444.626913
102 1460065444.834825
114 1460065445.058903
111 1460065445.178953
109 1460065445.264874
32 1460065445.325247
116 1460065445.387017
104 1460065445.530976
101 1460065446.018917
115 1460065446.202832
101 1460065446.282855
32 1460065446.370779
104 1460065446.538982
111 1460065446.674832
110 1460065446.762792
111 1460065446.914781
114 1460065447.026798
101 1460065447.146808
100 1460065447.346931
32 1460065447.410826
100 1460065447.546854
101 1460065447.738887
100 1460065447.946859
97 1460065448.098881
32 1460065448.266886
8 1460065448.554895
8 1460065448.714803
8 1460065448.866845
97 1460065448.946435
100 1460065449.018806
32 1460065449.146909
119 1460065449.354800
101 1460065449.434857
116 1460065449.722836
8 1460065450.258922
32 1460065450.401419
116 1460065450.506787
97 1460065450.642871
107 1460065450.770854
101 1460065450.890748
32 1460065451.010791
105 1460065451.178828
110 1460065451.266229
99 1460065451.402759
114 1460065451.626791
101 1460065451.730766
97 1460065451.802721
115 1460065451.962769
101 1460065452.066822
100 1460065452.290859
32 1460065452.410871
100 1460065452.546729
101 1460065452.762773
118 1460065452.994826
111 1460065453.162768
116 1460065453.314770
105 1460065453.442787
111 1460065453.508960
110 1460065453.578715
32 1460065453.690747
116 1460065453.946805
111 1460065454.014220
32 1460065454.114750
116 1460065454.202806
104 1460065454.306780
97 1460065454.418818
116 1460065454.498749
32 1460065454.634784
99 1460065454.794778
8 1460065455.018804
99 1460065455.458780
97 1460065455.954761
117 1460065456.122766
115 1460065456.226792
101 1460065456.306658
32 1460065456.442743
102 1460065456.610845
111 1460065456.700764
114 1460065456.834708
32 1460065456.938752
119 1460065457.074753
104 1460065457.170709
105 1460065457.306765
99 1460065457.458801
104 1460065457.538713
32 1460065457.603085
116 1460065457.738736
104 1460065457.850719
101 1460065457.938697
121 1460065458.026729
32 1460065458.178772
103 1460065458.418780
97 1460065458.610812
118 1460065458.698755
101 1460065458.818730
32 1460065458.890708
116 1460065459.042747
104 1460065459.131960
101 1460065459.242700
32 1460065459.338761
108 1460065459.602808
102 1460065459.746702
97 1460065459.914779
115 1460065460.005157
116 1460065460.138686
8 1460065460.354721
8 1460065460.530794
8 1460065460.690707
8 1460065460.842673
97 1460065460.914703
115 1460065461.002671
116 1460065461.106695
32 1460065461.258709
102 1460065461.426672
117 1460065461.570679
108 1460065461.666679
108 1460065461.842745
32 1460065461.904503
109 1460065462.026689
101 1460065462.138689
97 1460065462.242683
115 1460065462.330639
117 1460065462.426723
114 1460065462.546724
101 1460065462.650648
32 1460065462.722662
111 1460065462.906684
102 1460065463.026605
32 1460065463.130708
100 1460065463.242718
101 1460065463.434743
118 1460065463.642753
111 1460065463.810748
116 1460065464.002776
105 1460065464.130715
111 1460065464.217638
110 1460065464.282652
45 1460065464.562783
116 1460065464.786683
104 1460065464.938693
97 1460065465.090673
116 1460065465.210619
32 1460065465.922708
119 1460065466.162677
101 1460065466.258635
32 1460065466.394709
104 1460065466.658679
101 1460065466.754619
114 1460065466.842578
101 1460065467.018660
32 1460065467.106618
104 1460065467.306688
105 1460065467.466646
103 1460065467.570645
104 1460065467.674633
108 1460065467.802632
121 1460065467.906638
32 1460065468.034608
114 1460065468.186645
101 1460065468.314684
115 1460065468.522689
111 1460065468.618000
108 1460065468.810552
118 1460065468.914624
101 1460065469.018655
32 1460065469.194650
116 1460065469.490727
104 1460065469.575747
97 1460065469.674570
116 1460065469.759054
32 1460065469.850603
116 1460065470.138699
104 1460065470.250597
101 1460065470.362580
115 1460065470.554693
101 1460065470.650565
32 1460065470.786551
100 1460065470.914609
101 1460065471.138690
97 1460065471.290605
100 1460065471.410651
32 1460065471.626590
115 1460065471.994707
104 1460065472.090626
97 1460065472.218535
108 1460065472.306574
108 1460065472.466609
32 1460065472.618566
110 1460065472.778614
111 1460065472.842594
116 1460065472.994641
32 1460065473.090561
98 1460065473.274604
8 1460065473.562698
104 1460065473.786631
97 1460065473.866610
118 1460065473.946524
101 1460065474.074538
32 1460065474.186532
100 1460065474.410597
105 1460065474.514511
101 1460065474.650548
100 1460065474.858656
32 1460065474.970524
105 1460065475.114527
110 1460065475.194543
32 1460065475.290486
118 1460065475.386580
97 1460065475.530559
105 1460065475.650511
110 1460065475.738538
45 1460065476.138659
116 1460065476.474678
104 1460065476.578567
97 1460065476.642794
116 1460065476.746619
32 1460065476.858573
116 1460065477.002603
104 1460065477.074542
105 1460065477.178572
115 1460065477.266537
32 1460065477.370604
110 1460065477.530672
97 1460065477.866560
116 1460065477.978527
105 1460065478.106498
111 1460065478.190770
110 1460065478.257691
44 1460065478.466554
32 1460065478.618607
117 1460065478.858621
110 1460065479.186660
100 1460065479.362549
101 1460065479.562540
114 1460065479.642484
32 1460065479.786601
71 1460065479.978487
111 1460065480.082509
100 1460065480.298567
44 1460065480.402652
32 1460065480.486113
115 1460065480.914766
104 1460065481.034536
97 1460065481.178542
108 1460065481.258492
108 1460065481.426495
32 1460065481.538551
110 1460065481.770501
8 1460065482.050595
104 1460065482.266546
97 1460065482.331324
118 1460065482.434498
101 1460065482.514455
32 1460065482.634490
97 1460065482.794533
32 1460065482.906435
110 1460065483.082494
101 1460065483.242474
119 1460065483.362526
32 1460065483.466524
98 1460065483.618437
105 1460065483.730457
114 1460065483.858513
116 1460065484.074528
104 1460065484.176021
32 1460065484.251398
111 1460065484.394484
102 1460065484.546436
32 1460065484.619556
102 1460065484.818488
114 1460065485.018468
101 1460065485.130533
101 1460065485.322478
100 1460065485.530503
111 1460065485.666461
109 1460065485.770427
45 1460065486.034526
32 1460065486.202456
97 1460065486.378534
110 1460065486.522410
8 1460065486.802521
8 1460065486.970443
8 1460065487.114559
97 1460065487.226449
110 1460065487.370503
100 1460065487.466452
32 1460065487.578460
116 1460065487.706421
104 1460065487.794407
97 1460065487.866469
116 1460065487.970400
32 1460065488.098498
103 1460065488.234452
111 1460065488.346477
118 1460065488.482389
101 1460065488.658455
114 1460065488.738426
110 1460065488.930434
109 1460065489.162520
101 1460065489.338488
110 1460065489.442424
116 1460065489.562422
32 1460065489.962542
111 1460065490.130379
102 1460065490.234406
32 1460065490.338513
116 1460065490.450346
104 1460065490.516169
101 1460065490.634354
32 1460065490.723892
112 1460065490.898445
101 1460065490.994469
111 1460065491.090421
112 1460065491.194406
108 1460065491.298402
101 1460065491.434361
44 1460065491.610401
32 1460065491.722403
98 1460065491.922450
121 1460065492.226438
121 1460065492.546500
8 1460065493.018629
32 1460065493.122393
121 1460065493.258400
116 1460065493.466432
104 1460065493.578379
8 1460065493.874480
8 1460065494.058394
8 1460065494.202403
116 1460065494.290328
104 1460065494.418410
101 1460065494.538364
32 1460065494.666361
112 1460065494.858544
101 1460065494.986341
111 1460065495.080172
112 1460065495.153434
108 1460065495.258374
101 1460065495.442391
44 1460065495.578443
32 1460065495.714343
97 1460065496.042420
8 1460065496.482460
102 1460065496.586318
111 1460065496.690379
114 1460065496.802325
32 1460065496.994360
116 1460065497.114416
104 1460065497.226418
101 1460065497.330326
32 1460065497.423975
112 1460065497.570439
111 1460065497.722332
101 1460065497.906349
112 1460065498.026402
8 1460065498.346378
8 1460065498.514389
8 1460065498.674374
101 1460065498.810326
111 1460065498.882330
112 1460065499.026346
108 1460065499.138324
101 1460065499.322331
44 1460065499.634407
32 1460065499.730429
115 1460065499.890290
104 1460065499.970315
97 1460065500.090294
108 1460065500.186321
108 1460065500.346386
32 1460065500.442316
110 1460065500.626298
111 1460065500.693507
116 1460065500.818385
32 1460065500.906317
112 1460065501.050304
101 1460065501.210343
114 1460065501.298326
105 1460065501.506356
115 1460065501.690339
104 1460065501.762307
32 1460065501.882306
102 1460065502.042317
114 1460065502.282381
111 1460065502.362298
109 1460065502.423515
32 1460065502.522348
116 1460065502.594307
104 1460065502.706334
101 1460065502.802481
32 1460065502.914342
101 1460065503.066332
97 1460065503.210443
114 1460065503.274345
116 1460065503.498297
104 1460065503.563068
46 1460065503.786333
10 1460065504.066389
10 1460065505.106415
