102 1457386101.003383
8 1457386101.907243
70 1457386102.411269
111 1457386102.619226
117 1457386102.731225
114 1457386102.899342
116 1457386103.091292
32 1457386103.403240
8 1457386104.507266
8 1457386104.659241
32 1457386105.315244
83 1457386105.667221
99 1457386105.875231
8 1457386106.299223
8 1457386106.467276
115 1457386106.787439
99 1457386106.987190
111 1457386107.083210
114 1457386107.235173
101 1457386107.275270
97 1457386107.427239
32 1457386107.819182
97 1457386107.971300
110 1457386108.067207
100 1457386108.211299
8 1457386108.507211
8 1457386108.675207
8 1457386108.835299
8 1457386109.011170
8 1457386109.187191
32 1457386109.611128
97 1457386109.803193
110 1457386109.979236
100 1457386110.091144
32 1457386110.995113
115 1457386111.467185
101 1457386111.603146
118 1457386111.827192
101 1457386111.947182
110 1457386112.099082
32 1457386112.267165
121 1457386112.683158
101 1457386112.779141
97 1457386112.963187
114 1457386113.459126
115 1457386113.795116
32 1457386114.099104
97 1457386114.291162
103 1457386114.491221
111 1457386114.747140
32 1457386115.451122
111 1457386115.595072
117 1457386115.699130
114 1457386115.859108
32 1457386115.979101
102 1457386116.251139
97 1457386116.387082
116 1457386116.531151
104 1457386116.659168
101 1457386116.739086
114 1457386116.811147
115 1457386116.971134
32 1457386117.731121
98 1457386118.235130
114 1457386118.515121
111 1457386118.635144
117 1457386118.755176
103 1457386118.995081
104 1457386119.123145
116 1457386119.243107
32 1457386119.379078
102 1457386119.659105
111 1457386119.763005
114 1457386119.867074
116 1457386120.059089
104 1457386120.203062
32 1457386120.619066
111 1457386120.971127
110 1457386121.051024
32 1457386121.115080
116 1457386121.339063
104 1457386121.387029
105 1457386121.499069
115 1457386121.595017
32 1457386121.651144
99 1457386122.139144
111 1457386122.547137
110 1457386122.699062
116 1457386123.059136
105 1457386123.187122
110 1457386123.283096
101 1457386123.507036
110 1457386123.619086
116 1457386123.762950
32 1457386124.146995
97 1457386124.251059
32 1457386124.403033
110 1457386125.515041
101 1457386125.643090
119 1457386125.731041
32 1457386125.891052
110 1457386126.074986
97 1457386126.178952
116 1457386126.275002
105 1457386126.411026
111 1457386126.466984
110 1457386126.506930
44 1457386127.051015
32 1457386127.107043
99 1457386127.643009
111 1457386127.714978
110 1457386127.803006
99 1457386128.091047
101 1457386128.515092
105 1457386128.642978
118 1457386128.795008
101 1457386128.955011
100 1457386129.123026
32 1457386129.283000
105 1457386129.363015
110 1457386129.435018
32 1457386129.531016
108 1457386130.002995
105 1457386130.178949
98 1457386130.355015
101 1457386130.554986
114 1457386130.619017
116 1457386130.850981
121 1457386131.027004
44 1457386131.338999
32 1457386131.394998
97 1457386131.555135
110 1457386131.650958
100 1457386131.738948
32 1457386131.802934
100 1457386132.203016
101 1457386132.395006
100 1457386132.730963
105 1457386132.962959
99 1457386133.490951
97 1457386133.666973
116 1457386133.794999
101 1457386133.898982
100 1457386134.082953
32 1457386134.242923
116 1457386134.386999
111 1457386134.459149
32 1457386134.538965
116 1457386134.714961
104 1457386134.778924
101 1457386134.858976
32 1457386134.946921
112 1457386135.346944
114 1457386135.507110
111 1457386135.618957
112 1457386135.690995
111 1457386135.866987
115 1457386136.427015
105 1457386136.618915
116 1457386136.810900
105 1457386136.914964
111 1457386136.994910
110 1457386137.082887
32 1457386137.586901
116 1457386137.858923
104 1457386137.954986
97 1457386138.026911
116 1457386138.122895
32 1457386138.169765
97 1457386138.394922
108 1457386138.538946
108 1457386138.714938
32 1457386138.834857
109 1457386139.066993
8 1457386139.626886
109 1457386140.330931
101 1457386140.618885
110 1457386140.770841
32 1457386141.106924
97 1457386141.674921
114 1457386141.802919
101 1457386141.890919
32 1457386142.050889
99 1457386142.266924
114 1457386142.450929
101 1457386142.506941
97 1457386142.674917
116 1457386142.778859
101 1457386142.898911
100 1457386143.050886
32 1457386143.234886
101 1457386143.522922
113 1457386143.714866
117 1457386143.874841
97 1457386144.018896
108 1457386144.178869
46 1457386144.498946
10 1457386144.818870
78 1457386146.754829
8 1457386147.707009
10 1457386148.050903
78 1457386149.714820
101 1457386150.114821
119 1457386150.418838
8 1457386150.970814
8 1457386151.146822
111 1457386151.418827
119 1457386151.602789
32 1457386151.834793
119 1457386152.074841
101 1457386152.242764
32 1457386152.370827
97 1457386152.562797
114 1457386152.698761
101 1457386152.786829
32 1457386152.922756
101 1457386153.194771
110 1457386153.298734
103 1457386153.466694
97 1457386153.602767
103 1457386153.722748
101 1457386153.986766
100 1457386154.162770
32 1457386154.322756
105 1457386154.380540
110 1457386154.450726
32 1457386154.578773
97 1457386154.634560
32 1457386154.770795
97 1457386154.842752
103 1457386155.106814
114 1457386155.306784
8 1457386155.594734
8 1457386155.770778
8 1457386155.938751
103 1457386156.266760
114 1457386156.474813
101 1457386156.570747
97 1457386156.706775
116 1457386156.802745
32 1457386156.946689
99 1457386157.266747
105 1457386157.370732
118 1457386157.546737
105 1457386157.674731
108 1457386157.850773
32 1457386158.170722
119 1457386158.298755
97 1457386158.490737
114 1457386158.586746
44 1457386159.114729
32 1457386159.194766
116 1457386159.626731
101 1457386159.778756
115 1457386160.026777
116 1457386160.162681
105 1457386160.298688
110 1457386160.386785
103 1457386160.482701
32 1457386160.610916
119 1457386161.010709
104 1457386161.138750
101 1457386161.314702
116 1457386161.506711
104 1457386161.626703
101 1457386161.680892
114 1457386161.770714
32 1457386161.858965
116 1457386162.114728
104 1457386162.210756
97 1457386162.314725
116 1457386162.426686
32 1457386162.546736
110 1457386162.834722
97 1457386162.922715
116 1457386163.034657
105 1457386163.154698
111 1457386163.239239
110 1457386163.305241
44 1457386163.530707
32 1457386163.594683
111 1457386163.762743
114 1457386163.866741
32 1457386163.930703
97 1457386164.122774
110 1457386164.226635
121 1457386164.426683
32 1457386164.594677
110 1457386165.738670
97 1457386165.842668
116 1457386165.970650
105 1457386166.050670
111 1457386166.114631
110 1457386166.186620
32 1457386166.346618
115 1457386166.658641
111 1457386166.770617
32 1457386166.898699
99 1457386167.202633
111 1457386167.378658
110 1457386167.842699
99 1457386168.354635
101 1457386168.858635
105 1457386169.002609
118 1457386169.154728
101 1457386169.314650
100 1457386169.490644
32 1457386169.634574
97 1457386169.770630
110 1457386169.874655
100 1457386169.970680
32 1457386170.074557
115 1457386170.210589
111 1457386170.314593
32 1457386170.442593
100 1457386170.618627
105 1457386170.754657
8 1457386171.330611
100 1457386171.682646
8 1457386172.074561
101 1457386172.410597
100 1457386172.626607
105 1457386172.778642
99 1457386173.522604
97 1457386173.666657
116 1457386173.786619
100 1457386174.450603
8 1457386174.786579
101 1457386174.898606
100 1457386175.074561
44 1457386175.266620
32 1457386175.346594
99 1457386175.826611
97 1457386175.986560
110 1457386176.074528
32 1457386176.186517
108 1457386176.314535
111 1457386176.498564
110 1457386176.578603
103 1457386176.706595
32 1457386176.818588
101 1457386177.066555
110 1457386177.178518
100 1457386177.298666
117 1457386177.466635
114 1457386177.618530
101 1457386177.706547
46 1457386178.178568
32 1457386178.378756
87 1457386179.074570
101 1457386179.410594
32 1457386179.602590
97 1457386179.730680
114 1457386179.818535
101 1457386179.922534
32 1457386180.010448
110 1457386180.250570
8 1457386180.642502
109 1457386180.898492
101 1457386181.018480
116 1457386181.226470
32 1457386181.362509
111 1457386181.642516
110 1457386181.754549
32 1457386181.898471
97 1457386181.994528
32 1457386182.066535
103 1457386182.290526
114 1457386182.498539
101 1457386183.090516
97 1457386183.258473
116 1457386183.426540
32 1457386183.578530
98 1457386184.682518
97 1457386184.842495
116 1457386185.610500
116 1457386185.786444
108 1457386186.306439
101 1457386186.538467
102 1457386186.930471
105 1457386187.082482
101 1457386187.562510
108 1457386187.730453
100 1457386187.858441
32 1457386188.050501
111 1457386188.202446
102 1457386188.330482
32 1457386188.382531
116 1457386188.954478
104 1457386189.050433
97 1457386189.105407
116 1457386189.194345
32 1457386189.250422
119 1457386189.418411
97 1457386189.610461
114 1457386189.818429
46 1457386190.290426
32 1457386190.450488
87 1457386190.962391
101 1457386191.450410
32 1457386191.754456
104 1457386192.098403
97 1457386192.178433
118 1457386192.338377
101 1457386192.482516
32 1457386192.586542
99 1457386192.738421
111 1457386192.826383
109 1457386192.930451
101 1457386193.018349
32 1457386193.114350
116 1457386193.218428
111 1457386193.314430
32 1457386193.364264
100 1457386193.994377
101 1457386194.306472
100 1457386194.786416
105 1457386195.138328
99 1457386195.250401
97 1457386195.346384
116 1457386195.506382
101 1457386195.634387
32 1457386195.842383
97 1457386196.146415
32 1457386196.242366
112 1457386196.890370
111 1457386197.010403
114 1457386197.130386
116 1457386197.330343
105 1457386197.490339
111 1457386197.540210
110 1457386197.642345
32 1457386197.778335
111 1457386198.154436
102 1457386198.290365
32 1457386198.370367
116 1457386198.522292
104 1457386198.626295
97 1457386198.786393
116 1457386198.906401
32 1457386199.050358
102 1457386199.586366
105 1457386199.706324
108 1457386199.906387
101 1457386200.002333
100 1457386200.186363
8 1457386200.498342
8 1457386200.674337
8 1457386200.850310
101 1457386201.026358
108 1457386201.178344
100 1457386201.314357
44 1457386201.994335
32 1457386202.162324
97 1457386202.570324
115 1457386202.786275
32 1457386202.946286
97 1457386203.042381
32 1457386203.138349
102 1457386204.314338
105 1457386204.394391
110 1457386204.514322
97 1457386204.618311
108 1457386204.754376
32 1457386204.882299
114 1457386205.298322
101 1457386205.378374
115 1457386205.626296
116 1457386205.786290
105 1457386205.898321
110 1457386205.978358
103 1457386206.074253
32 1457386206.186237
112 1457386206.378281
108 1457386206.594301
97 1457386206.650378
99 1457386206.866254
101 1457386207.058259
32 1457386207.618247
102 1457386207.794352
111 1457386207.898212
114 1457386208.010234
32 1457386208.082275
116 1457386208.226209
104 1457386208.322278
111 1457386209.050335
115 1457386209.194221
101 1457386209.338255
32 1457386209.514280
119 1457386209.754260
104 1457386209.826195
111 1457386209.922501
32 1457386210.170300
104 1457386210.842212
101 1457386210.922312
114 1457386211.122198
101 1457386211.186139
32 1457386211.546293
103 1457386211.850193
97 1457386211.994201
118 1457386212.226227
101 1457386212.346232
32 1457386212.506237
116 1457386212.666274
104 1457386212.786258
101 1457386212.866247
105 1457386213.082276
114 1457386213.226239
32 1457386213.346237
108 1457386213.586193
105 1457386213.754298
118 1457386213.874232
101 1457386214.074214
115 1457386214.258215
32 1457386214.570176
116 1457386214.730181
104 1457386214.866182
97 1457386214.920760
116 1457386215.010210
32 1457386215.065012
116 1457386215.794223
104 1457386215.890219
97 1457386215.970254
116 1457386216.074167
32 1457386216.130371
110 1457386216.842198
97 1457386216.962185
116 1457386217.082368
105 1457386217.178150
111 1457386217.266187
110 1457386217.330131
32 1457386217.506175
109 1457386217.698164
105 1457386217.810213
103 1457386217.970381
104 1457386218.050147
116 1457386218.178180
32 1457386218.362295
108 1457386219.234150
105 1457386219.394132
118 1457386219.522155
101 1457386219.610218
46 1457386219.794092
32 1457386219.994304
73 1457386220.482162
116 1457386220.650166
32 1457386220.754122
105 1457386220.866192
115 1457386220.962206
32 1457386221.066228
97 1457386221.354214
108 1457386221.466140
116 1457386221.898179
111 1457386222.018134
103 1457386222.298152
101 1457386222.818130
116 1457386223.282171
104 1457386223.418122
101 1457386223.498167
114 1457386223.594121
32 1457386223.730170
102 1457386224.130118
105 1457386224.242177
116 1457386224.402110
116 1457386224.570149
105 1457386224.658216
110 1457386224.754218
103 1457386224.858140
32 1457386225.002112
97 1457386225.138141
110 1457386225.258098
100 1457386225.354200
32 1457386225.466042
112 1457386225.770116
114 1457386225.946088
111 1457386226.066123
112 1457386226.162162
101 1457386226.346110
114 1457386226.530159
32 1457386226.738117
116 1457386226.946071
104 1457386227.042095
97 1457386227.138120
116 1457386227.234087
32 1457386227.291052
119 1457386227.650067
101 1457386227.786093
32 1457386227.914043
115 1457386228.162105
104 1457386228.258130
111 1457386228.394113
117 1457386228.530185
108 1457386228.674051
100 1457386228.770109
32 1457386228.914095
100 1457386229.290139
111 1457386229.378075
32 1457386229.530119
116 1457386229.722044
104 1457386229.794044
105 1457386229.865966
115 1457386229.954151
46 1457386230.210070
32 1457386230.370053
8 1457386231.106056
10 1457386231.698367
10 1457386232.162055
10 1457386232.826121
8 1457386233.458227
66 1457386233.970013
117 1457386234.130074
116 1457386234.321999
44 1457386234.538108
32 1457386234.658006
105 1457386235.386046
110 1457386235.458037
97 1457386235.577962
32 1457386235.714009
97 1457386235.810014
8 1457386236.233977
8 1457386236.402005
8 1457386236.578009
8 1457386236.793981
32 1457386236.961999
97 1457386237.138196
8 1457386237.370041
8 1457386237.586015
110 1457386237.986168
32 1457386238.129885
97 1457386238.281991
32 1457386238.377981
108 1457386238.802001
97 1457386239.114012
114 1457386239.225945
103 1457386239.457990
101 1457386239.609973
114 1457386239.697987
32 1457386239.937943
115 1457386240.257961
101 1457386240.466038
110 1457386240.577973
115 1457386240.681969
115 1457386241.210005
8 1457386241.905992
101 1457386242.369953
44 1457386243.137898
32 1457386243.289952
119 1457386243.601939
101 1457386243.793937
32 1457386243.913879
99 1457386244.113984
97 1457386244.266001
110 1457386244.355428
32 1457386244.466047
110 1457386244.610040
111 1457386244.673876
116 1457386244.825984
32 1457386244.882154
100 1457386245.073914
101 1457386245.298014
100 1457386245.481897
105 1457386245.969911
99 1457386246.161955
97 1457386246.257919
116 1457386246.401919
101 1457386246.521857
100 1457386246.721925
44 1457386247.057883
8 1457386247.417925
8 1457386247.577927
8 1457386247.785908
101 1457386248.521905
44 1457386248.721935
32 1457386248.825894
119 1457386249.217893
101 1457386249.385909
32 1457386249.529910
99 1457386249.761905
97 1457386249.945863
110 1457386250.009869
32 1457386250.153898
110 1457386250.586034
111 1457386250.713855
116 1457386250.881859
32 1457386251.009860
99 1457386251.225818
110 1457386251.401877
8 1457386252.065936
111 1457386252.305894
110 1457386252.537933
115 1457386252.817858
101 1457386253.001890
99 1457386253.425779
114 1457386253.913879
97 1457386254.065879
116 1457386254.201858
101 1457386254.305844
44 1457386254.785876
32 1457386254.881852
119 1457386255.313860
101 1457386255.505826
32 1457386255.673869
99 1457386256.329823
97 1457386256.841939
110 1457386256.993776
32 1457386257.273820
110 1457386257.505990
111 1457386257.633818
116 1457386257.809876
32 1457386258.209796
104 1457386259.041923
97 1457386259.137789
108 1457386259.297913
108 1457386259.497907
111 1457386259.657792
119 1457386259.753848
32 1457386259.937847
116 1457386260.353837
104 1457386260.407402
105 1457386260.481776
115 1457386260.577765
32 1457386260.705747
103 1457386261.161802
114 1457386261.345728
111 1457386261.441729
117 1457386261.537772
110 1457386261.753747
100 1457386261.841862
46 1457386262.081852
32 1457386263.145884
84 1457386263.537774
104 1457386263.681724
101 1457386263.737716
32 1457386263.857707
98 1457386264.217765
114 1457386264.449730
97 1457386264.673756
118 1457386265.113771
101 1457386265.265776
32 1457386265.425789
109 1457386265.553795
101 1457386265.641790
110 1457386265.801741
44 1457386266.113780
32 1457386266.353781
108 1457386266.833753
118 1457386267.161731
105 1457386267.265760
103 1457386267.441745
105 1457386267.553689
8 1457386267.809748
8 1457386267.985717
8 1457386268.153731
8 1457386268.337785
105 1457386268.577746
118 1457386268.713733
105 1457386268.817691
110 1457386268.929723
103 1457386268.985704
32 1457386269.137809
97 1457386269.305846
110 1457386269.393825
100 1457386269.529776
32 1457386269.585623
100 1457386269.777710
101 1457386269.969696
97 1457386270.113690
100 1457386270.257694
44 1457386270.833715
32 1457386270.953782
119 1457386271.393787
104 1457386271.545624
111 1457386271.617612
32 1457386271.833734
115 1457386272.073654
116 1457386272.233630
114 1457386272.409722
117 1457386272.545680
103 1457386272.649669
103 1457386272.825659
108 1457386272.985704
101 1457386273.073700
100 1457386273.249667
32 1457386273.361637
104 1457386273.505640
101 1457386273.585712
114 1457386273.721714
101 1457386273.817639
44 1457386274.441625
32 1457386274.593602
104 1457386275.361630
97 1457386275.465635
118 1457386275.577684
101 1457386275.737682
32 1457386275.841657
99 1457386276.041673
111 1457386276.177647
110 1457386276.289599
115 1457386276.977609
101 1457386277.145591
99 1457386277.417649
114 1457386277.641619
97 1457386277.993601
116 1457386278.153772
101 1457386278.305595
100 1457386278.473607
32 1457386278.641639
105 1457386278.721831
116 1457386278.873703
44 1457386279.065637
32 1457386279.209655
102 1457386279.505656
97 1457386279.625571
114 1457386279.769573
32 1457386280.217619
97 1457386280.505591
98 1457386280.737650
111 1457386280.841539
118 1457386280.985541
101 1457386281.089658
32 1457386281.225654
111 1457386281.329699
117 1457386281.441566
114 1457386281.577627
32 1457386281.737611
112 1457386282.017593
111 1457386282.153626
111 1457386282.417562
114 1457386282.705561
32 1457386282.865545
112 1457386283.201625
111 1457386283.286207
119 1457386283.417562
101 1457386283.529557
114 1457386283.657602
32 1457386283.793501
116 1457386283.913568
111 1457386284.017538
32 1457386284.121553
97 1457386284.345564
100 1457386284.593528
100 1457386284.729558
32 1457386284.881617
111 1457386285.089639
114 1457386285.249506
32 1457386285.353669
100 1457386285.609546
101 1457386285.841537
116 1457386286.137543
114 1457386286.321596
97 1457386286.457561
99 1457386286.649523
116 1457386286.865469
46 1457386287.193527
32 1457386287.353575
84 1457386287.889523
104 1457386287.993569
101 1457386288.065555
32 1457386288.177469
119 1457386288.313602
111 1457386288.425617
114 1457386288.553517
108 1457386288.697763
100 1457386288.833574
32 1457386288.961515
119 1457386289.177535
105 1457386289.281497
108 1457386289.473530
108 1457386289.641492
32 1457386289.753515
108 1457386289.929487
105 1457386290.081520
116 1457386290.265476
116 1457386290.457548
108 1457386290.561445
101 1457386290.665513
32 1457386290.769486
110 1457386290.977504
111 1457386291.105421
116 1457386291.249568
101 1457386291.345505
44 1457386291.561539
32 1457386291.673534
110 1457386291.873466
111 1457386291.945485
114 1457386292.161495
32 1457386292.297495
108 1457386292.785553
111 1457386293.009478
110 1457386293.129464
103 1457386293.265508
32 1457386293.369522
114 1457386293.537506
101 1457386293.641500
109 1457386293.841480
101 1457386294.321438
109 1457386294.449461
98 1457386294.657469
101 1457386294.865453
114 1457386295.025439
32 1457386295.121439
119 1457386295.313522
104 1457386295.505476
97 1457386295.585398
116 1457386295.705483
32 1457386295.785375
119 1457386296.497402
101 1457386296.689489
32 1457386296.841437
115 1457386296.977458
97 1457386297.169473
121 1457386297.337458
32 1457386297.521503
104 1457386298.097461
101 1457386298.209381
114 1457386299.025390
101 1457386299.177378
44 1457386299.905417
32 1457386300.025576
98 1457386300.561414
117 1457386300.665395
116 1457386300.825353
32 1457386300.937387
105 1457386301.105436
116 1457386301.273472
32 1457386301.393440
99 1457386301.769466
97 1457386301.921431
110 1457386302.033371
32 1457386302.169419
110 1457386302.425426
101 1457386302.561424
118 1457386302.857407
101 1457386302.993419
114 1457386303.113373
32 1457386303.449355
102 1457386303.889412
111 1457386304.001390
114 1457386304.585409
103 1457386304.841376
101 1457386305.001422
116 1457386305.185350
32 1457386305.305300
119 1457386305.481333
104 1457386305.641475
97 1457386305.769425
116 1457386305.841356
32 1457386305.913332
116 1457386307.049329
104 1457386307.129346
101 1457386307.241341
121 1457386307.377311
32 1457386307.521407
100 1457386307.753347
105 1457386307.833329
100 1457386307.945382
32 1457386308.057295
104 1457386308.321326
101 1457386308.417367
114 1457386308.585332
101 1457386308.681364
46 1457386309.073327
32 1457386309.217391
73 1457386309.745353
116 1457386309.897298
32 1457386309.985442
105 1457386310.105331
115 1457386310.217331
32 1457386310.305357
102 1457386311.129312
111 1457386311.233363
114 1457386311.337321
32 1457386311.433375
117 1457386312.129333
115 1457386312.233309
32 1457386312.377334
116 1457386312.545330
104 1457386312.609271
101 1457386312.721336
32 1457386312.793315
108 1457386312.937303
105 1457386313.097435
118 1457386313.273252
105 1457386313.473292
110 1457386313.633321
103 1457386313.809306
44 1457386314.289314
32 1457386314.369267
114 1457386314.745281
97 1457386314.873325
116 1457386315.009280
104 1457386315.129317
101 1457386315.193333
114 1457386315.297281
44 1457386315.577302
32 1457386315.673300
116 1457386316.041270
111 1457386316.137300
32 1457386316.241189
98 1457386316.385262
101 1457386316.537271
32 1457386316.665291
100 1457386316.785288
101 1457386316.977231
100 1457386317.169253
105 1457386317.801250
99 1457386317.937264
97 1457386318.097215
116 1457386318.225221
101 1457386318.393229
100 1457386318.577222
32 1457386318.777241
104 1457386318.977335
101 1457386319.033352
114 1457386319.161186
101 1457386319.265243
32 1457386319.393250
116 1457386319.577264
111 1457386319.689265
32 1457386319.777259
116 1457386319.897236
104 1457386319.954076
101 1457386320.033210
32 1457386320.137190
117 1457386320.729233
110 1457386320.937279
102 1457386321.049247
105 1457386321.257251
110 1457386321.465219
105 1457386321.641240
115 1457386321.857253
104 1457386322.081244
101 1457386322.169180
100 1457386322.337214
32 1457386322.449182
119 1457386322.569170
111 1457386322.697147
114 1457386322.761153
100 1457386322.929193
107 1457386323.249170
8 1457386323.585179
8 1457386323.737200
8 1457386323.921297
111 1457386324.649196
8 1457386325.009182
114 1457386325.169180
107 1457386325.297233
32 1457386325.489157
119 1457386325.953146
104 1457386326.081153
105 1457386326.169223
99 1457386326.353177
104 1457386326.473211
32 1457386326.825140
116 1457386327.473144
104 1457386327.553231
101 1457386327.681168
121 1457386327.825195
32 1457386327.953161
119 1457386328.113157
104 1457386328.217126
111 1457386328.321121
32 1457386328.457133
102 1457386328.729208
111 1457386328.841118
117 1457386328.897100
103 1457386329.097144
104 1457386329.217206
116 1457386329.345259
32 1457386329.441192
104 1457386329.857326
101 1457386329.961281
114 1457386330.089176
101 1457386330.193171
32 1457386330.377136
104 1457386330.633137
97 1457386330.801092
118 1457386331.025140
101 1457386331.169161
114 1457386331.265132
32 1457386331.449137
116 1457386331.553153
104 1457386331.673163
8 1457386331.929142
8 1457386332.105194
8 1457386332.273090
8 1457386332.457141
32 1457386332.649111
116 1457386332.873132
104 1457386332.977049
117 1457386333.185149
115 1457386333.289138
32 1457386333.425069
102 1457386333.665137
97 1457386333.897105
114 1457386334.009109
32 1457386334.185116
115 1457386334.329154
111 1457386334.457129
32 1457386334.561096
110 1457386335.353091
111 1457386335.481197
98 1457386335.705114
98 1457386335.905156
108 1457386336.113087
121 1457386336.265113
8 1457386336.601130
8 1457386336.769130
8 1457386336.945072
108 1457386337.193088
121 1457386337.337087
32 1457386337.513064
97 1457386338.761061
100 1457386338.937018
118 1457386339.217045
97 1457386339.345015
110 1457386339.537015
99 1457386339.969043
101 1457386340.177068
100 1457386340.353026
46 1457386340.777048
32 1457386340.896975
73 1457386341.545097
116 1457386341.665023
32 1457386341.776994
105 1457386343.104937
115 1457386343.201052
32 1457386343.321042
114 1457386343.569045
97 1457386343.705027
116 1457386343.832986
104 1457386343.985003
101 1457386344.032959
114 1457386344.137035
32 1457386344.249178
102 1457386344.921009
111 1457386345.001042
114 1457386345.121023
32 1457386345.168294
117 1457386345.344981
115 1457386345.432968
32 1457386345.561044
116 1457386345.745058
111 1457386345.849013
32 1457386345.912996
98 1457386346.001002
101 1457386346.160996
32 1457386346.288951
104 1457386346.537000
101 1457386346.617087
114 1457386346.728961
101 1457386346.832966
32 1457386346.960975
100 1457386347.257034
101 1457386347.465010
101 1457386347.664974
8 1457386348.256940
100 1457386348.376958
105 1457386348.936978
99 1457386349.152936
97 1457386349.280917
116 1457386349.424984
101 1457386349.544961
100 1457386349.680926
32 1457386349.872918
116 1457386349.976955
111 1457386350.096936
32 1457386350.168933
116 1457386350.248961
104 1457386350.305048
101 1457386350.392982
32 1457386350.464956
103 1457386350.680992
114 1457386350.880947
101 1457386350.968953
97 1457386351.112915
116 1457386351.208925
32 1457386351.352929
116 1457386351.888926
97 1457386352.096966
115 1457386352.720952
107 1457386352.848966
32 1457386353.000963
114 1457386353.264937
101 1457386353.344957
109 1457386353.480998
97 1457386353.736947
105 1457386353.896935
110 1457386354.032889
105 1457386354.128963
110 1457386354.224961
103 1457386354.392936
32 1457386354.544950
98 1457386354.928931
101 1457386355.208876
98 1457386355.464913
111 1457386355.608880
114 1457386355.744874
8 1457386356.000942
8 1457386356.168983
8 1457386356.328870
102 1457386356.480999
111 1457386356.592841
114 1457386356.688880
101 1457386356.768958
32 1457386357.376899
117 1457386357.776934
115 1457386357.872846
45 1457386358.808840
116 1457386359.176922
104 1457386359.280897
97 1457386359.329254
116 1457386359.432879
32 1457386359.512949
102 1457386360.064850
111 1457386360.160875
114 1457386360.265189
109 1457386360.400889
116 1457386360.552930
32 1457386360.599935
8 1457386360.856867
8 1457386361.016854
8 1457386361.184825
8 1457386361.360857
8 1457386361.536888
114 1457386361.696856
111 1457386361.840864
109 1457386361.952882
32 1457386362.096850
116 1457386362.288819
104 1457386362.432809
101 1457386362.504844
115 1457386362.688858
101 1457386362.856784
32 1457386363.336837
104 1457386363.656849
8 1457386364.032866
104 1457386364.632855
111 1457386364.832844
110 1457386364.976824
111 1457386365.152878
114 1457386365.480799
101 1457386365.576820
100 1457386365.808837
32 1457386365.960820
100 1457386366.408822
101 1457386366.592782
97 1457386366.704820
100 1457386366.848772
32 1457386367.040780
119 1457386367.440791
101 1457386367.600764
32 1457386367.760835
116 1457386368.176742
97 1457386368.304785
107 1457386368.472771
101 1457386368.576784
32 1457386368.712776
105 1457386368.968785
110 1457386369.048794
99 1457386369.272762
32 1457386369.322667
8 1457386369.880802
99 1457386370.048812
8 1457386370.344780
114 1457386370.576740
101 1457386370.656820
97 1457386370.864797
115 1457386371.072747
101 1457386371.216751
100 1457386371.424765
32 1457386371.576814
100 1457386371.880772
101 1457386372.080751
118 1457386372.416722
111 1457386372.544780
116 1457386372.848723
105 1457386372.968727
111 1457386373.024740
110 1457386373.104746
32 1457386373.448725
116 1457386373.632738
111 1457386373.736769
32 1457386373.848731
116 1457386373.915055
104 1457386373.984745
97 1457386374.560772
116 1457386374.728765
32 1457386374.872762
99 1457386375.464753
97 1457386375.616738
117 1457386375.792749
115 1457386375.872851
101 1457386375.984718
32 1457386376.184706
102 1457386376.352700
111 1457386376.448740
114 1457386376.576675
32 1457386376.672712
119 1457386377.512752
104 1457386377.616705
105 1457386377.704720
99 1457386378.384707
104 1457386378.512682
32 1457386378.656666
116 1457386378.808761
104 1457386378.888887
101 1457386378.984756
121 1457386379.120660
32 1457386379.224684
103 1457386379.456775
97 1457386379.592604
118 1457386379.752713
101 1457386379.872708
32 1457386380.016698
116 1457386380.080707
104 1457386380.208672
101 1457386380.255379
32 1457386380.360572
108 1457386380.520737
97 1457386380.600646
115 1457386380.792672
116 1457386380.904642
32 1457386381.024761
102 1457386381.176670
117 1457386381.312654
108 1457386381.488639
108 1457386381.664646
32 1457386381.800677
109 1457386381.968682
101 1457386382.128718
97 1457386382.256628
115 1457386382.464639
117 1457386382.664731
114 1457386382.800714
101 1457386382.880777
32 1457386383.088866
111 1457386383.504663
102 1457386383.624675
32 1457386383.688616
100 1457386384.160646
101 1457386384.352658
118 1457386384.632630
97 1457386384.800644
116 1457386384.976682
105 1457386385.120660
111 1457386385.205337
110 1457386385.271144
8 1457386385.504787
8 1457386385.664660
8 1457386385.824634
8 1457386386.008649
8 1457386386.392668
111 1457386386.616624
116 1457386386.776607
105 1457386387.040645
111 1457386387.200614
110 1457386387.280729
45 1457386388.088613
116 1457386388.368606
104 1457386388.456606
97 1457386388.520573
116 1457386388.624601
32 1457386388.752564
119 1457386389.192592
101 1457386389.416570
32 1457386389.624623
104 1457386389.776578
101 1457386389.848573
114 1457386390.016642
101 1457386390.112642
32 1457386390.216553
104 1457386390.392540
105 1457386390.664597
103 1457386390.824506
104 1457386390.912569
108 1457386391.088652
121 1457386391.240511
32 1457386391.424576
114 1457386391.680575
101 1457386391.792533
115 1457386391.968556
111 1457386392.096536
108 1457386392.304609
118 1457386392.416593
101 1457386392.528592
32 1457386392.696555
116 1457386393.576635
104 1457386393.648550
97 1457386393.704558
116 1457386393.824578
32 1457386393.888564
116 1457386394.056548
104 1457386394.120520
101 1457386394.192512
121 1457386394.376568
115 1457386394.552555
101 1457386394.688514
32 1457386394.880571
8 1457386395.128599
8 1457386395.304550
8 1457386395.472508
8 1457386395.648504
115 1457386395.776957
101 1457386395.880613
32 1457386396.016536
100 1457386396.248526
101 1457386396.464547
97 1457386396.560510
100 1457386396.704536
32 1457386396.840482
115 1457386396.952544
104 1457386397.112501
97 1457386397.208540
108 1457386397.384536
108 1457386397.560542
32 1457386397.672482
110 1457386397.832499
111 1457386397.920494
116 1457386398.064479
32 1457386398.120471
104 1457386398.240471
97 1457386398.328516
118 1457386398.464482
101 1457386398.560462
32 1457386398.688557
100 1457386398.832501
105 1457386398.992512
101 1457386399.680490
100 1457386399.856483
32 1457386400.016485
105 1457386400.136500
110 1457386400.214163
32 1457386400.304507
118 1457386400.624458
97 1457386400.776446
105 1457386400.928686
110 1457386401.024462
45 1457386402.048473
116 1457386402.224534
97 1457386402.384534
104 1457386402.434002
116 1457386402.488379
32 1457386402.592483
8 1457386403.088520
8 1457386403.264505
8 1457386403.448499
8 1457386403.616472
104 1457386403.952461
97 1457386404.040415
116 1457386404.144465
32 1457386404.264438
116 1457386404.520493
104 1457386404.592469
105 1457386404.688608
115 1457386404.776494
32 1457386404.888445
110 1457386405.032435
97 1457386405.160471
116 1457386405.272440
105 1457386405.336403
111 1457386405.432654
110 1457386405.504447
44 1457386405.768435
32 1457386405.888426
117 1457386406.240459
110 1457386406.448415
100 1457386406.504354
101 1457386406.696402
114 1457386406.832405
32 1457386406.960398
71 1457386407.368407
111 1457386407.560421
100 1457386407.704446
44 1457386407.864399
32 1457386408.048398
115 1457386408.320395
104 1457386408.448357
97 1457386408.544396
108 1457386408.688402
108 1457386408.848412
32 1457386409.048408
104 1457386409.904439
97 1457386410.000420
118 1457386410.152499
101 1457386410.240403
32 1457386410.392483
97 1457386410.488361
32 1457386410.584410
110 1457386410.864385
101 1457386410.944356
119 1457386411.040370
32 1457386411.256422
98 1457386411.712344
105 1457386411.792469
114 1457386411.928323
116 1457386412.160406
104 1457386412.256341
32 1457386412.536383
111 1457386412.832394
102 1457386412.936391
32 1457386413.040369
102 1457386413.512417
114 1457386413.728396
101 1457386413.816370
101 1457386414.032334
100 1457386414.256320
111 1457386414.560385
109 1457386414.688378
45 1457386415.496381
97 1457386415.760511
110 1457386415.904403
100 1457386416.040328
32 1457386416.168365
116 1457386416.368486
104 1457386416.472308
97 1457386416.523276
116 1457386416.624336
32 1457386416.677258
103 1457386417.328268
111 1457386417.440310
118 1457386417.560327
101 1457386417.688315
114 1457386417.816370
110 1457386417.968337
109 1457386418.208361
97 1457386418.336348
110 1457386418.464350
8 1457386418.928357
8 1457386419.088313
101 1457386419.288391
110 1457386419.432311
116 1457386419.552267
32 1457386419.768340
111 1457386419.968337
102 1457386420.080294
32 1457386420.176303
116 1457386420.280235
104 1457386420.384259
101 1457386420.856266
32 1457386421.024256
112 1457386421.784260
101 1457386422.408340
111 1457386422.616258
112 1457386422.736204
101 1457386423.320293
108 1457386423.496240
8 1457386423.976275
8 1457386424.128231
108 1457386424.344303
101 1457386424.432253
44 1457386424.648343
32 1457386424.800292
98 1457386425.360252
121 1457386425.440316
32 1457386425.616352
116 1457386425.720257
104 1457386425.784175
101 1457386425.864336
32 1457386425.960322
112 1457386426.328212
101 1457386426.488245
111 1457386426.539992
112 1457386426.696265
108 1457386427.184211
101 1457386427.352280
44 1457386427.712240
32 1457386427.872278
102 1457386428.824272
111 1457386428.912218
114 1457386429.016235
32 1457386429.071594
116 1457386429.192207
104 1457386429.244576
101 1457386429.320241
32 1457386429.375175
112 1457386429.848257
111 1457386430.008343
8 1457386430.592241
101 1457386430.704205
111 1457386430.856201
112 1457386430.960167
108 1457386431.224190
101 1457386431.360227
44 1457386431.856197
32 1457386431.984224
115 1457386432.416217
104 1457386432.520175
97 1457386432.648191
108 1457386432.776272
108 1457386432.936151
32 1457386433.144169
110 1457386433.288177
111 1457386433.408142
116 1457386433.520191
32 1457386433.648121
112 1457386434.000155
101 1457386434.096143
114 1457386434.192207
105 1457386434.408155
115 1457386434.504138
104 1457386434.640214
32 1457386434.792198
102 1457386434.952177
114 1457386435.120184
111 1457386435.208287
109 1457386435.304226
116 1457386435.416255
32 1457386435.465767
101 1457386435.600161
104 1457386435.650517
8 1457386436.000135
8 1457386436.176143
8 1457386436.352138
8 1457386436.512181
32 1457386436.736161
116 1457386436.896152
104 1457386436.976246
101 1457386437.056245
32 1457386437.160145
101 1457386437.464152
97 1457386438.368112
114 1457386438.544075
116 1457386438.760162
104 1457386438.928113
46 1457386439.184240
10 1457386439.936156
