70 1460068111.202351
111 1460068111.377911
114 1460068111.497842
117 1460068111.513849
8 1460068112.153976
8 1460068112.329931
117 1460068112.530462
114 1460068112.657856
32 1460068112.978360
115 1460068113.193956
99 1460068113.473895
111 1460068113.553817
114 1460068113.745822
101 1460068113.817812
97 1460068113.986176
32 1460068114.225939
97 1460068114.337869
8 1460068114.585901
8 1460068114.761995
8 1460068114.921830
32 1460068115.153913
97 1460068115.241854
110 1460068115.369751
100 1460068115.465805
32 1460068115.537777
115 1460068115.697782
101 1460068115.873798
118 1460068116.081797
101 1460068116.193742
110 1460068116.353792
32 1460068116.481796
121 1460068116.705824
101 1460068116.801779
97 1460068116.929952
114 1460068117.033772
115 1460068117.665804
32 1460068117.809754
97 1460068117.961873
103 1460068118.145745
111 1460068118.353801
32 1460068118.521879
111 1460068118.809897
117 1460068118.913744
114 1460068118.993826
32 1460068119.170077
102 1460068119.513922
97 1460068119.657796
116 1460068119.785848
104 1460068119.905820
101 1460068119.985833
114 1460068120.057838
115 1460068120.217772
32 1460068120.369983
98 1460068120.825861
111 1460068121.050117
8 1460068121.489847
114 1460068121.577762
111 1460068121.729768
117 1460068121.857778
103 1460068121.889712
104 1460068122.106099
116 1460068122.209899
32 1460068122.353725
102 1460068122.657778
111 1460068122.753798
114 1460068122.865713
116 1460068123.065739
104 1460068123.265806
32 1460068123.561824
111 1460068123.785748
110 1460068123.889746
32 1460068123.985698
116 1460068124.105805
104 1460068124.185686
105 1460068124.249742
115 1460068124.337725
32 1460068124.417710
99 1460068124.665729
111 1460068124.809893
110 1460068124.986015
116 1460068125.177737
105 1460068125.305889
110 1460068125.409699
101 1460068125.529743
110 1460068125.657824
116 1460068125.753698
32 1460068125.929710
97 1460068126.009720
32 1460068126.153768
110 1460068127.041893
101 1460068127.145782
119 1460068127.241788
32 1460068127.385835
110 1460068127.537723
97 1460068127.673727
116 1460068127.785734
105 1460068127.873613
111 1460068127.961714
110 1460068128.017095
44 1460068128.449871
32 1460068128.561788
99 1460068129.033841
111 1460068129.121744
110 1460068129.225701
99 1460068129.601668
101 1460068129.873660
105 1460068130.057670
118 1460068130.225861
101 1460068130.369685
100 1460068130.545748
32 1460068130.633679
105 1460068130.777722
110 1460068130.881690
32 1460068130.977690
108 1460068131.209677
105 1460068131.377722
98 1460068131.489639
101 1460068131.681658
114 1460068131.761713
116 1460068131.921607
121 1460068132.057698
44 1460068132.337642
32 1460068132.417587
97 1460068132.497598
110 1460068132.601671
100 1460068132.713711
32 1460068132.783306
100 1460068132.921723
101 1460068133.129737
100 1460068133.529737
105 1460068133.809707
99 1460068133.905630
97 1460068134.017660
116 1460068134.137791
101 1460068134.257675
100 1460068134.434074
32 1460068134.569656
116 1460068134.705621
111 1460068134.793653
32 1460068134.873626
116 1460068134.929641
104 1460068135.009632
101 1460068135.081631
32 1460068135.169651
112 1460068135.569681
114 1460068135.913683
111 1460068136.073659
112 1460068136.169576
112 1460068136.345657
111 1460068136.449619
8 1460068136.977732
8 1460068137.145643
111 1460068137.345644
115 1460068137.537602
111 1460068137.689657
8 1460068138.225733
105 1460068138.505657
116 1460068138.793666
105 1460068138.905665
111 1460068138.964059
110 1460068139.041557
32 1460068139.201684
116 1460068139.553648
104 1460068139.713643
97 1460068139.785558
116 1460068139.897557
32 1460068139.957869
97 1460068140.537730
108 1460068140.665686
108 1460068140.833634
32 1460068140.969588
109 1460068141.113552
101 1460068141.193547
110 1460068141.345517
32 1460068141.465601
97 1460068141.889598
114 1460068142.025543
101 1460068142.113516
32 1460068142.241560
99 1460068142.433566
114 1460068142.609545
101 1460068142.700174
97 1460068143.433705
116 1460068143.561665
101 1460068143.713614
100 1460068143.921569
32 1460068144.081527
101 1460068144.329614
113 1460068144.497589
117 1460068144.649680
97 1460068144.817681
108 1460068144.961672
46 1460068145.193606
10 1460068145.465610
10 1460068145.625573
78 1460068146.161494
111 1460068146.321511
119 1460068146.425609
101 1460068146.609650
32 1460068146.849523
119 1460068146.953572
8 1460068147.201643
8 1460068147.377486
8 1460068147.537531
32 1460068147.817533
119 1460068147.961473
101 1460068148.145490
32 1460068148.313485
97 1460068148.417520
114 1460068148.529473
101 1460068148.601712
32 1460068148.713449
101 1460068149.113534
110 1460068149.233470
103 1460068149.353468
97 1460068149.513449
103 1460068149.649478
101 1460068149.801490
100 1460068149.969506
32 1460068150.073506
105 1460068150.177483
110 1460068150.313474
32 1460068150.393447
97 1460068150.505449
32 1460068150.617460
103 1460068151.041575
114 1460068151.225443
101 1460068151.313469
97 1460068151.449419
116 1460068151.585480
32 1460068152.081604
99 1460068152.257531
105 1460068152.401573
118 1460068152.553536
105 1460068152.673503
108 1460068152.929517
32 1460068153.129528
119 1460068153.361529
97 1460068153.545515
114 1460068153.657509
44 1460068153.993570
32 1460068154.068555
116 1460068154.465572
101 1460068154.617439
115 1460068155.137538
116 1460068155.297461
105 1460068155.409461
110 1460068155.505487
103 1460068155.601431
32 1460068155.729426
119 1460068155.977436
104 1460068156.113436
101 1460068156.809575
116 1460068157.161448
104 1460068157.289471
101 1460068157.361439
114 1460068157.465448
32 1460068157.601463
116 1460068157.921477
104 1460068158.073487
97 1460068158.142354
116 1460068158.217438
32 1460068158.284783
110 1460068158.697567
97 1460068158.793441
116 1460068158.921455
105 1460068158.993441
111 1460068159.081433
110 1460068159.193556
44 1460068159.433533
32 1460068159.529450
111 1460068159.681412
114 1460068159.785461
32 1460068159.889358
97 1460068160.049398
110 1460068160.153450
121 1460068160.361442
32 1460068160.505483
110 1460068160.809407
97 1460068160.945354
116 1460068161.097384
105 1460068161.220523
111 1460068161.302047
110 1460068161.368570
32 1460068162.121578
115 1460068162.369458
111 1460068162.481422
32 1460068162.593397
99 1460068162.881488
110 1460068163.145404
8 1460068163.649439
111 1460068163.873408
110 1460068163.993373
99 1460068164.113482
101 1460068164.337348
105 1460068164.433409
118 1460068164.633372
101 1460068164.777352
100 1460068164.969363
32 1460068165.137355
97 1460068165.241395
110 1460068165.353373
100 1460068165.433307
32 1460068165.537389
115 1460068165.689303
111 1460068165.897384
32 1460068166.057440
100 1460068166.297447
101 1460068166.505427
100 1460068166.689465
105 1460068166.833393
99 1460068166.953337
97 1460068167.057361
116 1460068167.177383
101 1460068167.321312
100 1460068167.513400
44 1460068167.769377
32 1460068167.865372
99 1460068168.161360
97 1460068168.289381
110 1460068168.385331
32 1460068168.497347
108 1460068168.617293
111 1460068168.817345
110 1460068168.953308
103 1460068169.014330
32 1460068169.617368
101 1460068169.945431
110 1460068170.121385
100 1460068170.257489
117 1460068170.417277
114 1460068170.545302
101 1460068170.648268
46 1460068170.873337
32 1460068171.001380
87 1460068171.505271
101 1460068171.681296
32 1460068171.857291
97 1460068171.961409
114 1460068172.033286
101 1460068172.129295
32 1460068172.201294
109 1460068172.361252
101 1460068172.457299
116 1460068172.649345
32 1460068172.761337
111 1460068172.873327
110 1460068172.993361
97 1460068173.161330
32 1460068173.313339
8 1460068173.761351
8 1460068173.929313
32 1460068174.193330
97 1460068174.321329
32 1460068174.441282
103 1460068174.809333
114 1460068175.041289
101 1460068175.145289
97 1460068175.273287
116 1460068175.393287
32 1460068175.521373
98 1460068176.473422
97 1460068176.593324
116 1460068176.929410
116 1460068177.185246
108 1460068177.697278
101 1460068177.817276
102 1460068178.513347
105 1460068178.745315
101 1460068178.849253
108 1460068179.049210
100 1460068179.145257
32 1460068179.329265
111 1460068179.529264
102 1460068179.626933
32 1460068179.721299
116 1460068180.569438
104 1460068180.658377
97 1460068180.729239
116 1460068180.817216
32 1460068180.883378
119 1460068181.105271
97 1460068181.281272
114 1460068181.401186
100 1460068181.641289
8 1460068182.177317
46 1460068182.433223
32 1460068182.561214
87 1460068182.929764
101 1460068183.105228
32 1460068183.249230
104 1460068183.433210
97 1460068183.537214
118 1460068183.681191
101 1460068183.817194
32 1460068183.880256
99 1460068184.073196
111 1460068184.137177
109 1460068184.249174
32 1460068184.417216
8 1460068184.977247
101 1460068185.097280
32 1460068185.185238
116 1460068185.345184
111 1460068185.409489
32 1460068185.505175
100 1460068185.721225
101 1460068185.929168
100 1460068186.121192
105 1460068186.273217
99 1460068186.377112
97 1460068186.497139
116 1460068186.609136
101 1460068186.745148
32 1460068186.977228
97 1460068187.201167
32 1460068187.329254
112 1460068187.537194
111 1460068187.641164
114 1460068187.833169
116 1460068188.025181
105 1460068188.185165
111 1460068188.265157
110 1460068188.385222
32 1460068188.569219
111 1460068188.809137
102 1460068188.977175
32 1460068189.089233
116 1460068189.473250
104 1460068189.609228
97 1460068189.673153
116 1460068189.761150
32 1460068189.825951
102 1460068190.625177
105 1460068190.745131
101 1460068190.881095
108 1460068190.953094
100 1460068191.105145
44 1460068191.305065
32 1460068191.425107
97 1460068191.665128
115 1460068191.897159
32 1460068192.033132
97 1460068192.129129
32 1460068192.225167
102 1460068193.489743
105 1460068193.630365
110 1460068193.713884
97 1460068193.777750
108 1460068193.881151
32 1460068194.009167
114 1460068194.425157
101 1460068194.505110
115 1460068194.681158
116 1460068194.841136
105 1460068194.953246
110 1460068195.017107
103 1460068195.081447
32 1460068195.201133
112 1460068195.345163
108 1460068195.593126
97 1460068195.673083
99 1460068195.857060
101 1460068196.033100
32 1460068196.177056
102 1460068196.297920
111 1460068196.457138
114 1460068196.593135
32 1460068196.729061
116 1460068197.145104
104 1460068197.273133
111 1460068197.345052
115 1460068197.425073
101 1460068197.633080
32 1460068197.857144
119 1460068198.217109
104 1460068198.289088
111 1460068198.354835
32 1460068198.489149
104 1460068198.673136
101 1460068198.769086
114 1460068198.953097
101 1460068199.049028
32 1460068199.153163
103 1460068199.513445
97 1460068199.638813
118 1460068199.865274
101 1460068199.972652
32 1460068200.145012
116 1460068200.281138
104 1460068200.441010
101 1460068200.538805
105 1460068200.640980
114 1460068200.761004
32 1460068200.889004
108 1460068201.049020
105 1460068201.185059
118 1460068201.369017
101 1460068201.497008
115 1460068201.929142
32 1460068202.089017
116 1460068202.545048
104 1460068202.648991
97 1460068202.728973
116 1460068202.832952
32 1460068202.900478
116 1460068203.056983
104 1460068203.169003
97 1460068203.236012
116 1460068203.301013
32 1460068203.368087
110 1460068203.833127
97 1460068203.920996
116 1460068204.041023
105 1460068204.112919
111 1460068204.200953
110 1460068204.288976
32 1460068204.355967
109 1460068204.569001
105 1460068204.680926
103 1460068204.833062
104 1460068204.937089
116 1460068205.033023
32 1460068205.160918
108 1460068205.977055
105 1460068206.097021
118 1460068206.216938
101 1460068206.328938
46 1460068206.489063
32 1460068206.608973
73 1460068207.064885
116 1460068207.296949
32 1460068207.408936
105 1460068207.536918
115 1460068207.632904
32 1460068207.760909
97 1460068208.193067
108 1460068208.304942
116 1460068208.521011
111 1460068208.664971
103 1460068209.065012
101 1460068209.240984
116 1460068209.424999
104 1460068209.545031
101 1460068209.640982
114 1460068209.744951
32 1460068209.841002
102 1460068210.145143
105 1460068210.256957
108 1460068210.472935
108 1460068210.632872
8 1460068211.000959
8 1460068211.168934
116 1460068211.376938
116 1460068211.576900
105 1460068211.704931
110 1460068211.824972
103 1460068211.894208
32 1460068212.024940
97 1460068212.264917
110 1460068212.376942
100 1460068212.480865
32 1460068212.600909
112 1460068212.736914
114 1460068213.128998
111 1460068213.248953
112 1460068213.344897
101 1460068213.536927
114 1460068213.696930
32 1460068213.880862
116 1460068214.032891
104 1460068214.152942
97 1460068214.250570
116 1460068214.324489
32 1460068214.393098
119 1460068214.536881
101 1460068214.760895
32 1460068214.920943
115 1460068215.265012
104 1460068215.374996
111 1460068215.450531
117 1460068216.184916
108 1460068216.384855
100 1460068216.488952
32 1460068216.616827
100 1460068216.784842
111 1460068216.888818
32 1460068217.008830
116 1460068217.184870
104 1460068217.264882
105 1460068217.336847
115 1460068217.488898
46 1460068217.664859
10 1460068218.000911
10 1460068218.176930
66 1460068218.944834
117 1460068219.120871
116 1460068219.288844
44 1460068219.640863
32 1460068219.752889
105 1460068219.984882
110 1460068220.104943
97 1460068220.336946
32 1460068220.480949
8 1460068220.896909
8 1460068221.064872
32 1460068221.192927
97 1460068221.320906
32 1460068221.432878
108 1460068221.752850
97 1460068221.880817
114 1460068222.008831
103 1460068222.232841
101 1460068222.368831
114 1460068222.488815
32 1460068222.648839
115 1460068222.792845
101 1460068222.960841
110 1460068223.088830
115 1460068223.160781
101 1460068223.336798
44 1460068223.968900
32 1460068224.144898
119 1460068224.688887
101 1460068224.832814
32 1460068224.992878
99 1460068225.168814
97 1460068225.328791
110 1460068225.448779
32 1460068225.712887
110 1460068225.944876
111 1460068226.056779
116 1460068226.216826
32 1460068226.328870
100 1460068226.544793
101 1460068226.752773
100 1460068226.960780
105 1460068227.128837
99 1460068227.369015
97 1460068227.512839
116 1460068227.616747
101 1460068227.752769
100 1460068227.960830
44 1460068228.128769
32 1460068228.232802
8 1460068228.528793
8 1460068228.704750
8 1460068228.880802
44 1460068229.192807
32 1460068229.304766
119 1460068229.728846
101 1460068229.888814
32 1460068230.008776
99 1460068230.208756
97 1460068230.344769
110 1460068230.448743
32 1460068230.576853
110 1460068230.760757
111 1460068230.832723
116 1460068230.992789
32 1460068231.144842
99 1460068231.896800
111 1460068231.992715
110 1460068232.080734
115 1460068232.248831
101 1460068232.448760
99 1460068232.736738
114 1460068232.920751
97 1460068233.048789
116 1460068233.192819
101 1460068233.287419
44 1460068233.720763
32 1460068233.832737
119 1460068234.072737
101 1460068234.296726
32 1460068234.440768
99 1460068234.632754
97 1460068234.832756
110 1460068234.934928
32 1460068235.088728
110 1460068235.424794
111 1460068235.560720
116 1460068235.720718
32 1460068235.824697
104 1460068236.624830
97 1460068236.696293
108 1460068236.864665
108 1460068237.040727
111 1460068237.224726
119 1460068237.304682
32 1460068237.424693
116 1460068237.568693
104 1460068237.680717
105 1460068237.764323
115 1460068237.829965
32 1460068237.952616
103 1460068238.168676
114 1460068238.360738
111 1460068238.426947
117 1460068238.504625
110 1460068238.752711
100 1460068238.848670
46 1460068239.008611
32 1460068239.112740
84 1460068239.520642
104 1460068239.680675
101 1460068239.749830
32 1460068239.840671
98 1460068240.096777
114 1460068240.312677
97 1460068240.768778
118 1460068240.992701
101 1460068241.168620
32 1460068241.784840
109 1460068241.936679
101 1460068242.064749
110 1460068242.200622
44 1460068242.616671
32 1460068242.712632
108 1460068242.968653
105 1460068243.520711
118 1460068243.688647
105 1460068243.787575
110 1460068243.872627
103 1460068243.976709
32 1460068244.120564
97 1460068244.240651
110 1460068244.336655
100 1460068244.432564
32 1460068244.500752
100 1460068244.728726
101 1460068244.920654
97 1460068245.016621
100 1460068245.208669
44 1460068245.464629
32 1460068245.568578
119 1460068245.928629
104 1460068246.040563
111 1460068246.137969
32 1460068246.256555
115 1460068246.560647
116 1460068246.736590
114 1460068246.912701
117 1460068247.014894
103 1460068247.160698
103 1460068247.496595
108 1460068248.065177
101 1460068248.195009
101 1460068248.336554
100 1460068248.608672
8 1460068248.976683
8 1460068249.144559
100 1460068249.584605
32 1460068249.744646
101 1460068250.168699
104 1460068250.296549
8 1460068250.816617
8 1460068250.992678
104 1460068251.184645
101 1460068251.253937
114 1460068251.432529
101 1460068251.536532
44 1460068252.264572
32 1460068252.384490
104 1460068252.824604
97 1460068252.920482
118 1460068253.056466
101 1460068253.216496
32 1460068253.284961
99 1460068253.488525
111 1460068253.576494
110 1460068253.680434
99 1460068253.832528
8 1460068254.312561
115 1460068254.408492
101 1460068254.640601
99 1460068254.920550
114 1460068255.104513
97 1460068255.256551
116 1460068255.416563
101 1460068255.520521
100 1460068255.720478
32 1460068255.896494
105 1460068256.032529
116 1460068256.136457
44 1460068256.488568
32 1460068256.568466
102 1460068256.880576
111 1460068256.984541
8 1460068257.384636
97 1460068257.568502
114 1460068257.688504
116 1460068257.888552
32 1460068257.984473
97 1460068258.160463
98 1460068258.336462
8 1460068258.664542
8 1460068258.824551
8 1460068259.000546
8 1460068259.176607
32 1460068259.320569
97 1460068259.560554
98 1460068259.840538
111 1460068259.952568
118 1460068260.104579
101 1460068260.208554
32 1460068260.328549
111 1460068260.544497
117 1460068260.640463
114 1460068260.744425
32 1460068260.864513
112 1460068261.056477
111 1460068261.176470
114 1460068261.432480
8 1460068261.920487
111 1460068262.128488
114 1460068262.272509
32 1460068262.936529
112 1460068263.272638
111 1460068263.376424
119 1460068263.512414
101 1460068263.584411
114 1460068263.688398
32 1460068263.840444
116 1460068264.000497
111 1460068264.072358
32 1460068264.168393
97 1460068264.304371
100 1460068264.512424
100 1460068264.672428
32 1460068264.784390
111 1460068265.080415
114 1460068265.224426
32 1460068265.680457
100 1460068266.384500
101 1460068266.576419
116 1460068266.760488
114 1460068267.096419
97 1460068267.272372
99 1460068267.520441
116 1460068267.720396
46 1460068267.960440
32 1460068268.104339
84 1460068268.440385
104 1460068268.584401
101 1460068268.654937
32 1460068268.736403
119 1460068268.840363
111 1460068268.952465
114 1460068269.056399
108 1460068269.184400
100 1460068269.312405
32 1460068269.600493
119 1460068270.104456
105 1460068270.216381
108 1460068270.408396
108 1460068270.568432
32 1460068270.673879
108 1460068270.952558
105 1460068271.088432
116 1460068271.280397
116 1460068271.456372
108 1460068271.552337
101 1460068271.656333
32 1460068271.808325
110 1460068271.928311
111 1460068272.016326
116 1460068272.112324
101 1460068272.232314
100 1460068272.424331
44 1460068272.648331
32 1460068272.728311
8 1460068273.056458
8 1460068273.216398
8 1460068273.400425
44 1460068273.760453
32 1460068273.864333
110 1460068274.096370
111 1460068274.208327
114 1460068274.376317
32 1460068274.504436
108 1460068274.624354
111 1460068274.824317
110 1460068274.928343
103 1460068275.032376
32 1460068275.136367
114 1460068275.272288
101 1460068275.370862
109 1460068275.480286
101 1460068275.576298
109 1460068275.688285
98 1460068275.856294
101 1460068276.008325
114 1460068276.136343
32 1460068276.344321
119 1460068276.816348
104 1460068276.936290
97 1460068277.016275
116 1460068277.120318
32 1460068277.192340
119 1460068277.328336
101 1460068277.520297
32 1460068277.656273
115 1460068277.968348
97 1460068278.152363
121 1460068278.312290
32 1460068278.440336
104 1460068278.656305
101 1460068278.748703
114 1460068278.872300
101 1460068278.976310
44 1460068279.288323
32 1460068279.416285
98 1460068279.760341
117 1460068279.856298
116 1460068280.008269
32 1460068280.104631
105 1460068280.200285
116 1460068280.328310
32 1460068280.424271
99 1460068280.688309
97 1460068280.832320
110 1460068280.968271
32 1460068281.104329
110 1460068281.240241
101 1460068281.384346
118 1460068281.608347
101 1460068281.715796
114 1460068281.856286
32 1460068281.960310
102 1460068282.608331
111 1460068282.688242
114 1460068282.832291
103 1460068283.048331
101 1460068283.216248
116 1460068283.352250
32 1460068283.496236
119 1460068283.688323
104 1460068283.888249
97 1460068283.984180
116 1460068284.104251
32 1460068284.175082
116 1460068284.536299
104 1460068284.664335
101 1460068284.752301
121 1460068284.888255
32 1460068285.024296
100 1460068285.184301
105 1460068285.256494
100 1460068285.376312
32 1460068285.496335
104 1460068285.680308
101 1460068286.216323
114 1460068286.352260
101 1460068286.464230
46 1460068286.800336
32 1460068286.936260
73 1460068287.312297
116 1460068287.488299
32 1460068287.568201
105 1460068287.736283
115 1460068287.880265
32 1460068288.000241
102 1460068288.576310
111 1460068288.672249
114 1460068288.792240
32 1460068288.862666
117 1460068289.336269
115 1460068289.512237
32 1460068289.608328
116 1460068289.744179
104 1460068289.831557
101 1460068289.920211
32 1460068289.989790
108 1460068290.168199
105 1460068290.320188
118 1460068290.472255
105 1460068290.584305
110 1460068290.656223
103 1460068290.784224
44 1460068290.960213
32 1460068291.056166
114 1460068291.312218
97 1460068291.432164
116 1460068291.576210
104 1460068291.696219
101 1460068291.768166
114 1460068291.864129
32 1460068292.016171
8 1460068292.696208
8 1460068292.864166
44 1460068293.208196
8 1460068293.584205
114 1460068293.832230
44 1460068294.048222
32 1460068294.176156
116 1460068294.600206
111 1460068294.736136
32 1460068294.851304
98 1460068295.032116
101 1460068295.208184
32 1460068295.312132
100 1460068295.472126
101 1460068295.728133
100 1460068295.952134
105 1460068296.248175
99 1460068296.368182
97 1460068296.504114
116 1460068296.616117
101 1460068296.736111
100 1460068296.904174
32 1460068297.024126
104 1460068297.304164
101 1460068297.371552
114 1460068297.480080
101 1460068297.600193
32 1460068297.665538
116 1460068297.832095
111 1460068297.897922
32 1460068297.968102
116 1460068298.096071
104 1460068298.168102
101 1460068298.248047
32 1460068298.312179
117 1460068299.344138
110 1460068299.576093
102 1460068299.736164
105 1460068299.880146
110 1460068300.616117
105 1460068300.784094
115 1460068300.904069
104 1460068301.248189
101 1460068301.368143
100 1460068301.536077
32 1460068301.664054
119 1460068301.792108
111 1460068301.888068
114 1460068301.992098
107 1460068302.144074
32 1460068302.272077
119 1460068302.360049
104 1460068302.472129
105 1460068302.536086
99 1460068302.704185
104 1460068302.782351
32 1460068302.928084
116 1460068303.168078
104 1460068303.256103
101 1460068303.352017
121 1460068303.488089
32 1460068303.640103
119 1460068303.808114
104 1460068303.888041
111 1460068303.992049
32 1460068304.144054
102 1460068304.832100
111 1460068304.952022
117 1460068305.023992
103 1460068305.224040
104 1460068305.319407
116 1460068305.520109
32 1460068305.696045
104 1460068306.032035
101 1460068306.132497
114 1460068306.239973
101 1460068306.352053
32 1460068306.450890
104 1460068306.720045
97 1460068306.816104
118 1460068306.944021
101 1460068307.080001
32 1460068307.189874
116 1460068307.280073
104 1460068307.392075
117 1460068307.592059
115 1460068307.712006
32 1460068307.856006
102 1460068308.216075
97 1460068308.328064
114 1460068308.472043
32 1460068308.607998
115 1460068308.776046
111 1460068308.888014
32 1460068309.008039
110 1460068309.264055
111 1460068309.456048
98 1460068309.624030
108 1460068309.800135
101 1460068309.936119
121 1460068310.176062
8 1460068310.552033
8 1460068310.735987
8 1460068310.888001
108 1460068311.536048
121 1460068311.735993
32 1460068311.904029
97 1460068312.151968
100 1460068312.335997
118 1460068312.568014
97 1460068312.663982
110 1460068312.864013
101 1460068313.111991
8 1460068313.648080
99 1460068313.792014
101 1460068314.000007
100 1460068314.191990
46 1460068314.424001
32 1460068314.567967
73 1460068314.848014
116 1460068314.984015
32 1460068315.049366
105 1460068315.191963
115 1460068315.368000
32 1460068315.504006
114 1460068316.224025
97 1460068316.351998
116 1460068316.511982
104 1460068316.655931
101 1460068316.720003
114 1460068316.823949
32 1460068316.887938
102 1460068317.071965
111 1460068317.176030
114 1460068317.279894
32 1460068317.347830
117 1460068317.496003
115 1460068317.663999
32 1460068317.751904
116 1460068317.872014
104 1460068317.935931
101 1460068318.023947
32 1460068318.095880
8 1460068318.607964
8 1460068318.767964
8 1460068318.927983
111 1460068319.288154
32 1460068319.447905
98 1460068319.647943
101 1460068319.807882
32 1460068319.911936
104 1460068320.023917
101 1460068320.087924
114 1460068320.183988
101 1460068320.287907
32 1460068320.359998
100 1460068320.639947
101 1460068320.847905
100 1460068321.055891
105 1460068321.183884
99 1460068321.327870
97 1460068321.415023
116 1460068321.527877
101 1460068321.647912
100 1460068321.815925
32 1460068321.943862
116 1460068322.095958
111 1460068322.199928
32 1460068322.287905
116 1460068322.415876
104 1460068322.479911
101 1460068322.591871
32 1460068322.652161
103 1460068323.440617
114 1460068323.663946
101 1460068323.783893
97 1460068323.927954
116 1460068324.047922
32 1460068324.183911
116 1460068324.343913
97 1460068324.471969
115 1460068324.815909
107 1460068324.943831
32 1460068325.079947
114 1460068325.439978
101 1460068325.504359
109 1460068325.655875
97 1460068325.783922
105 1460068325.903859
110 1460068326.023901
105 1460068326.135897
110 1460068326.231841
103 1460068326.391929
32 1460068326.607851
98 1460068327.223941
101 1460068327.431889
114 1460068327.663863
8 1460068328.271969
8 1460068328.439816
101 1460068329.128121
102 1460068329.415943
111 1460068329.551857
114 1460068329.647827
101 1460068329.767867
32 1460068329.991839
117 1460068330.784512
115 1460068330.942968
45 1460068331.287951
116 1460068331.535852
104 1460068331.687900
97 1460068331.751939
116 1460068331.831799
32 1460068331.903806
102 1460068332.663954
111 1460068332.775883
114 1460068332.871759
109 1460068333.023960
32 1460068333.159836
8 1460068333.479909
8 1460068333.639853
8 1460068333.823946
8 1460068333.983793
114 1460068334.327988
111 1460068334.407821
109 1460068334.511794
32 1460068334.623788
116 1460068334.799931
104 1460068334.919801
101 1460068335.367960
115 1460068335.567817
115 1460068335.871882
8 1460068336.679964
101 1460068336.831891
32 1460068336.991822
104 1460068337.303836
111 1460068337.399776
110 1460068337.607844
111 1460068337.711816
114 1460068338.247796
101 1460068338.381431
100 1460068338.583750
32 1460068338.735719
100 1460068338.983725
101 1460068339.175735
97 1460068339.303750
100 1460068339.407810
32 1460068339.687765
119 1460068339.919743
101 1460068340.103838
32 1460068340.247790
116 1460068340.391764
97 1460068340.599682
107 1460068340.719733
101 1460068340.991746
32 1460068341.127721
105 1460068341.263738
110 1460068341.383716
99 1460068341.687750
114 1460068341.919768
101 1460068341.999703
97 1460068342.143775
115 1460068342.383743
101 1460068342.575696
100 1460068342.775681
32 1460068342.879625
101 1460068343.047751
8 1460068343.599715
100 1460068343.743656
101 1460068343.927710
118 1460068344.703818
111 1460068344.807701
116 1460068345.015717
105 1460068345.135765
111 1460068345.215638
110 1460068345.311696
32 1460068345.599654
116 1460068345.855676
111 1460068345.935665
32 1460068346.002561
116 1460068346.071672
104 1460068346.139386
101 1460068346.223672
32 1460068346.289919
8 1460068346.887683
8 1460068347.039685
97 1460068347.183790
116 1460068347.295661
32 1460068347.391635
99 1460068347.775673
97 1460068347.919646
117 1460068348.055667
115 1460068348.151619
101 1460068348.263735
32 1460068348.407557
102 1460068348.559672
111 1460068348.663593
114 1460068348.767604
32 1460068348.832809
119 1460068349.703767
104 1460068349.783593
105 1460068349.871624
99 1460068350.015642
104 1460068350.087590
32 1460068350.239681
116 1460068350.359724
104 1460068350.495647
101 1460068350.580556
121 1460068350.711622
32 1460068350.799595
103 1460068351.119731
97 1460068351.223653
118 1460068351.415568
101 1460068351.551708
32 1460068351.719655
116 1460068351.783566
104 1460068351.943553
116 1460068352.007261
101 1460068352.159629
8 1460068352.559782
8 1460068352.711640
101 1460068352.839577
32 1460068352.915468
108 1460068353.167696
97 1460068353.287605
115 1460068353.479684
116 1460068353.599699
32 1460068353.703566
102 1460068354.071664
117 1460068354.183615
108 1460068354.375648
108 1460068354.543539
32 1460068354.639574
109 1460068354.783571
101 1460068354.887577
97 1460068355.039562
115 1460068355.207579
117 1460068355.407650
114 1460068355.535661
101 1460068355.615574
32 1460068355.719612
111 1460068356.007604
102 1460068356.183698
32 1460068356.287630
100 1460068356.543601
101 1460068356.735659
118 1460068357.591678
111 1460068357.679559
116 1460068357.863473
105 1460068357.991504
111 1460068358.087478
110 1460068358.176147
45 1460068358.687643
116 1460068359.327643
104 1460068359.431555
97 1460068359.535518
116 1460068359.607519
32 1460068359.679496
119 1460068359.903555
101 1460068360.103578
32 1460068360.255524
104 1460068360.407598
97 1460068360.535622
8 1460068361.071652
101 1460068361.287580
114 1460068361.431615
101 1460068361.551625
32 1460068361.959707
104 1460068362.151576
105 1460068362.247494
103 1460068362.375529
104 1460068362.466246
108 1460068362.727519
121 1460068362.919574
32 1460068363.063588
114 1460068363.343540
101 1460068363.575611
115 1460068363.847512
111 1460068363.983498
108 1460068364.183500
118 1460068364.281998
101 1460068364.391447
32 1460068364.583514
116 1460068365.239521
104 1460068365.335440
97 1460068365.427834
116 1460068365.503436
32 1460068365.572759
116 1460068365.719487
104 1460068365.871450
101 1460068365.938773
121 1460068366.095506
8 1460068366.671510
115 1460068367.087524
101 1460068367.231491
32 1460068367.375507
100 1460068367.551445
97 1460068367.855527
100 1460068368.151538
8 1460068368.455513
8 1460068368.663467
101 1460068369.167506
97 1460068369.335439
100 1460068369.471417
100 1460068369.703431
8 1460068370.287555
32 1460068370.519451
115 1460068370.767449
104 1460068370.927369
97 1460068371.031398
108 1460068371.183435
108 1460068371.335463
32 1460068371.455431
110 1460068371.575371
111 1460068371.647406
116 1460068371.783454
32 1460068371.868332
104 1460068371.959391
97 1460068372.087477
118 1460068372.207492
101 1460068372.303426
32 1460068372.369044
100 1460068372.711534
105 1460068372.855466
101 1460068372.991436
100 1460068373.343646
32 1460068373.704036
105 1460068373.830075
110 1460068373.919394
32 1460068374.015457
118 1460068374.327445
97 1460068374.431488
105 1460068374.551412
110 1460068374.639427
45 1460068375.015802
116 1460068375.511618
104 1460068375.649918
97 1460068375.715232
116 1460068375.807338
32 1460068375.873023
116 1460068376.432104
104 1460068376.583415
105 1460068376.649024
115 1460068376.713431
32 1460068376.778930
110 1460068376.951507
97 1460068377.047358
116 1460068377.151375
105 1460068377.223377
111 1460068377.311342
110 1460068377.391355
44 1460068377.663428
32 1460068377.759392
117 1460068377.991454
100 1460068378.215448
110 1460068378.305319
101 1460068378.399387
114 1460068378.495323
32 1460068378.727398
8 1460068378.991467
8 1460068379.159337
8 1460068379.319400
8 1460068379.503427
8 1460068379.711323
110 1460068379.935302
100 1460068380.071379
101 1460068380.247398
114 1460068380.359337
32 1460068380.479399
71 1460068380.895341
111 1460068381.071311
100 1460068381.191320
44 1460068381.359293
32 1460068381.487311
115 1460068381.959415
104 1460068382.071398
97 1460068382.167341
108 1460068382.303363
108 1460068382.463289
32 1460068382.607266
104 1460068383.439577
97 1460068383.543305
118 1460068383.663258
101 1460068383.815290
32 1460068383.927332
97 1460068384.007339
32 1460068384.111310
110 1460068384.351389
101 1460068384.438589
119 1460068384.519348
32 1460068384.647393
98 1460068385.303431
105 1460068385.407354
114 1460068385.575336
116 1460068385.831363
104 1460068385.991297
32 1460068386.319373
111 1460068386.479337
102 1460068386.623341
32 1460068386.691300
102 1460068386.951314
114 1460068387.143278
101 1460068387.271367
101 1460068387.495276
100 1460068387.695289
111 1460068387.783314
109 1460068387.911245
61 1460068388.239317
97 1460068388.663317
8 1460068388.911278
8 1460068389.071285
45 1460068389.303314
97 1460068389.831321
110 1460068389.983263
100 1460068390.103310
32 1460068390.207243
116 1460068390.351239
97 1460068390.503260
104 1460068390.571759
116 1460068390.647277
32 1460068390.715172
8 1460068391.191348
8 1460068391.351239
8 1460068391.535352
8 1460068392.207340
104 1460068392.447283
97 1460068392.591224
116 1460068392.703215
32 1460068392.815279
103 1460068393.319282
111 1460068393.399234
118 1460068393.575265
101 1460068393.727321
114 1460068393.847269
110 1460068393.967254
109 1460068394.207242
101 1460068394.301676
110 1460068394.423204
116 1460068394.512747
32 1460068394.615250
111 1460068394.807206
102 1460068394.927205
32 1460068395.023812
116 1460068395.135229
104 1460068395.223625
101 1460068395.294173
32 1460068395.362972
112 1460068396.199304
111 1460068396.327194
101 1460068396.503238
112 1460068396.572631
111 1460068396.641073
8 1460068396.967184
8 1460068397.143209
8 1460068397.319180
8 1460068397.543164
101 1460068397.767185
111 1460068397.903184
112 1460068398.007164
108 1460068398.279237
101 1460068398.407228
44 1460068398.551106
32 1460068398.687148
98 1460068398.935228
121 1460068399.047227
32 1460068399.151134
116 1460068399.303251
104 1460068399.380502
101 1460068399.463155
32 1460068399.535010
112 1460068399.815198
101 1460068399.967251
111 1460068400.047207
112 1460068400.127130
108 1460068400.351175
101 1460068400.519129
44 1460068400.711183
32 1460068400.831110
102 1460068401.495193
111 1460068401.563283
114 1460068401.703197
32 1460068401.799157
116 1460068401.903149
104 1460068402.007125
101 1460068402.075891
32 1460068402.143734
112 1460068402.559179
101 1460068402.695140
111 1460068402.817044
112 1460068402.911101
108 1460068403.175179
101 1460068403.679193
44 1460068403.823130
32 1460068403.991111
115 1460068404.199117
104 1460068404.343115
97 1460068404.447069
108 1460068404.583181
108 1460068404.735234
32 1460068404.815093
110 1460068404.967141
111 1460068405.063098
116 1460068405.142230
32 1460068405.247183
112 1460068405.535139
101 1460068405.639156
114 1460068405.767069
105 1460068405.887080
115 1460068405.999124
104 1460068406.127158
32 1460068406.279155
102 1460068406.639141
114 1460068406.847115
111 1460068406.912544
109 1460068407.047068
32 1460068407.143142
116 1460068407.207538
104 1460068407.343092
101 1460068407.408376
32 1460068407.503110
101 1460068407.887132
97 1460068408.031123
114 1460068408.159173
116 1460068408.383117
104 1460068408.455116
46 1460068408.703129
32 1460068408.887127
10 1460068409.199081
