70 1460067614.791140
111 1460067614.982852
117 1460067615.094958
114 1460067615.198726
32 1460067615.662782
83 1460067616.110951
8 1460067616.558511
115 1460067616.806514
99 1460067616.990456
111 1460067617.102538
114 1460067617.238544
101 1460067617.302524
32 1460067617.606667
97 1460067617.702688
110 1460067617.830915
100 1460067617.902505
32 1460067617.998411
115 1460067618.134547
101 1460067618.294482
118 1460067618.494484
101 1460067618.630430
110 1460067618.774502
32 1460067618.910470
121 1460067619.150617
101 1460067619.270444
97 1460067619.366380
114 1460067619.486491
115 1460067619.814696
32 1460067619.982459
97 1460067620.198474
103 1460067620.358465
111 1460067620.566435
32 1460067620.838600
111 1460067621.414511
117 1460067621.510431
114 1460067621.630457
32 1460067621.750480
102 1460067621.958521
97 1460067622.078362
116 1460067622.230486
104 1460067622.366435
101 1460067622.454449
114 1460067622.526445
115 1460067622.694457
32 1460067622.862420
98 1460067623.222542
114 1460067623.454935
111 1460067623.590580
117 1460067623.678651
103 1460067623.766392
104 1460067623.902399
116 1460067623.998358
32 1460067624.174412
102 1460067624.526617
111 1460067624.638380
114 1460067624.742448
116 1460067624.942418
104 1460067625.046389
32 1460067625.182462
111 1460067625.454448
110 1460067625.566459
32 1460067625.694401
116 1460067625.782470
104 1460067625.894401
105 1460067625.942412
115 1460067626.046364
32 1460067626.150397
99 1460067626.470499
111 1460067626.550362
110 1460067626.662413
116 1460067626.878400
105 1460067627.006403
110 1460067627.086303
101 1460067627.254463
110 1460067627.422369
116 1460067627.542387
32 1460067627.918402
97 1460067628.014343
32 1460067628.158469
110 1460067629.166823
101 1460067629.262324
119 1460067629.350330
32 1460067629.518391
110 1460067629.686362
97 1460067629.782351
116 1460067629.878353
105 1460067629.982309
111 1460067630.054422
110 1460067630.090204
115 1460067630.230403
44 1460067630.510419
32 1460067630.606388
8 1460067631.134518
8 1460067631.318478
8 1460067631.486328
44 1460067632.102515
32 1460067632.614389
99 1460067633.222427
111 1460067633.334363
110 1460067633.398275
99 1460067633.550442
101 1460067633.726392
105 1460067634.054419
118 1460067634.542418
101 1460067634.694419
100 1460067634.870363
32 1460067635.030333
105 1460067635.126400
110 1460067635.214282
32 1460067635.334304
108 1460067635.526346
105 1460067635.750321
98 1460067635.862355
101 1460067636.038360
114 1460067636.142270
116 1460067636.310340
121 1460067636.486289
44 1460067636.774384
32 1460067636.926351
97 1460067637.110389
110 1460067637.238283
100 1460067637.310270
32 1460067637.414302
100 1460067637.694304
101 1460067637.886307
100 1460067638.070331
105 1460067638.182260
99 1460067638.310233
97 1460067638.422229
116 1460067638.542264
101 1460067638.670233
100 1460067638.886289
32 1460067639.446344
116 1460067639.614356
111 1460067639.726351
32 1460067639.782242
116 1460067639.894273
104 1460067639.998345
101 1460067640.047715
32 1460067640.126328
112 1460067640.486374
114 1460067640.654322
111 1460067640.790312
112 1460067640.878226
111 1460067641.438358
115 1460067641.822348
105 1460067641.974299
116 1460067642.134269
105 1460067642.238258
111 1460067642.318231
110 1460067642.390236
32 1460067642.902275
116 1460067643.102243
104 1460067643.254299
97 1460067643.308510
116 1460067643.390212
32 1460067643.445819
97 1460067644.190304
108 1460067644.302260
108 1460067644.478235
32 1460067644.606268
109 1460067644.734247
101 1460067644.806207
110 1460067645.054405
32 1460067645.214282
97 1460067646.054329
114 1460067646.182303
101 1460067646.265144
32 1460067646.382205
99 1460067646.614195
114 1460067646.814198
101 1460067646.918211
97 1460067647.166258
116 1460067647.229086
101 1460067647.838207
100 1460067648.046189
32 1460067648.190163
101 1460067648.406260
113 1460067648.598250
117 1460067648.742223
97 1460067648.862272
108 1460067649.030170
46 1460067649.342232
10 1460067649.686325
10 1460067650.238359
78 1460067651.054154
111 1460067651.150180
119 1460067651.318084
32 1460067651.974236
119 1460067652.118289
101 1460067652.230155
32 1460067652.446220
97 1460067652.758261
114 1460067652.838223
101 1460067652.934134
32 1460067653.062226
101 1460067653.406204
110 1460067653.526214
103 1460067653.638161
97 1460067653.822134
103 1460067653.990184
101 1460067654.150127
100 1460067654.318225
32 1460067654.446251
105 1460067654.534105
110 1460067654.606091
97 1460067654.686173
32 1460067654.838148
97 1460067654.918093
8 1460067655.414183
8 1460067655.598117
8 1460067655.774148
32 1460067655.926123
97 1460067656.158120
32 1460067656.950174
103 1460067657.142122
114 1460067657.334110
101 1460067657.886118
97 1460067658.046107
116 1460067658.190181
32 1460067658.310089
99 1460067658.558120
105 1460067658.662132
118 1460067658.806124
105 1460067658.942218
101 1460067659.078213
108 1460067659.206074
32 1460067659.350219
8 1460067659.750113
8 1460067659.950071
8 1460067660.126058
108 1460067660.622143
32 1460067660.838100
119 1460067661.254064
97 1460067661.422012
114 1460067661.558054
44 1460067661.894130
32 1460067661.998019
116 1460067662.382182
101 1460067662.558097
115 1460067662.798086
115 1460067662.974077
8 1460067663.590104
116 1460067663.750040
105 1460067663.926044
110 1460067664.030089
103 1460067664.125988
32 1460067664.246022
119 1460067664.454017
104 1460067664.646034
101 1460067664.758012
116 1460067664.982127
104 1460067665.142001
101 1460067665.326013
114 1460067665.470084
32 1460067665.646117
116 1460067666.190146
104 1460067666.286019
97 1460067666.373985
116 1460067666.494074
32 1460067666.585177
110 1460067666.734066
97 1460067666.870057
116 1460067666.966036
105 1460067667.038028
111 1460067667.118001
110 1460067667.181966
44 1460067667.502080
32 1460067667.605992
111 1460067667.878098
114 1460067667.990064
32 1460067668.093980
97 1460067668.285986
110 1460067668.382014
121 1460067668.613966
32 1460067668.749965
110 1460067669.582088
97 1460067669.838041
116 1460067670.006105
105 1460067670.118023
111 1460067670.183111
110 1460067670.253912
32 1460067670.381934
115 1460067670.630065
111 1460067670.758024
32 1460067670.829940
99 1460067671.078023
111 1460067671.197930
99 1460067671.790039
8 1460067672.238026
110 1460067672.462030
99 1460067672.590003
101 1460067672.806010
105 1460067672.974031
118 1460067673.262002
101 1460067673.453979
100 1460067673.630013
32 1460067673.758038
97 1460067673.893966
110 1460067674.014042
100 1460067674.104804
32 1460067674.175087
115 1460067674.310008
111 1460067674.413976
32 1460067674.549987
100 1460067674.741956
105 1460067674.886018
8 1460067675.413992
100 1460067675.661953
8 1460067676.237972
101 1460067676.981978
100 1460067677.493974
105 1460067677.717886
99 1460067677.869985
97 1460067677.997898
116 1460067678.125942
101 1460067678.245854
100 1460067678.437897
44 1460067678.725950
32 1460067678.837929
99 1460067679.293939
97 1460067679.485866
110 1460067679.597879
32 1460067680.069924
108 1460067680.469937
111 1460067680.653897
110 1460067680.750348
103 1460067680.845865
32 1460067680.973883
101 1460067681.293884
110 1460067681.413852
100 1460067681.526011
117 1460067681.669869
114 1460067681.765895
101 1460067681.845871
46 1460067682.149966
32 1460067682.293859
87 1460067682.845864
101 1460067683.005856
32 1460067683.157953
97 1460067683.645909
114 1460067683.829839
101 1460067683.909827
32 1460067684.053822
109 1460067684.173863
101 1460067684.293836
116 1460067684.461854
32 1460067684.581835
111 1460067684.981886
110 1460067685.077796
32 1460067685.229803
97 1460067685.317896
32 1460067685.437853
97 1460067685.549898
103 1460067685.765816
114 1460067685.949903
8 1460067686.141868
8 1460067686.317823
8 1460067686.501848
8 1460067686.701808
32 1460067687.349922
103 1460067687.629844
114 1460067687.853837
97 1460067688.069831
116 1460067688.237912
8 1460067688.549878
8 1460067688.757840
101 1460067688.917893
97 1460067689.069893
116 1460067689.189845
32 1460067689.325840
98 1460067690.277827
97 1460067690.421774
116 1460067690.677793
116 1460067690.885763
108 1460067691.173858
101 1460067691.293854
102 1460067691.669871
105 1460067692.029859
101 1460067692.181893
108 1460067692.333825
100 1460067692.429803
32 1460067692.725910
111 1460067692.925955
102 1460067693.045758
32 1460067693.149818
116 1460067693.709822
104 1460067693.821799
97 1460067693.893722
116 1460067693.989772
32 1460067694.051858
119 1460067694.261821
97 1460067694.437784
114 1460067694.533826
46 1460067694.925808
32 1460067695.045801
87 1460067695.653845
101 1460067695.829768
32 1460067695.957781
104 1460067696.133766
97 1460067696.213746
118 1460067696.389802
101 1460067696.549767
32 1460067696.621795
99 1460067696.941763
111 1460067697.053791
109 1460067697.173740
101 1460067697.238129
32 1460067697.301668
116 1460067697.477766
111 1460067697.589778
32 1460067697.709722
100 1460067698.157835
101 1460067698.341770
100 1460067698.845769
105 1460067699.157790
99 1460067699.261711
97 1460067699.357635
116 1460067699.509718
101 1460067699.613713
32 1460067699.789720
97 1460067699.965746
32 1460067700.101699
112 1460067700.461724
111 1460067700.541700
114 1460067700.725770
116 1460067700.925794
105 1460067701.021717
111 1460067701.101646
110 1460067701.197725
32 1460067701.285664
111 1460067701.413755
102 1460067701.549737
32 1460067701.661708
116 1460067702.149794
104 1460067702.277729
97 1460067702.339718
116 1460067702.421802
32 1460067702.485640
102 1460067702.853838
105 1460067702.997634
101 1460067703.165728
108 1460067703.277668
100 1460067703.373657
44 1460067703.605689
32 1460067703.717665
97 1460067703.949797
115 1460067704.149745
32 1460067704.253624
97 1460067704.381703
32 1460067704.493633
102 1460067705.829841
105 1460067705.894858
110 1460067705.989678
97 1460067706.093720
108 1460067706.237628
32 1460067706.373766
114 1460067706.685704
101 1460067707.229691
115 1460067707.437654
116 1460067707.581647
105 1460067707.693678
110 1460067707.805613
103 1460067707.867378
32 1460067708.013628
112 1460067708.365735
108 1460067708.589701
97 1460067708.707813
99 1460067708.845608
101 1460067709.037678
32 1460067709.125730
102 1460067709.269644
111 1460067709.389703
114 1460067709.469630
32 1460067709.605641
116 1460067709.973799
104 1460067710.077588
111 1460067710.173689
115 1460067710.261613
101 1460067710.509684
32 1460067710.765711
119 1460067711.173769
104 1460067711.253601
111 1460067711.333578
32 1460067711.573738
104 1460067711.837589
101 1460067711.933637
114 1460067712.085619
101 1460067712.173651
32 1460067712.293575
103 1460067712.621698
97 1460067712.741548
118 1460067712.997662
101 1460067713.117539
32 1460067713.269564
116 1460067713.405726
104 1460067713.525603
101 1460067713.597645
105 1460067713.733594
114 1460067713.845647
32 1460067713.957546
108 1460067714.189646
105 1460067714.389611
118 1460067714.525683
101 1460067714.685609
115 1460067714.877568
32 1460067715.181591
116 1460067715.837670
104 1460067715.933663
97 1460067716.013540
116 1460067716.125573
32 1460067716.189343
116 1460067716.349517
104 1460067716.445554
97 1460067716.531441
116 1460067716.599993
32 1460067716.664765
110 1460067717.517682
97 1460067717.621597
116 1460067717.757528
105 1460067717.845553
111 1460067717.941507
110 1460067718.005978
32 1460067718.093514
105 1460067718.453570
103 1460067718.749606
104 1460067718.837533
8 1460067719.117730
8 1460067719.285695
8 1460067719.469697
109 1460067719.901605
105 1460067720.045592
103 1460067720.197674
104 1460067720.293448
116 1460067720.405468
32 1460067720.861567
108 1460067721.501630
105 1460067721.629504
118 1460067721.773567
101 1460067721.877545
46 1460067722.037501
32 1460067722.165473
73 1460067722.517685
116 1460067722.677429
32 1460067722.744634
105 1460067722.877528
115 1460067723.021602
32 1460067723.197484
97 1460067723.493511
108 1460067723.645511
116 1460067723.973547
111 1460067724.117501
103 1460067724.461538
101 1460067724.645511
116 1460067725.053544
104 1460067725.189520
101 1460067725.277450
114 1460067725.397523
32 1460067725.669511
102 1460067726.173519
105 1460067726.269481
116 1460067726.453479
116 1460067726.629409
105 1460067726.749474
110 1460067726.853402
103 1460067726.949435
32 1460067727.085410
97 1460067727.229513
110 1460067727.349388
100 1460067727.453462
32 1460067727.565391
112 1460067727.717429
114 1460067727.933491
111 1460067728.069538
112 1460067728.221461
101 1460067728.373434
114 1460067728.533486
32 1460067728.749508
116 1460067728.949476
104 1460067729.085440
97 1460067729.158489
116 1460067729.245490
32 1460067729.309693
119 1460067729.469431
101 1460067729.669475
32 1460067729.797441
119 1460067729.941470
104 1460067730.061413
111 1460067730.197423
117 1460067730.293406
8 1460067730.581462
8 1460067730.749407
8 1460067730.933438
8 1460067731.117399
8 1460067731.261409
115 1460067731.365392
104 1460067731.533408
8 1460067731.813436
8 1460067731.989468
32 1460067732.493494
115 1460067732.845465
104 1460067733.021372
111 1460067733.669437
117 1460067733.797392
108 1460067734.005438
100 1460067734.125386
32 1460067734.261401
100 1460067734.469419
111 1460067734.533439
32 1460067734.669451
116 1460067734.805389
104 1460067734.877311
105 1460067734.949290
115 1460067735.053323
46 1460067735.285409
10 1460067735.589435
10 1460067735.757370
66 1460067736.501390
117 1460067736.685362
116 1460067736.909376
44 1460067737.157362
32 1460067737.269365
105 1460067737.741456
110 1460067737.925340
97 1460067738.157341
32 1460067738.220951
8 1460067738.805397
8 1460067738.989353
32 1460067739.093380
97 1460067739.253339
32 1460067739.381356
108 1460067739.693433
97 1460067739.837312
114 1460067739.965272
103 1460067740.189323
101 1460067740.325315
114 1460067740.445404
32 1460067740.581457
115 1460067740.733405
101 1460067740.933350
110 1460067741.045439
115 1460067741.133413
101 1460067741.357377
44 1460067741.821366
32 1460067741.933318
119 1460067742.773420
101 1460067742.933318
32 1460067743.085301
99 1460067743.229360
97 1460067743.405344
110 1460067743.517293
32 1460067743.653350
110 1460067743.909331
111 1460067744.037381
116 1460067744.197287
32 1460067744.301258
100 1460067744.485269
101 1460067744.685291
100 1460067744.885296
105 1460067745.125288
99 1460067745.245281
97 1460067745.365224
116 1460067745.485290
101 1460067745.613205
44 1460067745.989288
32 1460067746.093280
119 1460067746.373297
101 1460067746.557256
32 1460067746.709244
99 1460067746.885262
110 1460067747.117286
8 1460067747.589322
97 1460067747.685287
110 1460067747.861300
32 1460067748.221325
110 1460067748.373273
97 1460067748.501309
116 1460067748.677247
8 1460067749.205371
8 1460067749.397203
111 1460067749.597203
116 1460067749.749248
32 1460067749.837184
115 1460067750.341251
8 1460067751.029301
99 1460067751.461264
111 1460067751.573178
110 1460067751.693228
115 1460067751.933218
101 1460067752.165276
99 1460067752.853282
114 1460067753.037225
97 1460067753.213273
116 1460067753.349199
101 1460067753.453241
44 1460067754.021262
32 1460067754.157263
119 1460067754.477287
101 1460067754.605179
32 1460067754.765315
99 1460067754.973202
97 1460067755.173189
110 1460067755.277180
32 1460067755.525204
110 1460067755.669225
111 1460067755.869203
116 1460067756.085201
32 1460067756.277155
104 1460067757.357320
97 1460067757.498317
108 1460067757.637140
108 1460067757.821206
111 1460067758.005218
119 1460067758.101201
32 1460067758.509240
116 1460067758.685203
104 1460067758.781118
105 1460067758.846221
115 1460067758.957124
32 1460067759.101157
103 1460067759.525410
114 1460067759.741240
111 1460067759.861225
117 1460067759.957161
110 1460067760.205159
100 1460067760.293127
46 1460067760.509223
32 1460067760.629115
84 1460067761.165158
104 1460067761.309111
101 1460067761.378528
32 1460067761.493183
98 1460067762.013166
114 1460067762.413161
97 1460067762.581104
118 1460067762.741125
101 1460067762.893103
32 1460067763.045125
109 1460067763.173261
101 1460067763.293100
110 1460067763.445096
44 1460067763.765204
32 1460067763.877134
108 1460067764.125178
105 1460067764.333096
118 1460067764.461099
105 1460067764.661107
110 1460067764.781166
103 1460067764.853085
32 1460067765.133137
97 1460067765.317081
110 1460067765.421094
100 1460067765.533149
32 1460067765.621123
100 1460067765.749103
101 1460067765.933074
97 1460067766.069084
100 1460067766.173061
44 1460067766.493108
32 1460067766.560006
119 1460067766.837114
104 1460067766.949098
111 1460067767.053000
32 1460067767.277128
115 1460067767.541115
116 1460067767.725083
114 1460067767.901130
117 1460067768.021116
103 1460067768.181140
103 1460067768.333034
108 1460067768.509106
101 1460067768.627768
100 1460067768.789116
32 1460067768.957020
104 1460067769.109079
101 1460067770.085144
114 1460067770.237110
101 1460067770.341026
44 1460067770.829114
32 1460067770.933097
104 1460067771.205140
97 1460067771.429042
118 1460067771.605037
101 1460067771.741046
32 1460067771.869030
99 1460067772.069045
111 1460067772.188988
110 1460067772.301015
115 1460067772.693106
101 1460067772.925084
99 1460067773.301121
114 1460067773.501042
97 1460067773.773013
116 1460067773.917013
101 1460067774.036974
100 1460067774.228987
32 1460067774.413100
105 1460067774.509034
116 1460067774.661116
44 1460067774.893046
32 1460067775.021096
102 1460067775.549060
97 1460067775.717030
114 1460067775.877120
32 1460067776.245113
97 1460067776.436973
98 1460067776.629013
111 1460067776.957023
118 1460067777.093061
101 1460067777.237004
32 1460067777.348966
111 1460067777.460962
117 1460067777.572994
114 1460067777.700989
32 1460067777.876949
111 1460067778.108964
8 1460067778.452974
112 1460067778.772972
111 1460067779.117083
111 1460067779.340988
114 1460067779.540984
32 1460067779.692964
112 1460067780.084970
111 1460067780.229017
119 1460067780.357023
101 1460067780.476939
114 1460067780.572942
32 1460067780.701015
116 1460067780.812921
111 1460067780.892942
32 1460067781.028965
97 1460067781.180900
100 1460067781.420989
100 1460067781.580899
32 1460067781.941014
111 1460067782.149028
114 1460067782.292940
32 1460067782.412976
100 1460067782.580924
101 1460067782.876964
116 1460067783.069008
114 1460067783.269020
97 1460067783.372895
99 1460067783.612982
116 1460067783.812905
46 1460067784.020928
32 1460067784.140911
84 1460067784.412835
104 1460067784.564895
101 1460067784.631753
32 1460067784.708926
119 1460067784.884920
111 1460067784.996935
114 1460067785.108942
108 1460067785.244940
100 1460067785.356907
32 1460067785.532936
119 1460067785.956986
105 1460067786.068980
108 1460067786.252945
108 1460067786.412899
32 1460067786.548984
108 1460067786.885010
105 1460067787.180938
116 1460067787.332930
116 1460067787.525009
108 1460067787.692924
101 1460067787.777211
32 1460067787.924972
110 1460067788.180915
111 1460067788.285646
116 1460067788.404871
101 1460067788.540987
100 1460067788.756918
44 1460067788.972875
32 1460067789.044921
8 1460067789.428948
8 1460067789.604972
8 1460067789.780943
8 1460067789.964912
44 1460067790.348934
8 1460067790.693008
101 1460067790.916864
44 1460067791.140863
32 1460067791.276845
110 1460067791.476873
111 1460067791.572859
114 1460067791.804877
32 1460067792.140962
108 1460067792.340840
111 1460067792.548888
110 1460067792.660820
103 1460067792.804947
32 1460067792.940795
114 1460067793.116838
101 1460067793.212801
109 1460067793.348850
101 1460067793.428821
109 1460067793.564861
98 1460067793.708855
101 1460067793.900866
114 1460067793.980771
32 1460067794.140857
119 1460067794.404798
104 1460067794.548783
97 1460067794.628855
116 1460067794.756869
32 1460067794.825459
119 1460067794.988851
101 1460067795.212815
32 1460067795.388817
115 1460067795.596836
97 1460067795.756830
121 1460067795.924823
32 1460067796.060916
104 1460067796.196809
101 1460067796.292839
114 1460067796.436830
101 1460067796.540803
44 1460067796.820953
32 1460067796.916807
98 1460067797.196892
117 1460067797.316864
116 1460067797.460804
32 1460067797.572835
105 1460067797.676864
116 1460067797.812853
32 1460067797.916775
99 1460067798.108825
97 1460067798.244891
110 1460067798.364811
32 1460067798.484781
110 1460067798.716789
101 1460067799.180893
118 1460067799.372760
101 1460067799.492832
114 1460067800.245484
32 1460067800.436768
102 1460067800.844950
111 1460067800.972858
114 1460067801.124925
103 1460067801.364782
101 1460067801.564785
116 1460067801.748765
32 1460067801.908780
119 1460067802.212830
104 1460067802.372754
97 1460067802.437542
116 1460067802.548813
32 1460067802.614520
116 1460067803.020777
104 1460067803.088851
101 1460067803.196817
121 1460067803.332732
32 1460067803.484882
100 1460067803.620762
105 1460067803.724743
100 1460067803.828793
32 1460067803.940827
104 1460067804.260892
101 1460067804.364775
114 1460067804.540774
101 1460067804.637792
46 1460067804.916858
32 1460067805.076834
105 1460067805.740816
116 1460067805.900733
32 1460067805.996750
105 1460067806.140705
8 1460067806.452737
8 1460067806.628730
8 1460067806.804759
8 1460067806.980715
73 1460067807.380759
116 1460067807.692756
32 1460067807.860712
105 1460067808.044724
115 1460067808.164735
32 1460067808.316723
102 1460067808.956751
111 1460067809.060747
114 1460067809.180709
32 1460067809.772771
117 1460067809.940715
115 1460067810.060723
32 1460067810.212699
116 1460067810.692692
104 1460067810.764658
101 1460067810.916766
32 1460067810.990460
108 1460067811.140697
105 1460067811.324755
118 1460067811.476664
105 1460067811.588729
110 1460067811.700679
103 1460067811.804664
44 1460067811.980718
32 1460067812.084690
114 1460067812.388758
97 1460067812.516735
116 1460067812.652759
104 1460067812.772652
101 1460067812.852656
114 1460067812.924655
44 1460067813.348701
32 1460067813.452662
116 1460067813.908963
111 1460067813.988504
32 1460067814.100609
98 1460067814.292677
101 1460067814.468710
32 1460067814.552573
100 1460067814.756681
101 1460067815.020648
100 1460067815.292688
105 1460067815.564728
99 1460067815.652596
97 1460067815.788590
116 1460067815.900624
101 1460067816.028696
100 1460067816.212625
32 1460067816.364670
104 1460067816.612654
101 1460067816.719894
114 1460067816.852621
101 1460067816.932597
32 1460067817.044682
116 1460067817.188646
111 1460067817.292654
32 1460067817.364610
116 1460067817.492620
104 1460067817.572602
101 1460067817.633709
32 1460067817.716672
117 1460067818.668726
110 1460067818.884743
102 1460067819.236632
105 1460067819.388548
110 1460067820.284624
105 1460067820.492549
115 1460067820.652598
104 1460067820.820601
101 1460067820.972749
100 1460067821.156743
32 1460067821.252613
119 1460067821.372600
111 1460067821.484578
114 1460067821.580520
107 1460067821.700613
32 1460067821.820553
119 1460067821.964546
104 1460067822.084549
105 1460067822.172537
99 1460067822.308507
104 1460067822.420660
32 1460067822.548556
116 1460067823.084638
104 1460067823.196570
101 1460067823.284533
121 1460067823.412542
32 1460067823.557432
119 1460067823.748608
104 1460067823.844608
111 1460067823.908574
32 1460067824.044667
102 1460067824.316607
111 1460067824.444721
117 1460067824.503068
103 1460067824.692564
104 1460067824.780621
116 1460067824.916532
32 1460067825.020572
104 1460067825.300663
101 1460067825.372511
114 1460067825.484542
101 1460067825.620592
32 1460067825.680300
104 1460067825.916566
97 1460067826.068552
118 1460067826.252619
101 1460067826.356516
32 1460067826.452562
116 1460067826.765150
104 1460067826.889577
117 1460067827.092544
115 1460067827.220561
32 1460067827.340519
102 1460067827.612539
97 1460067827.740519
114 1460067827.860575
32 1460067828.036522
115 1460067828.268553
111 1460067828.404571
32 1460067828.500512
110 1460067828.764520
111 1460067828.860500
98 1460067829.036520
108 1460067829.164506
121 1460067829.348532
32 1460067829.484597
97 1460067829.636573
100 1460067829.828457
118 1460067830.012483
97 1460067830.124499
110 1460067830.340632
99 1460067830.724642
101 1460067830.932672
100 1460067831.124616
46 1460067831.348491
32 1460067831.444648
105 1460067831.748639
116 1460067831.868443
32 1460067831.980440
8 1460067832.428512
8 1460067832.604481
8 1460067832.780516
73 1460067833.284940
116 1460067833.484448
32 1460067833.612513
105 1460067834.556580
115 1460067834.660449
32 1460067834.764415
114 1460067834.924458
97 1460067835.044478
116 1460067835.188458
104 1460067835.324455
101 1460067835.413573
114 1460067835.475780
32 1460067835.572446
102 1460067835.828487
111 1460067835.932417
114 1460067836.060477
32 1460067836.156543
117 1460067836.444440
115 1460067836.828461
32 1460067837.012414
116 1460067837.572449
111 1460067837.732405
32 1460067837.836411
116 1460067837.948459
8 1460067838.236449
8 1460067838.508422
32 1460067839.196469
98 1460067839.372368
101 1460067839.580545
32 1460067839.772409
104 1460067839.980425
101 1460067840.052350
114 1460067840.172452
101 1460067840.284397
32 1460067840.380384
100 1460067840.588376
101 1460067840.788357
100 1460067840.972469
105 1460067841.122372
99 1460067841.228347
97 1460067841.324282
116 1460067841.444403
101 1460067841.572397
100 1460067841.740376
32 1460067841.852411
116 1460067841.996473
111 1460067842.092429
32 1460067842.156368
116 1460067842.236324
104 1460067842.300365
101 1460067842.404368
32 1460067842.468437
103 1460067842.756409
114 1460067842.932388
101 1460067843.020491
97 1460067843.156450
116 1460067843.260382
32 1460067843.372483
116 1460067843.660385
97 1460067843.788406
115 1460067844.020385
107 1460067844.148377
32 1460067844.572440
114 1460067844.892403
101 1460067845.028389
109 1460067845.140390
97 1460067845.324361
105 1460067845.436387
110 1460067845.564422
105 1460067845.692363
110 1460067845.788356
103 1460067846.004742
32 1460067846.156362
98 1460067846.724366
101 1460067846.916301
102 1460067847.124379
111 1460067847.284367
114 1460067847.364333
101 1460067847.452318
32 1460067847.580353
117 1460067848.229017
115 1460067848.346888
45 1460067849.316491
116 1460067849.748426
104 1460067849.908325
97 1460067849.972316
116 1460067850.052400
32 1460067850.188250
102 1460067850.868724
114 1460067851.068238
111 1460067851.159479
109 1460067851.292245
32 1460067851.364269
116 1460067851.492274
104 1460067851.620270
101 1460067851.684408
115 1460067851.844238
101 1460067851.956380
32 1460067852.484379
104 1460067852.756362
111 1460067852.860290
110 1460067853.116318
111 1460067853.212241
114 1460067853.492279
101 1460067853.604286
100 1460067853.804297
32 1460067853.932278
100 1460067854.284276
101 1460067854.500261
97 1460067854.596235
100 1460067854.748216
32 1460067854.948222
119 1460067855.132327
101 1460067855.308355
32 1460067855.436265
116 1460067855.548254
97 1460067855.692259
107 1460067855.844305
101 1460067855.932249
32 1460067856.076238
105 1460067856.372263
110 1460067856.476241
99 1460067856.604191
114 1460067856.796213
101 1460067856.891804
97 1460067857.012188
115 1460067857.252236
101 1460067857.436181
100 1460067857.612211
32 1460067857.748206
100 1460067858.140252
101 1460067858.372203
118 1460067858.572222
105 1460067858.780156
8 1460067859.196266
111 1460067859.436191
116 1460067859.676210
105 1460067859.844227
111 1460067859.916176
110 1460067859.996177
32 1460067860.236273
116 1460067860.492234
111 1460067860.571268
32 1460067860.660189
116 1460067860.772236
104 1460067860.884140
97 1460067860.948138
116 1460067861.076228
32 1460067861.141673
99 1460067861.484196
97 1460067861.668174
117 1460067861.804229
115 1460067861.900146
101 1460067862.036133
32 1460067862.612235
102 1460067862.852204
111 1460067862.972188
114 1460067863.068221
32 1460067863.172184
119 1460067863.756227
104 1460067863.844171
105 1460067863.948152
99 1460067864.092243
104 1460067864.171398
32 1460067864.340208
116 1460067864.708270
104 1460067864.844109
101 1460067864.956161
121 1460067865.092227
32 1460067865.220214
103 1460067865.396119
97 1460067865.492467
118 1460067865.660162
101 1460067865.796172
32 1460067865.900140
116 1460067866.028233
104 1460067866.180155
101 1460067866.260082
32 1460067866.428098
108 1460067866.676187
97 1460067866.788151
115 1460067866.980151
116 1460067867.628196
32 1460067867.884136
102 1460067868.084128
117 1460067868.188194
108 1460067868.548168
108 1460067868.764115
32 1460067869.044154
109 1460067869.196143
101 1460067869.460143
97 1460067869.788160
115 1460067870.004132
117 1460067870.228237
114 1460067870.348155
101 1460067870.436086
32 1460067870.532164
111 1460067870.668075
102 1460067870.852093
32 1460067870.946856
100 1460067871.596227
101 1460067871.796196
118 1460067872.468181
105 1460067872.572042
8 1460067873.140135
111 1460067873.340076
116 1460067873.484126
105 1460067873.628098
111 1460067873.700035
110 1460067873.796066
45 1460067874.868152
116 1460067875.068069
104 1460067875.204140
97 1460067875.276071
116 1460067875.356003
32 1460067875.460049
119 1460067875.812094
101 1460067875.972206
32 1460067876.113883
104 1460067876.260060
101 1460067876.548036
114 1460067876.700064
101 1460067876.780037
32 1460067876.924108
104 1460067877.084058
105 1460067877.172071
103 1460067877.308055
104 1460067877.398102
108 1460067877.780135
121 1460067877.972060
32 1460067878.132045
114 1460067878.460137
101 1460067878.548046
115 1460067878.716037
111 1460067878.836033
108 1460067879.036047
118 1460067879.124035
101 1460067879.244006
32 1460067879.364028
116 1460067880.460147
104 1460067880.532004
97 1460067880.596010
116 1460067880.708020
32 1460067880.788027
116 1460067880.980040
104 1460067881.076189
101 1460067881.163969
115 1460067881.331995
101 1460067881.427980
32 1460067881.756006
100 1460067881.955945
101 1460067882.147990
97 1460067882.315949
100 1460067882.411926
32 1460067882.595978
115 1460067882.948003
104 1460067883.067961
97 1460067883.163694
108 1460067883.315948
108 1460067883.475979
32 1460067883.619980
110 1460067883.763927
111 1460067883.831563
116 1460067883.947937
32 1460067884.059975
104 1460067884.211970
97 1460067884.299943
118 1460067884.443946
101 1460067884.539943
32 1460067884.635954
100 1460067884.779964
105 1460067884.915946
100 1460067885.011890
105 1460067885.147950
8 1460067885.579966
8 1460067885.747915
101 1460067885.987947
100 1460067886.163928
32 1460067886.267917
105 1460067886.435947
110 1460067886.540046
32 1460067886.659908
118 1460067886.964002
97 1460067887.067992
105 1460067887.228103
110 1460067887.347948
45 1460067888.404032
32 1460067888.563925
116 1460067888.763983
104 1460067888.907927
97 1460067889.028509
116 1460067889.107676
8 1460067889.267995
8 1460067889.427966
8 1460067889.603900
8 1460067889.771892
8 1460067889.947896
116 1460067890.363961
104 1460067890.491918
97 1460067890.555901
116 1460067890.651877
32 1460067890.730795
116 1460067891.019976
104 1460067891.079815
105 1460067891.147903
115 1460067891.243944
32 1460067891.347882
110 1460067891.619981
97 1460067891.699908
116 1460067891.827895
105 1460067891.890737
111 1460067891.995907
110 1460067892.080249
44 1460067892.459932
32 1460067892.558012
117 1460067892.819928
110 1460067893.027875
100 1460067893.091256
101 1460067893.251949
114 1460067893.387897
32 1460067893.478040
71 1460067893.851890
111 1460067894.027892
100 1460067894.163918
44 1460067894.387889
32 1460067894.547911
115 1460067895.276261
104 1460067895.403896
97 1460067895.483802
108 1460067895.651911
108 1460067895.811930
32 1460067896.027895
104 1460067896.795949
97 1460067896.867839
118 1460067897.011801
101 1460067897.123956
32 1460067897.243844
97 1460067897.331862
32 1460067897.419823
110 1460067897.611934
101 1460067897.676225
119 1460067897.755889
32 1460067897.915850
98 1460067898.251909
105 1460067898.515940
114 1460067898.619835
116 1460067898.819895
104 1460067898.886760
32 1460067899.027920
111 1460067899.123861
102 1460067899.267902
32 1460067899.333955
102 1460067899.723883
114 1460067899.931877
101 1460067900.083921
101 1460067900.283886
100 1460067900.483816
111 1460067900.603913
109 1460067900.747864
45 1460067901.235932
97 1460067901.563932
110 1460067901.707834
100 1460067901.827818
32 1460067901.955803
116 1460067902.187826
104 1460067902.291804
97 1460067902.356851
116 1460067902.467821
32 1460067902.533598
103 1460067903.147882
111 1460067903.235826
118 1460067903.419820
101 1460067903.579854
114 1460067903.723904
110 1460067903.899799
109 1460067904.163850
101 1460067904.267875
110 1460067904.403807
116 1460067904.470837
32 1460067904.587769
111 1460067904.859884
102 1460067904.963777
32 1460067905.035808
116 1460067905.155846
104 1460067905.222291
101 1460067905.287513
32 1460067905.355926
112 1460067905.995942
101 1460067906.219779
111 1460067906.331809
112 1460067906.411783
108 1460067906.707870
101 1460067906.843815
44 1460067907.051811
32 1460067907.171782
98 1460067907.475796
121 1460067907.587718
32 1460067907.731760
116 1460067907.835746
104 1460067907.915781
101 1460067908.011751
32 1460067908.083778
112 1460067908.467822
101 1460067908.619807
111 1460067908.723739
112 1460067908.811790
108 1460067909.059821
101 1460067909.187782
44 1460067909.411744
32 1460067909.571843
102 1460067910.547771
111 1460067910.627748
114 1460067910.723717
32 1460067910.811741
116 1460067910.915724
104 1460067911.035755
101 1460067911.123295
32 1460067911.195762
112 1460067911.731808
111 1460067911.987789
101 1460067912.107808
8 1460067912.579801
8 1460067912.755760
101 1460067913.027703
111 1460067913.147714
112 1460067913.275787
108 1460067913.515744
101 1460067913.619697
44 1460067913.852076
32 1460067913.995757
115 1460067914.267795
104 1460067914.387652
97 1460067914.467664
108 1460067914.627760
108 1460067914.795690
32 1460067914.899771
110 1460067915.091668
111 1460067915.153714
116 1460067915.227683
32 1460067915.371718
112 1460067915.843705
101 1460067915.915645
114 1460067916.027681
105 1460067916.195767
115 1460067916.331719
104 1460067916.443682
32 1460067916.619707
102 1460067916.859683
114 1460067917.051672
111 1460067917.112585
109 1460067917.243663
32 1460067917.307707
116 1460067917.387665
104 1460067917.539719
101 1460067917.631022
32 1460067917.723612
101 1460067918.131775
97 1460067918.267837
114 1460067918.379662
116 1460067918.603668
104 1460067918.691740
46 1460067919.099826
10 1460067919.483999
