70 1454967258.100867
111 1454967258.269049
117 1454967258.356847
114 1454967258.540958
32 1454967258.780918
115 1454967259.012963
99 1454967259.236902
111 1454967259.452980
114 1454967259.572907
101 1454967259.676922
32 1454967259.796848
97 1454967259.948912
110 1454967260.116889
100 1454967260.180788
32 1454967260.341046
115 1454967260.484893
101 1454967260.636977
118 1454967260.908941
101 1454967261.108949
110 1454967261.268901
32 1454967261.429024
121 1454967261.660942
101 1454967262.004882
97 1454967262.172780
114 1454967262.316853
115 1454967262.500876
32 1454967262.636827
97 1454967262.804866
103 1454967262.988892
111 1454967263.124814
32 1454967263.500861
111 1454967263.700893
117 1454967263.804894
114 1454967264.004832
32 1454967264.196798
102 1454967264.404862
97 1454967264.564845
116 1454967264.788840
101 1454967264.988847
8 1454967265.676850
104 1454967266.012921
101 1454967266.204812
114 1454967266.340842
115 1454967266.524947
32 1454967266.708816
98 1454967267.268900
114 1454967267.524871
111 1454967267.676896
117 1454967267.804828
103 1454967267.956812
104 1454967268.076832
116 1454967268.180819
32 1454967268.340837
102 1454967268.564806
111 1454967268.684755
114 1454967268.812844
116 1454967269.036849
104 1454967269.188785
32 1454967269.396799
111 1454967269.732788
110 1454967269.924995
32 1454967270.124876
116 1454967270.316795
104 1454967270.396774
105 1454967270.596776
115 1454967270.852780
32 1454967271.116815
99 1454967271.396771
111 1454967271.500788
110 1454967271.708810
116 1454967271.884838
105 1454967272.020840
110 1454967272.380770
101 1454967272.596775
110 1454967272.836819
116 1454967272.996796
32 1454967273.236748
97 1454967273.396688
32 1454967273.588771
110 1454967273.964767
101 1454967274.084700
119 1454967274.236689
32 1454967274.388980
110 1454967274.676761
97 1454967274.796861
116 1454967275.004923
105 1454967275.284749
111 1454967275.516729
110 1454967275.780727
44 1454967276.100653
32 1454967276.404669
99 1454967276.836734
111 1454967276.988719
110 1454967277.188673
99 1454967278.156772
101 1454967278.492711
105 1454967278.684680
118 1454967278.940737
101 1454967279.148687
100 1454967279.388720
32 1454967279.516724
105 1454967279.716694
110 1454967279.916704
32 1454967280.132702
108 1454967280.460658
111 1454967280.724720
98 1454967280.948726
8 1454967281.444710
8 1454967281.620705
105 1454967282.372669
98 1454967282.580716
101 1454967282.820648
114 1454967282.932642
116 1454967283.164656
121 1454967283.356747
44 1454967283.916652
32 1454967284.228700
97 1454967284.380822
110 1454967284.532653
100 1454967284.596679
32 1454967284.740729
100 1454967284.980833
101 1454967285.180639
100 1454967286.100586
105 1454967286.444637
99 1454967286.644620
97 1454967286.796591
116 1454967286.996602
101 1454967287.164668
100 1454967287.372638
32 1454967287.524689
116 1454967287.844636
111 1454967287.980668
32 1454967288.580614
116 1454967288.796813
104 1454967288.956585
101 1454967289.116673
32 1454967289.404693
112 1454967289.844647
114 1454967290.052614
111 1454967290.188570
112 1454967290.436564
111 1454967291.276626
115 1454967291.476559
105 1454967291.732619
116 1454967291.956571
105 1454967292.076667
111 1454967292.572594
110 1454967292.940603
32 1454967293.316608
116 1454967293.508571
104 1454967293.588561
97 1454967293.668592
116 1454967293.804577
32 1454967293.956590
97 1454967294.164585
108 1454967294.316567
108 1454967294.532588
32 1454967294.836579
109 1454967294.996597
101 1454967296.268541
110 1454967296.484548
32 1454967296.692648
97 1454967296.860522
114 1454967297.220667
101 1454967297.364555
32 1454967297.508566
99 1454967297.748543
114 1454967298.044510
101 1454967298.172513
97 1454967298.276539
116 1454967298.444597
101 1454967298.588595
100 1454967298.796499
32 1454967298.900483
101 1454967299.396908
113 1454967299.620510
97 1454967299.868587
8 1454967300.404602
117 1454967300.684505
97 1454967300.860631
108 1454967301.076491
46 1454967301.716554
10 1454967302.428470
10 1454967303.004516
78 1454967304.132423
111 1454967304.484504
119 1454967304.644601
32 1454967305.292445
119 1454967305.588479
101 1454967305.748379
32 1454967305.908434
97 1454967306.108500
114 1454967306.244493
101 1454967306.388444
32 1454967306.524496
101 1454967306.940467
110 1454967307.092443
103 1454967307.412394
97 1454967307.580543
103 1454967307.716431
101 1454967307.908423
100 1454967308.140409
32 1454967308.268461
105 1454967308.484458
110 1454967308.692432
32 1454967308.820445
97 1454967308.996422
32 1454967309.180447
103 1454967309.804402
114 1454967310.036448
101 1454967310.196300
97 1454967310.284421
116 1454967310.420404
32 1454967310.588416
99 1454967310.852429
105 1454967311.044393
118 1454967311.228402
105 1454967311.404548
108 1454967311.788387
32 1454967312.124419
119 1454967312.316411
97 1454967312.452387
114 1454967312.596397
44 1454967312.852413
32 1454967313.132336
116 1454967313.444335
101 1454967313.660373
115 1454967313.852391
116 1454967313.972419
105 1454967314.188336
110 1454967314.372386
103 1454967314.500350
32 1454967314.700374
119 1454967315.020473
104 1454967315.564402
101 1454967315.676470
116 1454967315.844554
101 1454967316.028303
104 1454967316.028466
114 1454967316.140340
32 1454967316.308307
8 1454967316.700291
8 1454967316.892376
8 1454967317.044327
8 1454967317.532347
104 1454967317.820366
101 1454967318.012563
114 1454967318.148463
32 1454967318.404313
111 1454967318.596306
8 1454967319.068381
116 1454967319.324401
104 1454967319.452433
97 1454967319.516328
116 1454967319.636333
32 1454967319.804453
110 1454967320.036419
97 1454967320.116285
116 1454967320.268360
117 1454967320.484341
105 1454967320.484490
8 1454967320.932388
61 1454967321.236273
8 1454967321.644293
8 1454967321.820524
105 1454967322.684318
111 1454967322.876280
110 1454967323.060334
44 1454967323.748416
32 1454967324.044276
111 1454967324.220272
114 1454967324.412261
32 1454967324.580346
97 1454967324.804318
110 1454967324.972318
121 1454967325.204365
32 1454967325.484399
110 1454967325.772295
97 1454967325.884337
116 1454967326.060271
105 1454967326.748252
111 1454967326.980281
110 1454967327.228341
32 1454967327.716233
115 1454967327.908262
111 1454967328.036263
32 1454967328.220244
99 1454967328.460237
110 1454967329.764251
8 1454967330.308273
101 1454967330.604253
8 1454967331.076223
111 1454967331.404233
110 1454967331.732337
99 1454967332.228243
101 1454967332.428198
105 1454967332.628306
118 1454967332.852187
101 1454967333.188217
100 1454967333.412187
32 1454967333.540377
97 1454967333.740173
110 1454967333.900258
100 1454967333.988157
32 1454967334.124158
115 1454967334.380155
111 1454967334.548202
32 1454967334.668199
100 1454967334.988191
101 1454967335.292212
100 1454967335.676229
105 1454967335.932152
99 1454967336.108177
97 1454967336.244147
116 1454967336.452110
101 1454967336.628156
100 1454967336.844141
44 1454967337.060134
32 1454967337.244202
99 1454967337.460228
97 1454967337.596204
110 1454967337.796155
32 1454967337.940145
108 1454967338.268176
111 1454967338.500151
110 1454967338.732352
103 1454967338.868105
32 1454967339.084218
101 1454967339.444209
110 1454967339.620163
100 1454967339.860168
117 1454967340.036151
114 1454967340.236096
101 1454967340.380131
46 1454967340.548139
32 1454967340.796381
87 1454967341.260143
101 1454967341.420199
32 1454967341.628155
97 1454967341.836108
114 1454967341.940110
101 1454967342.044147
32 1454967342.188205
109 1454967342.412101
101 1454967342.500248
116 1454967342.732124
32 1454967342.900098
111 1454967343.084068
110 1454967343.292051
32 1454967343.460098
97 1454967343.604115
32 1454967343.756103
103 1454967344.012145
114 1454967344.268065
101 1454967344.404128
97 1454967344.516061
116 1454967344.700130
32 1454967345.204140
98 1454967345.532133
97 1454967345.804111
116 1454967346.052121
116 1454967346.236094
108 1454967346.404051
101 1454967346.580094
102 1454967347.012097
105 1454967347.228097
101 1454967347.396049
108 1454967347.580057
100 1454967347.732092
32 1454967347.940039
111 1454967348.148080
102 1454967348.252126
32 1454967348.388114
116 1454967348.628059
104 1454967348.732037
97 1454967348.780134
116 1454967348.900074
32 1454967349.036092
119 1454967349.276042
97 1454967349.460016
114 1454967349.620102
46 1454967349.916069
32 1454967350.164190
87 1454967350.644042
101 1454967350.820041
32 1454967351.068043
104 1454967351.748004
97 1454967351.844004
118 1454967352.052003
101 1454967352.252066
32 1454967352.380105
99 1454967352.604052
111 1454967352.708011
109 1454967352.899952
101 1454967352.996029
32 1454967353.132126
116 1454967353.356024
111 1454967353.483988
32 1454967353.676051
100 1454967353.932040
105 1454967354.083975
100 1454967354.276107
8 1454967354.692014
8 1454967354.868025
101 1454967355.163989
100 1454967355.403971
105 1454967355.572037
99 1454967355.772027
97 1454967355.900034
116 1454967356.268013
101 1454967356.516006
32 1454967356.691987
97 1454967356.915966
32 1454967357.108038
112 1454967357.452005
111 1454967357.651957
114 1454967357.803939
116 1454967358.028066
105 1454967358.131890
111 1454967358.355953
110 1454967358.572083
32 1454967358.795978
111 1454967359.187958
102 1454967359.324133
32 1454967359.459978
116 1454967359.644004
104 1454967359.740002
97 1454967359.787956
116 1454967359.915991
32 1454967360.043951
102 1454967360.307951
105 1454967360.420044
101 1454967360.595938
108 1454967360.851982
100 1454967361.044130
44 1454967361.491915
32 1454967361.699947
97 1454967361.875939
115 1454967362.035935
32 1454967362.220051
97 1454967362.772137
32 1454967363.131923
102 1454967363.483950
105 1454967363.611938
110 1454967363.827893
97 1454967363.947939
108 1454967364.123951
32 1454967364.339929
114 1454967364.571914
101 1454967364.707917
115 1454967364.979891
116 1454967365.507983
105 1454967365.755883
110 1454967365.979916
103 1454967366.107809
32 1454967366.355877
112 1454967366.523951
108 1454967366.748071
97 1454967366.859829
99 1454967367.075878
101 1454967367.259875
32 1454967367.347830
102 1454967367.595934
111 1454967367.715959
114 1454967367.867873
32 1454967368.043848
116 1454967368.235909
104 1454967368.339911
111 1454967368.555862
115 1454967368.587849
101 1454967368.819893
32 1454967368.955834
119 1454967369.171797
111 1454967369.435969
8 1454967369.867873
104 1454967370.163922
111 1454967370.403952
32 1454967370.851840
104 1454967371.227890
101 1454967371.315979
114 1454967371.499923
101 1454967371.636098
32 1454967371.891954
104 1454967372.123828
8 1454967372.539806
103 1454967372.787833
97 1454967372.947803
118 1454967373.107786
101 1454967373.323845
32 1454967373.435841
116 1454967373.707864
104 1454967373.843810
101 1454967373.955880
105 1454967374.171874
114 1454967374.363962
32 1454967374.571849
108 1454967374.731825
105 1454967374.947828
118 1454967375.043826
101 1454967375.259808
115 1454967375.435772
32 1454967375.579923
116 1454967375.747868
97 1454967375.899744
104 1454967375.899979
116 1454967376.035803
32 1454967376.187845
8 1454967376.571805
8 1454967376.755796
8 1454967376.915834
8 1454967377.051786
104 1454967377.371807
97 1454967377.515715
116 1454967377.675809
32 1454967377.859985
116 1454967378.027912
104 1454967378.107712
105 1454967378.259764
115 1454967378.355721
32 1454967378.483760
8 1454967378.859903
8 1454967379.043834
8 1454967379.171753
97 1454967379.467886
116 1454967379.667786
32 1454967379.843716
116 1454967380.019716
8 1454967380.491753
110 1454967381.387750
97 1454967381.955762
116 1454967382.131739
105 1454967382.267730
111 1454967382.459744
110 1454967382.635759
32 1454967382.803729
109 1454967382.963742
105 1454967383.147731
103 1454967383.283709
104 1454967383.411751
116 1454967383.523730
32 1454967383.683684
108 1454967383.875771
111 1454967384.091747
118 1454967384.243745
101 1454967384.483811
8 1454967384.787719
8 1454967384.955670
8 1454967385.107638
105 1454967385.739710
118 1454967385.899747
101 1454967386.099641
46 1454967386.299695
32 1454967386.779678
73 1454967387.499673
116 1454967387.731670
32 1454967388.027717
105 1454967388.219702
115 1454967388.387656
32 1454967388.499679
97 1454967388.707793
108 1454967388.843649
116 1454967389.291716
111 1454967389.491710
103 1454967389.659683
101 1454967389.883768
116 1454967390.107732
104 1454967390.315663
101 1454967390.395641
114 1454967390.499672
32 1454967390.707758
102 1454967391.099679
105 1454967391.299623
116 1454967391.491655
116 1454967391.691711
105 1454967392.131650
110 1454967392.459640
103 1454967392.619682
32 1454967392.787597
97 1454967393.179707
110 1454967393.331727
100 1454967393.427544
32 1454967393.555587
112 1454967393.771694
114 1454967393.979614
111 1454967394.099573
112 1454967394.339577
101 1454967394.539637
114 1454967394.667700
32 1454967394.851620
116 1454967395.075747
104 1454967395.195658
97 1454967395.219620
116 1454967395.331645
32 1454967395.475614
119 1454967395.643614
101 1454967395.787621
32 1454967395.915613
115 1454967396.131597
104 1454967396.259763
111 1454967396.451561
117 1454967396.539631
108 1454967396.739602
100 1454967396.851552
32 1454967396.987571
100 1454967397.283626
111 1454967397.427578
32 1454967397.587600
116 1454967397.811574
104 1454967397.923578
105 1454967398.195589
115 1454967398.355739
46 1454967398.675708
10 1454967399.195597
10 1454967399.635588
66 1454967400.635574
117 1454967400.891653
116 1454967401.083600
32 1454967401.739542
8 1454967402.379667
44 1454967402.755494
32 1454967403.115483
105 1454967403.299549
110 1454967403.539524
32 1454967404.819496
97 1454967405.075497
32 1454967405.275579
108 1454967405.635524
97 1454967405.915538
114 1454967406.075503
103 1454967406.331523
101 1454967406.499515
114 1454967406.675549
32 1454967406.891676
115 1454967407.091580
101 1454967407.259514
110 1454967407.443516
115 1454967407.515560
101 1454967407.643447
44 1454967407.891491
32 1454967408.099575
119 1454967408.371516
101 1454967408.555451
32 1454967408.659476
99 1454967408.939460
97 1454967409.075518
110 1454967409.227490
32 1454967409.339541
110 1454967410.155491
111 1454967410.387432
116 1454967410.499599
32 1454967410.643446
100 1454967410.859437
101 1454967411.083446
100 1454967411.331486
105 1454967411.603457
99 1454967411.763483
97 1454967411.899471
116 1454967412.091536
101 1454967412.315500
44 1454967412.691481
32 1454967412.995424
119 1454967413.323573
101 1454967413.523457
32 1454967413.747518
99 1454967414.115507
97 1454967414.451507
110 1454967414.611446
32 1454967414.787448
110 1454967414.955468
111 1454967415.155397
116 1454967415.339401
32 1454967415.555617
99 1454967415.939373
111 1454967416.059353
110 1454967416.267500
115 1454967416.403406
101 1454967416.579409
99 1454967417.947373
114 1454967418.299404
97 1454967418.835422
116 1454967418.947345
101 1454967419.123425
44 1454967419.443435
32 1454967419.659389
119 1454967420.027362
101 1454967420.219365
32 1454967420.355383
99 1454967420.619346
97 1454967420.747400
110 1454967421.011374
110 1454967421.211373
8 1454967421.683354
32 1454967422.419313
110 1454967422.627399
111 1454967422.899309
116 1454967423.115418
32 1454967423.371434
104 1454967423.915311
97 1454967424.635314
108 1454967425.043363
108 1454967425.211336
111 1454967425.411332
119 1454967425.563332
32 1454967425.787352
116 1454967426.051331
104 1454967426.107303
105 1454967426.379319
115 1454967426.515383
32 1454967426.699325
103 1454967427.011349
114 1454967427.259290
111 1454967427.419338
117 1454967427.539287
110 1454967427.803293
100 1454967428.147336
46 1454967428.419263
32 1454967428.811325
84 1454967429.403224
104 1454967429.603307
101 1454967429.715402
32 1454967429.859236
98 1454967430.131280
114 1454967430.451276
97 1454967430.635349
118 1454967430.931342
101 1454967431.123262
32 1454967431.267226
109 1454967431.451306
101 1454967431.555251
110 1454967431.723284
44 1454967431.947322
32 1454967432.147244
108 1454967432.411239
118 1454967433.507320
8 1454967433.939235
105 1454967434.211315
118 1454967434.483211
105 1454967434.627270
110 1454967435.107150
103 1454967435.347352
32 1454967435.483285
97 1454967435.635366
110 1454967435.827209
100 1454967435.947205
32 1454967436.011221
100 1454967436.227277
101 1454967436.411229
97 1454967436.547199
100 1454967436.747177
44 1454967436.963194
32 1454967437.171295
119 1454967437.563326
104 1454967437.683177
111 1454967437.875177
32 1454967438.067209
115 1454967438.443351
116 1454967439.475176
114 1454967439.699147
117 1454967439.859150
103 1454967440.027187
103 1454967440.195258
108 1454967440.355273
101 1454967440.467167
100 1454967440.691281
32 1454967441.491177
104 1454967441.691226
101 1454967441.779180
114 1454967441.907265
101 1454967441.995177
44 1454967442.299221
32 1454967442.491328
104 1454967442.843285
97 1454967442.963236
118 1454967443.147229
101 1454967443.339174
32 1454967443.451300
99 1454967443.979130
111 1454967444.531273
110 1454967444.779180
115 1454967444.907231
101 1454967445.163164
99 1454967445.539120
114 1454967445.851265
97 1454967446.211147
116 1454967446.379152
101 1454967446.563227
100 1454967446.795130
32 1454967446.939098
105 1454967447.131109
116 1454967447.307271
44 1454967447.483116
32 1454967447.715156
102 1454967448.067146
97 1454967448.251110
114 1454967448.443187
101 1454967448.571173
8 1454967449.195116
32 1454967449.467092
97 1454967449.659066
98 1454967450.099087
111 1454967450.315094
105 1454967450.811136
8 1454967451.339111
118 1454967451.563047
101 1454967451.771148
32 1454967451.939114
111 1454967452.091083
117 1454967452.187078
114 1454967452.355107
32 1454967452.483169
112 1454967452.699161
111 1454967452.995039
111 1454967453.163100
114 1454967453.411129
32 1454967453.627060
112 1454967453.987035
111 1454967454.635057
119 1454967454.875060
101 1454967455.035282
114 1454967455.187178
32 1454967455.379018
116 1454967455.627193
111 1454967455.755043
32 1454967455.867114
97 1454967456.027074
100 1454967456.299017
100 1454967456.459019
32 1454967456.707126
111 1454967456.907150
114 1454967457.075014
32 1454967457.219066
100 1454967457.611030
101 1454967457.851002
116 1454967458.091092
114 1454967458.307050
97 1454967458.515001
99 1454967458.715027
116 1454967458.970984
46 1454967459.347046
32 1454967459.794987
84 1454967460.243080
104 1454967460.451004
101 1454967460.571008
114 1454967460.771057
8 1454967461.178908
32 1454967461.483025
119 1454967461.675034
111 1454967461.819154
114 1454967461.979020
108 1454967462.171022
100 1454967462.323059
32 1454967462.570973
119 1454967462.851122
105 1454967462.970993
108 1454967463.210950
108 1454967463.370997
32 1454967464.435000
108 1454967465.426967
105 1454967465.650948
116 1454967465.850984
116 1454967466.034971
108 1454967466.298896
101 1454967466.491097
32 1454967466.667094
110 1454967466.898947
111 1454967467.098925
116 1454967467.258965
101 1454967467.442934
44 1454967467.842911
32 1454967468.066927
110 1454967468.274981
111 1454967468.474904
114 1454967468.674938
32 1454967468.851103
108 1454967469.050921
111 1454967469.250945
110 1454967469.482941
103 1454967469.650885
32 1454967469.802953
114 1454967470.466905
101 1454967470.618862
109 1454967470.826916
101 1454967470.955048
109 1454967471.138904
98 1454967472.370945
101 1454967472.594896
114 1454967472.970874
32 1454967473.362893
119 1454967473.530876
104 1454967473.674873
97 1454967473.706903
116 1454967473.890866
32 1454967474.042876
119 1454967474.258917
101 1454967474.394899
32 1454967474.562903
115 1454967474.786895
97 1454967474.946840
121 1454967475.762884
32 1454967475.962892
104 1454967476.234930
101 1454967476.466812
114 1454967476.610835
101 1454967476.714849
44 1454967477.050824
32 1454967477.242895
98 1454967477.634797
117 1454967477.754864
116 1454967477.978756
32 1454967478.154941
105 1454967478.330809
116 1454967478.490811
32 1454967478.626843
99 1454967478.851071
97 1454967479.010808
110 1454967479.250852
32 1454967479.482845
110 1454967479.682828
101 1454967479.962818
118 1454967480.226768
101 1454967480.402749
114 1454967480.562805
32 1454967480.706845
102 1454967480.922810
111 1454967481.018779
114 1454967481.162807
103 1454967481.418779
101 1454967481.586798
116 1454967481.874904
32 1454967482.090783
119 1454967482.298788
104 1454967482.482792
97 1454967482.538849
116 1454967482.682817
32 1454967482.898742
116 1454967483.130786
104 1454967483.290886
101 1454967483.346782
121 1454967483.586862
32 1454967483.778780
100 1454967484.002707
105 1454967484.146784
100 1454967484.274767
32 1454967484.474763
104 1454967484.738882
101 1454967484.794808
114 1454967484.914720
101 1454967484.994878
46 1454967485.338768
32 1454967485.634868
73 1454967486.202759
116 1454967486.418738
32 1454967486.666885
105 1454967486.850785
115 1454967486.994755
32 1454967487.154757
102 1454967487.474783
111 1454967487.594741
114 1454967487.754731
32 1454967487.890834
117 1454967488.298780
115 1454967488.450735
32 1454967488.586721
116 1454967488.762790
104 1454967488.874814
101 1454967488.962735
32 1454967489.082721
108 1454967489.226687
105 1454967489.426835
118 1454967489.602700
105 1454967489.730801
110 1454967489.978683
103 1454967490.314694
44 1454967490.554724
32 1454967490.874735
114 1454967491.250765
97 1454967491.410727
116 1454967491.618665
104 1454967491.778720
101 1454967491.898658
114 1454967491.970695
44 1454967492.362896
32 1454967492.562691
116 1454967493.162728
111 1454967493.306686
32 1454967493.434669
98 1454967493.698670
101 1454967493.962697
32 1454967494.194752
100 1454967494.458653
101 1454967494.658674
100 1454967494.882722
105 1454967495.122652
99 1454967495.298658
97 1454967495.418685
116 1454967495.658670
101 1454967495.818701
100 1454967496.042649
32 1454967496.186671
104 1454967496.426657
101 1454967496.546683
114 1454967496.674645
101 1454967496.754633
32 1454967496.962664
116 1454967497.242696
111 1454967497.362629
32 1454967497.522619
116 1454967497.690602
104 1454967497.818680
101 1454967497.890629
32 1454967498.018653
117 1454967498.602647
110 1454967498.810691
102 1454967499.186563
105 1454967499.306667
110 1454967499.490608
105 1454967499.658708
115 1454967500.090795
104 1454967500.298624
101 1454967500.434726
100 1454967500.690605
32 1454967500.938602
119 1454967501.154691
111 1454967501.282774
114 1454967501.450667
107 1454967501.610585
32 1454967502.130654
119 1454967502.362604
104 1454967502.530672
97 1454967502.698593
8 1454967503.130581
105 1454967503.570581
99 1454967503.850543
104 1454967504.002573
32 1454967504.402503
116 1454967504.682616
104 1454967504.850583
101 1454967504.930602
121 1454967505.170546
32 1454967505.378811
119 1454967505.554556
104 1454967506.186557
111 1454967506.402539
32 1454967506.626558
102 1454967506.922569
111 1454967507.010548
117 1454967507.218652
103 1454967507.370540
104 1454967507.514574
116 1454967507.698575
32 1454967507.922592
104 1454967508.194581
101 1454967508.306496
114 1454967508.394545
101 1454967508.498548
32 1454967508.778644
104 1454967509.066558
97 1454967509.154554
118 1454967509.338541
101 1454967509.506571
32 1454967509.642524
116 1454967509.850554
104 1454967509.962658
117 1454967510.170557
115 1454967510.330556
32 1454967510.490532
102 1454967510.826518
97 1454967511.002571
114 1454967511.210479
32 1454967511.386552
115 1454967511.642578
111 1454967511.762490
32 1454967512.314517
110 1454967512.954520
111 1454967513.170494
98 1454967513.362546
108 1454967513.498480
121 1454967513.730490
32 1454967514.026534
97 1454967514.602453
100 1454967514.810486
118 1454967519.450521
97 1454967519.634650
110 1454967519.834438
99 1454967520.018427
101 1454967520.226428
100 1454967520.482413
46 1454967520.738429
32 1454967520.994575
73 1454967521.578463
116 1454967521.866508
32 1454967522.050427
105 1454967522.786373
115 1454967522.914439
32 1454967523.090478
114 1454967523.458357
97 1454967523.658360
116 1454967523.874531
104 1454967524.082562
101 1454967524.138408
114 1454967524.266381
32 1454967524.450430
102 1454967524.866376
111 1454967525.186370
114 1454967525.362364
32 1454967525.538363
117 1454967525.978378
115 1454967526.194366
32 1454967526.410355
116 1454967526.778366
111 1454967526.890324
32 1454967527.026333
98 1454967527.530403
101 1454967527.786357
32 1454967527.978407
104 1454967528.202393
101 1454967528.242378
114 1454967528.346334
101 1454967528.458341
32 1454967528.674389
100 1454967529.066355
101 1454967529.298385
100 1454967529.562314
105 1454967529.850346
99 1454967530.002359
97 1454967530.122388
116 1454967530.306318
101 1454967530.450327
100 1454967530.650337
32 1454967530.802350
116 1454967530.994394
111 1454967531.098375
32 1454967531.258345
116 1454967531.442344
104 1454967531.506350
101 1454967531.674387
32 1454967531.810292
103 1454967532.034361
114 1454967532.250317
101 1454967532.386329
97 1454967532.522283
116 1454967532.682324
32 1454967533.026381
100 1454967533.242303
8 1454967533.818286
116 1454967534.058398
97 1454967534.194270
115 1454967534.386293
107 1454967534.778297
32 1454967535.082337
114 1454967535.346288
101 1454967535.522327
109 1454967535.674363
97 1454967535.882262
105 1454967536.034307
110 1454967536.226284
105 1454967536.362309
110 1454967536.498317
103 1454967536.706295
32 1454967536.890296
98 1454967537.242354
101 1454967537.482247
102 1454967537.738250
111 1454967538.018265
114 1454967538.170262
101 1454967538.298244
32 1454967538.426309
117 1454967539.274395
115 1454967539.426236
101 1454967539.610230
95 1454967540.362204
8 1454967541.066260
45 1454967541.690202
8 1454967542.034204
8 1454967542.218255
45 1454967542.458212
8 1454967543.714256
95 1454967544.226253
116 1454967545.594211
104 1454967545.754234
97 1454967545.850186
116 1454967545.962222
32 1454967546.162198
102 1454967546.562192
111 1454967546.706193
114 1454967546.818243
109 1454967547.106174
8 1454967547.530181
8 1454967547.706196
8 1454967548.122213
114 1454967548.386341
111 1454967548.498179
109 1454967548.698176
32 1454967548.962235
116 1454967549.290124
104 1454967549.410190
101 1454967549.498134
115 1454967549.672134
101 1454967549.738411
32 1454967549.930154
104 1454967550.506118
111 1454967550.714159
110 1454967550.954154
111 1454967552.034149
114 1454967552.394110
100 1454967552.706108
101 1454967552.938253
8 1454967553.378168
8 1454967553.554133
101 1454967553.778155
100 1454967554.026173
32 1454967554.210139
100 1454967554.474217
101 1454967554.682066
97 1454967554.802050
100 1454967555.018364
32 1454967555.162133
119 1454967555.338080
101 1454967555.482131
32 1454967555.610116
116 1454967555.994061
97 1454967556.434041
107 1454967556.618086
101 1454967556.794104
32 1454967557.010096
105 1454967557.386167
110 1454967557.610112
99 1454967557.714142
114 1454967558.026120
101 1454967558.138092
97 1454967558.274195
100 1454967558.474157
8 1454967558.986089
115 1454967559.298181
101 1454967559.562027
100 1454967559.786132
32 1454967559.930054
100 1454967560.122139
101 1454967560.322099
118 1454967560.538067
111 1454967560.850132
116 1454967561.106169
105 1454967561.314052
111 1454967561.538016
110 1454967561.730130
32 1454967561.946094
116 1454967562.154082
111 1454967562.202104
32 1454967562.394101
116 1454967562.570018
104 1454967562.642116
97 1454967562.698090
116 1454967562.809999
32 1454967562.938028
99 1454967563.298046
97 1454967563.649985
117 1454967563.874043
115 1454967563.994150
101 1454967564.186000
32 1454967564.354032
102 1454967564.602021
111 1454967564.738006
114 1454967564.930052
32 1454967565.154041
119 1454967565.346032
104 1454967565.498009
105 1454967565.818073
99 1454967566.097906
104 1454967566.233949
32 1454967566.401981
116 1454967566.722064
101 1454967566.922141
121 1454967567.170004
8 1454967567.650126
8 1454967567.834023
104 1454967568.498096
101 1454967568.618002
121 1454967568.850124
32 1454967569.090116
103 1454967569.649976
97 1454967569.833936
118 1454967570.065990
101 1454967570.249928
32 1454967570.393962
116 1454967570.866086
104 1454967571.050007
101 1454967571.090013
32 1454967571.249971
108 1454967571.585939
97 1454967571.801977
115 1454967571.953928
116 1454967572.201880
32 1454967572.441948
102 1454967572.713990
117 1454967572.849962
108 1454967573.305980
108 1454967573.481984
32 1454967573.777900
109 1454967573.929949
101 1454967574.025934
97 1454967574.145947
115 1454967574.346008
117 1454967574.513981
114 1454967574.721939
101 1454967574.841980
32 1454967574.969916
111 1454967575.161865
102 1454967575.441918
32 1454967575.617956
100 1454967575.818112
101 1454967576.009938
118 1454967576.289934
111 1454967576.513985
116 1454967576.705888
105 1454967576.818084
111 1454967577.049932
110 1454967577.233861
95 1454967578.185922
116 1454967578.921891
104 1454967579.073948
97 1454967579.113887
116 1454967579.241877
32 1454967579.433939
119 1454967579.881916
101 1454967580.041901
32 1454967580.225880
104 1454967580.513822
101 1454967580.569802
114 1454967580.689906
101 1454967580.785840
32 1454967580.977978
104 1454967581.313882
105 1454967581.489945
103 1454967581.689893
104 1454967581.825910
108 1454967582.257893
121 1454967582.473860
32 1454967582.673889
114 1454967582.921916
101 1454967583.065875
115 1454967583.281753
111 1454967583.617832
108 1454967583.865829
118 1454967584.025811
101 1454967584.225816
32 1454967584.425891
116 1454967584.737821
104 1454967584.905826
97 1454967584.921740
116 1454967585.033837
32 1454967585.169792
116 1454967585.345783
101 1454967585.513788
8 1454967585.961847
104 1454967586.297805
101 1454967586.393747
115 1454967586.569772
101 1454967586.649827
32 1454967586.961797
100 1454967587.193881
101 1454967587.401814
97 1454967587.513825
100 1454967587.689793
32 1454967587.833839
115 1454967588.041845
104 1454967588.161873
97 1454967588.257837
108 1454967588.401822
108 1454967588.569799
32 1454967588.737818
110 1454967588.857866
111 1454967589.049767
116 1454967589.193848
32 1454967589.313862
104 1454967589.537781
97 1454967589.633763
118 1454967589.769752
101 1454967589.929775
32 1454967590.033788
100 1454967590.241846
105 1454967590.369753
101 1454967590.473862
100 1454967590.713791
32 1454967590.873875
105 1454967591.225821
110 1454967591.457812
32 1454967591.577749
118 1454967591.857759
97 1454967592.201753
105 1454967592.385715
110 1454967592.585771
95 1454967593.449744
116 1454967593.913711
104 1454967594.041827
97 1454967594.145829
116 1454967594.249730
32 1454967594.681754
116 1454967595.113786
104 1454967595.241707
105 1454967595.433709
115 1454967595.561665
32 1454967597.809605
110 1454967598.177650
97 1454967598.353650
116 1454967598.537708
105 1454967598.665677
111 1454967598.865659
110 1454967599.073743
44 1454967599.329719
32 1454967599.545684
117 1454967599.801702
110 1454967600.241623
100 1454967600.369656
101 1454967600.561718
114 1454967600.697714
32 1454967600.889683
71 1454967601.305741
111 1454967601.457732
100 1454967601.593742
44 1454967601.865705
32 1454967602.217650
115 1454967602.649719
104 1454967602.809644
97 1454967602.961653
108 1454967603.097637
108 1454967603.281666
32 1454967604.865607
104 1454967605.121608
97 1454967605.241714
118 1454967605.393685
101 1454967605.593655
32 1454967605.737693
97 1454967605.793617
32 1454967605.985556
110 1454967606.409662
101 1454967606.521690
119 1454967606.721631
32 1454967606.897600
98 1454967608.041768
105 1454967608.257749
114 1454967608.425623
116 1454967608.641670
104 1454967608.753577
32 1454967608.897560
111 1454967609.089705
102 1454967609.281621
32 1454967609.385571
102 1454967609.673646
114 1454967609.913609
101 1454967610.121507
101 1454967610.305673
100 1454967610.937596
111 1454967611.265573
109 1454967611.521629
44 1454967611.849564
8 1454967612.473600
95 1454967612.889547
32 1454967613.337560
97 1454967613.529570
110 1454967613.705647
100 1454967613.817573
32 1454967613.905631
116 1454967614.105544
8 1454967614.441542
8 1454967614.625549
8 1454967614.793544
8 1454967614.929571
8 1454967615.081517
8 1454967615.433489
65 1454967616.977502
78 1454967617.153593
68 1454967617.265478
8 1454967617.777533
8 1454967617.953501
8 1454967618.257546
97 1454967618.881537
110 1454967619.233533
100 1454967619.369523
32 1454967619.609407
116 1454967619.889460
104 1454967619.993529
97 1454967620.073499
116 1454967620.185573
32 1454967620.321493
103 1454967620.881679
111 1454967621.017504
118 1454967621.241537
101 1454967621.457478
114 1454967621.657627
110 1454967621.857464
109 1454967622.153537
101 1454967622.273540
110 1454967622.417638
116 1454967622.601441
32 1454967622.881463
111 1454967623.137449
102 1454967623.233485
32 1454967623.369465
116 1454967623.521459
104 1454967623.633535
101 1454967623.705436
32 1454967623.817444
112 1454967624.505437
101 1454967624.665591
111 1454967624.777431
112 1454967624.937785
108 1454967625.137490
101 1454967625.265378
32 1454967625.385432
8 1454967625.993403
44 1454967626.609456
32 1454967626.785449
98 1454967627.025483
121 1454967627.849678
32 1454967628.025458
116 1454967628.201473
104 1454967628.313447
101 1454967628.385365
32 1454967628.497336
112 1454967628.897468
101 1454967629.089492
111 1454967629.169527
112 1454967629.353408
108 1454967629.825423
101 1454967630.025441
44 1454967630.321439
32 1454967630.561386
102 1454967630.769419
111 1454967630.857497
114 1454967631.009386
32 1454967631.193372
116 1454967631.369452
104 1454967631.473329
101 1454967631.537443
32 1454967631.649376
112 1454967632.073389
101 1454967632.241391
111 1454967632.345423
112 1454967632.505410
108 1454967632.729394
101 1454967632.857379
44 1454967633.057534
32 1454967633.465435
115 1454967633.705385
104 1454967633.833457
97 1454967633.945356
108 1454967634.073482
108 1454967634.249373
32 1454967634.409343
110 1454967634.625321
111 1454967634.825317
116 1454967634.945303
32 1454967635.073415
112 1454967635.729378
101 1454967635.897350
114 1454967636.081328
105 1454967636.353336
115 1454967636.513351
104 1454967636.633330
32 1454967636.825333
102 1454967637.049357
111 1454967637.185339
114 1454967637.353304
8 1454967637.809297
8 1454967637.969327
114 1454967638.249293
111 1454967638.353306
109 1454967638.561262
32 1454967638.729463
116 1454967638.921314
104 1454967638.985340
101 1454967639.129345
32 1454967639.257324
101 1454967639.449334
97 1454967639.593325
114 1454967639.809380
116 1454967640.057320
104 1454967640.217264
46 1454967640.585279
10 1454967642.609339
10 1454967646.441368
