83 1460139054.134275
111 1460139054.278060
109 1460139054.470235
101 1460139054.590044
32 1460139054.742176
112 1460139055.142179
101 1460139055.254150
111 1460139055.374127
112 1460139055.526047
108 1460139056.014158
101 1460139056.166156
32 1460139056.318142
102 1460139056.598139
101 1460139056.830108
101 1460139056.998077
108 1460139057.310263
32 1460139057.566129
116 1460139057.734038
104 1460139057.790040
97 1460139057.870007
116 1460139057.941995
32 1460139058.054051
116 1460139058.318084
104 1460139058.422000
101 1460139058.509980
32 1460139058.598030
99 1460139058.798013
111 1460139058.854027
109 1460139059.038017
109 1460139059.198157
97 1460139059.334066
110 1460139059.446030
100 1460139059.541938
108 1460139059.862073
8 1460139060.270076
109 1460139060.510064
101 1460139060.702048
110 1460139060.790052
116 1460139060.918010
115 1460139061.054026
32 1460139061.190060
97 1460139061.301988
114 1460139061.414040
101 1460139061.518169
32 1460139061.613993
98 1460139061.854074
117 1460139061.949983
114 1460139062.134033
100 1460139062.326039
101 1460139062.518030
110 1460139062.645996
115 1460139062.838097
111 1460139063.006018
109 1460139063.198042
101 1460139063.277950
32 1460139063.390026
97 1460139063.542085
110 1460139063.702025
100 1460139063.742002
32 1460139063.878024
116 1460139064.102064
104 1460139064.246082
97 1460139064.301973
116 1460139064.630094
32 1460139065.006132
116 1460139065.158133
104 1460139065.285976
101 1460139065.317958
121 1460139065.510055
32 1460139065.686040
108 1460139065.917964
105 1460139066.102038
109 1460139066.294001
105 1460139066.485958
116 1460139066.734069
32 1460139067.182027
102 1460139067.397975
114 1460139067.582051
101 1460139067.766122
101 1460139067.909939
100 1460139068.134004
111 1460139068.309984
109 1460139068.493993
32 1460139068.734068
97 1460139068.877964
110 1460139068.997944
100 1460139069.061929
32 1460139069.181928
112 1460139069.406049
101 1460139069.549956
114 1460139069.710120
115 1460139069.821966
111 1460139069.957976
110 1460139070.150040
97 1460139070.254051
108 1460139070.382023
32 1460139070.502027
103 1460139070.765961
114 1460139070.958089
111 1460139071.086090
119 1460139071.254064
110 1460139071.462085
8 1460139071.758110
116 1460139071.957917
104 1460139072.061908
46 1460139072.534069
32 1460139072.782103
66 1460139073.230032
117 1460139073.606028
116 1460139073.717902
32 1460139073.845907
116 1460139073.973904
104 1460139074.077919
101 1460139074.158001
32 1460139074.229912
83 1460139074.653951
118 1460139074.933971
8 1460139075.438003
97 1460139075.589950
118 1460139075.877952
105 1460139076.029931
111 1460139076.373993
114 1460139076.541956
32 1460139076.837929
116 1460139077.093908
97 1460139077.269958
117 1460139077.429982
103 1460139077.557830
104 1460139077.669871
116 1460139077.774021
32 1460139077.965926
116 1460139078.278015
104 1460139078.373916
97 1460139078.436218
116 1460139078.517849
32 1460139078.669908
116 1460139078.877951
114 1460139079.350086
117 1460139079.613939
101 1460139079.957982
32 1460139080.197930
102 1460139080.549988
114 1460139080.805857
101 1460139080.989828
101 1460139081.149943
100 1460139081.381863
111 1460139081.557831
109 1460139081.757824
32 1460139081.989828
99 1460139082.165949
111 1460139082.237827
109 1460139082.421825
101 1460139082.485837
115 1460139082.653940
32 1460139082.741877
111 1460139082.917844
110 1460139083.125954
108 1460139083.253866
121 1460139083.357858
32 1460139083.541924
102 1460139083.757871
114 1460139083.933813
111 1460139084.045835
109 1460139084.229843
32 1460139084.381868
102 1460139084.669891
105 1460139084.813892
108 1460139085.085897
108 1460139085.205863
8 1460139085.493866
8 1460139085.653862
8 1460139085.805843
111 1460139086.413890
108 1460139086.653914
108 1460139086.813851
111 1460139087.005867
119 1460139087.413911
105 1460139087.541832
110 1460139087.733837
103 1460139087.807488
32 1460139087.949752
72 1460139088.189724
105 1460139088.365826
109 1460139089.262294
58 1460139089.733846
32 1460139089.997844
34 1460139090.925778
73 1460139091.501861
70 1460139091.629791
32 1460139091.805784
8 1460139092.541899
8 1460139092.741755
102 1460139092.997762
32 1460139093.133857
121 1460139094.118317
101 1460139094.269750
32 1460139094.357702
99 1460139094.581791
111 1460139094.641298
110 1460139094.829780
116 1460139094.969175
105 1460139095.077700
110 1460139095.253735
101 1460139095.733821
117 1460139095.893739
8 1460139096.333839
8 1460139096.501759
117 1460139097.133818
101 1460139097.269684
32 1460139097.381666
105 1460139097.845764
110 1460139098.037682
32 1460139098.149725
109 1460139098.365695
121 1460139098.477688
32 1460139098.653768
119 1460139098.853762
111 1460139098.989752
114 1460139099.109762
107 1460139099.245659
44 1460139099.525803
8 1460139099.925792
8 1460139100.101698
100 1460139100.317716
44 1460139100.469842
32 1460139100.613692
116 1460139100.821697
104 1460139100.917733
101 1460139101.117810
110 1460139101.461755
32 1460139101.669706
97 1460139101.821673
115 1460139101.981755
114 1460139102.085616
8 1460139102.413745
8 1460139102.589683
114 1460139102.781764
101 1460139102.901631
32 1460139103.029675
104 1460139103.573698
8 1460139104.093835
121 1460139104.461700
101 1460139104.653655
32 1460139104.845911
109 1460139105.069700
121 1460139105.205624
32 1460139105.413617
115 1460139105.613626
8 1460139105.941743
100 1460139106.125753
105 1460139106.245654
115 1460139106.373627
99 1460139106.669754
105 1460139106.981738
112 1460139107.349664
108 1460139107.653682
101 1460139107.821562
115 1460139108.013632
32 1460139108.253731
105 1460139108.789686
110 1460139108.989611
100 1460139109.061615
101 1460139109.285663
101 1460139109.437627
100 1460139109.661680
59 1460139110.069668
32 1460139110.477635
97 1460139110.749578
110 1460139110.925632
100 1460139110.991761
32 1460139111.057250
115 1460139111.277704
8 1460139111.837690
121 1460139112.181717
101 1460139112.349627
32 1460139112.533614
115 1460139112.773531
104 1460139112.877535
97 1460139112.973448
108 1460139113.117707
108 1460139113.269569
32 1460139113.421675
107 1460139113.861650
110 1460139114.077530
111 1460139114.261647
119 1460139114.381606
32 1460139114.525555
116 1460139114.717545
104 1460139114.784373
101 1460139114.901530
32 1460139115.021514
116 1460139115.221610
114 1460139115.437631
117 1460139115.549599
116 1460139116.125623
104 1460139116.269547
44 1460139116.581578
32 1460139116.781629
97 1460139117.053547
110 1460139117.189505
100 1460139117.301552
32 1460139117.381546
116 1460139117.581554
104 1460139117.676692
101 1460139117.746207
32 1460139117.837517
116 1460139118.141592
114 1460139118.397595
117 1460139118.845573
116 1460139119.109540
104 1460139119.221505
32 1460139119.365475
115 1460139119.581492
104 1460139119.709574
97 1460139119.821489
108 1460139119.933487
108 1460139120.077492
32 1460139120.213529
109 1460139120.669553
97 1460139120.765529
107 1460139120.925524
101 1460139121.029489
32 1460139121.125561
121 1460139121.325565
111 1460139121.405467
117 1460139121.485478
32 1460139121.597437
102 1460139121.997531
114 1460139122.197551
101 1460139122.357518
101 1460139122.525548
34 1460139123.317521
32 1460139123.533485
40 1460139124.261539
74 1460139124.685441
111 1460139124.901482
104 1460139125.141504
110 1460139125.413576
32 1460139125.781541
56 1460139126.765682
58 1460139127.253529
51 1460139128.189558
49 1460139128.429484
45 1460139128.757563
51 1460139129.101490
50 1460139129.413430
8 1460139129.837469
8 1460139130.053388
51 1460139130.717506
50 1460139131.061476
41 1460139131.781864
46 1460139132.309540
32 1460139132.669450
71 1460139133.029357
111 1460139133.181375
100 1460139133.317362
32 1460139133.445375
103 1460139133.853900
105 1460139134.013374
118 1460139134.141414
101 1460139134.309440
115 1460139134.517438
32 1460139134.653401
99 1460139134.925402
111 1460139135.005343
109 1460139135.189455
109 1460139135.357392
97 1460139135.509398
110 1460139135.621341
100 1460139135.725326
111 1460139135.925427
109 1460139136.117365
101 1460139136.205416
110 1460139136.317369
116 1460139136.413331
8 1460139136.677403
8 1460139136.845366
8 1460139136.997364
8 1460139137.133385
8 1460139137.253382
109 1460139137.701462
101 1460139137.845315
110 1460139137.973410
116 1460139138.109463
115 1460139138.229320
32 1460139138.341345
111 1460139138.821408
8 1460139139.189404
102 1460139139.469359
111 1460139139.573387
114 1460139139.717394
32 1460139139.869302
111 1460139139.997362
117 1460139140.149440
114 1460139140.357339
32 1460139140.589340
98 1460139140.941367
101 1460139141.157369
104 1460139141.613368
8 1460139142.205318
110 1460139142.477251
101 1460139142.613334
102 1460139142.853343
105 1460139143.013258
116 1460139143.189345
46 1460139143.421301
32 1460139143.693347
84 1460139144.005300
104 1460139144.117273
101 1460139144.173795
121 1460139144.365299
32 1460139144.541232
97 1460139144.645338
114 1460139144.749238
101 1460139144.845281
32 1460139144.973290
108 1460139145.133367
111 1460139145.357326
118 1460139145.501275
105 1460139145.605288
110 1460139145.797281
103 1460139145.917288
32 1460139146.125283
105 1460139146.877403
110 1460139147.061273
115 1460139147.121956
116 1460139147.277241
114 1460139147.469270
117 1460139147.549271
99 1460139147.765324
116 1460139147.981321
105 1460139148.085221
111 1460139148.269297
110 1460139148.445237
115 1460139148.605220
32 1460139148.717231
102 1460139148.949245
111 1460139149.077186
114 1460139149.197285
32 1460139149.349244
111 1460139149.533241
117 1460139149.613238
114 1460139149.749186
32 1460139149.917244
104 1460139150.261369
97 1460139150.381346
112 1460139150.589345
112 1460139150.749222
105 1460139150.957490
110 1460139151.277357
101 1460139151.397197
115 1460139151.597248
115 1460139151.741190
32 1460139151.861206
97 1460139152.005228
110 1460139152.245274
100 1460139152.357204
32 1460139152.477204
102 1460139152.669180
111 1460139152.773197
114 1460139152.885160
32 1460139153.013165
111 1460139153.125269
117 1460139153.229208
114 1460139153.357207
32 1460139153.477220
112 1460139153.797233
104 1460139154.005203
121 1460139154.157246
115 1460139155.053314
105 1460139155.237186
99 1460139155.373137
97 1460139155.533126
108 1460139155.709184
32 1460139156.237245
97 1460139156.501221
110 1460139156.629151
100 1460139156.709255
32 1460139156.797203
115 1460139157.109275
112 1460139157.357188
105 1460139157.653203
114 1460139157.917148
105 1460139158.117180
116 1460139158.349197
117 1460139158.725203
97 1460139158.909151
108 1460139159.045152
32 1460139159.197175
119 1460139159.621224
101 1460139159.781216
108 1460139159.917162
108 1460139160.085128
45 1460139160.877291
98 1460139161.109228
101 1460139161.317139
105 1460139161.461246
110 1460139161.629126
103 1460139161.733130
46 1460139161.885114
10 1460139162.269194
10 1460139162.573151
73 1460139163.429164
110 1460139164.029135
32 1460139164.285171
116 1460139164.501121
104 1460139164.588841
101 1460139164.685014
32 1460139164.757089
112 1460139164.901124
114 1460139165.077055
101 1460139165.229074
109 1460139165.541143
111 1460139165.717072
116 1460139165.853076
114 1460139166.181103
8 1460139166.525190
8 1460139166.693061
114 1460139166.981102
116 1460139167.189196
97 1460139167.357083
108 1460139167.509060
32 1460139167.645051
101 1460139167.853117
120 1460139168.101153
105 1460139168.237045
115 1460139168.357051
116 1460139168.541048
101 1460139168.685058
110 1460139168.957084
99 1460139169.189074
101 1460139169.333043
44 1460139169.637148
32 1460139169.844997
72 1460139170.245123
101 1460139170.397166
97 1460139170.533104
118 1460139170.708996
101 1460139170.901005
110 1460139171.357072
108 1460139171.613080
121 1460139171.725028
32 1460139171.901020
70 1460139172.245248
97 1460139172.437066
116 1460139172.573053
104 1460139172.693004
101 1460139172.769773
114 1460139172.833301
32 1460139172.941015
112 1460139173.573077
114 1460139173.773005
101 1460139173.908999
99 1460139174.301056
8 1460139174.821158
115 1460139175.037144
105 1460139175.180992
100 1460139175.316963
101 1460139175.509034
100 1460139175.725058
32 1460139175.941028
111 1460139176.229239
118 1460139176.324928
101 1460139176.492985
114 1460139176.572985
32 1460139176.676936
97 1460139176.796993
32 1460139176.924933
103 1460139177.429470
114 1460139177.644924
101 1460139177.788940
97 1460139177.908960
116 1460139178.037013
32 1460139178.189024
67 1460139178.508980
111 1460139178.676978
117 1460139178.845013
110 1460139179.068950
116 1460139179.228930
8 1460139179.621068
99 1460139179.828939
105 1460139179.940954
108 1460139180.372988
32 1460139180.636973
105 1460139180.940997
110 1460139181.140978
32 1460139181.261003
72 1460139181.533001
69 1460139181.748934
97 1460139181.980958
118 1460139182.140946
8 1460139182.429025
8 1460139182.604907
8 1460139182.764931
101 1460139182.932950
97 1460139183.068892
118 1460139183.236924
108 1460139183.404979
8 1460139183.844966
101 1460139184.084928
110 1460139184.180897
46 1460139184.556966
32 1460139185.084986
84 1460139185.468923
104 1460139185.644945
101 1460139185.740911
114 1460139185.836855
101 1460139185.956879
32 1460139186.133006
119 1460139186.356976
101 1460139186.492962
32 1460139186.588865
108 1460139186.852939
101 1460139186.932898
97 1460139187.052917
114 1460139187.188906
110 1460139187.364895
101 1460139187.484939
100 1460139187.732908
32 1460139187.844871
111 1460139188.084899
102 1460139188.196979
32 1460139188.284887
72 1460139188.548945
105 1460139188.708898
115 1460139188.844910
32 1460139188.972900
112 1460139189.404969
108 1460139189.612911
97 1460139189.820860
110 1460139189.964901
32 1460139190.116994
102 1460139190.300959
111 1460139190.412917
114 1460139190.668964
32 1460139191.076984
111 1460139191.244851
117 1460139191.379867
114 1460139191.644925
32 1460139191.812836
115 1460139192.124883
97 1460139192.324871
108 1460139192.452806
118 1460139192.724894
97 1460139192.908857
116 1460139193.068896
105 1460139193.196801
111 1460139193.380853
110 1460139193.596851
32 1460139193.716863
119 1460139193.852809
104 1460139193.932848
105 1460139194.052817
99 1460139194.244980
8 1460139194.532975
8 1460139194.700883
8 1460139194.844873
8 1460139194.988931
8 1460139195.124873
44 1460139195.444893
32 1460139195.668815
119 1460139195.868808
104 1460139195.972814
105 1460139196.124873
99 1460139196.636859
104 1460139196.796765
32 1460139197.172956
105 1460139197.404840
110 1460139197.604846
99 1460139197.716776
108 1460139197.804822
117 1460139197.980803
100 1460139198.108832
101 1460139198.300823
100 1460139198.516829
32 1460139198.604914
97 1460139198.748798
32 1460139198.868844
116 1460139199.101063
105 1460139199.180768
109 1460139199.356803
101 1460139199.436756
32 1460139199.548871
111 1460139199.852878
102 1460139199.964832
32 1460139200.060826
116 1460139200.252871
101 1460139200.436794
115 1460139200.572809
116 1460139200.644780
105 1460139200.804734
110 1460139200.964771
103 1460139201.108793
32 1460139201.276721
111 1460139201.460743
110 1460139201.644705
32 1460139201.804709
116 1460139201.948704
104 1460139202.008040
101 1460139202.108756
32 1460139202.196731
101 1460139202.404794
97 1460139202.548697
114 1460139202.700760
116 1460139202.924698
104 1460139203.084759
58 1460139203.796847
32 1460139204.060748
34 1460139204.868831
87 1460139205.316761
101 1460139205.652761
32 1460139205.852754
119 1460139206.052811
105 1460139206.300726
108 1460139206.540723
108 1460139206.692710
32 1460139206.884721
109 1460139207.268784
97 1460139207.404799
107 1460139207.540741
101 1460139207.620538
32 1460139207.708659
97 1460139207.892712
110 1460139208.012695
32 1460139208.124699
101 1460139208.380720
97 1460139208.492710
114 1460139208.620692
116 1460139210.324748
104 1460139210.460646
32 1460139210.612675
119 1460139210.820638
101 1460139211.028656
8 1460139211.700701
104 1460139211.972746
101 1460139212.052653
114 1460139212.204725
101 1460139212.278955
111 1460139212.884964
110 1460139213.140745
32 1460139213.380720
116 1460139213.556626
104 1460139213.644624
101 1460139213.764623
115 1460139213.884619
101 1460139213.980661
32 1460139214.124664
109 1460139214.308672
97 1460139214.420623
121 1460139214.604625
32 1460139214.788727
100 1460139215.124790
119 1460139215.332648
119 1460139215.556667
108 1460139215.764625
108 1460139215.948701
8 1460139216.228687
8 1460139216.404629
8 1460139216.572620
101 1460139216.972780
108 1460139217.204721
108 1460139217.364612
39 1460139217.836681
59 1460139217.895844
8 1460139218.412716
8 1460139218.820712
108 1460139219.100692
59 1460139219.181119
8 1460139219.660544
8 1460139220.012675
59 1460139220.652712
32 1460139220.932561
97 1460139221.172640
110 1460139221.356604
100 1460139221.476489
32 1460139221.555156
119 1460139221.748642
101 1460139221.852472
32 1460139221.956457
119 1460139222.196649
105 1460139222.324566
108 1460139222.516590
108 1460139222.676613
32 1460139222.852560
112 1460139223.052558
114 1460139223.188528
111 1460139223.292540
118 1460139223.468500
101 1460139223.652545
32 1460139223.740498
116 1460139223.932525
104 1460139223.993623
101 1460139224.100538
109 1460139224.228555
32 1460139224.380441
104 1460139224.764500
101 1460139224.860441
114 1460139224.964463
101 1460139225.052500
119 1460139225.252569
105 1460139225.396606
116 1460139225.532548
104 1460139225.620532
44 1460139225.932606
32 1460139226.164602
116 1460139226.396492
111 1460139226.508557
32 1460139226.620492
115 1460139226.844543
101 1460139227.052559
101 1460139227.196574
32 1460139227.436552
105 1460139227.628473
102 1460139227.732501
32 1460139227.932565
116 1460139228.204578
104 1460139228.340412
101 1460139228.426741
121 1460139228.564496
32 1460139228.716463
119 1460139228.852455
105 1460139228.972537
108 1460139229.140543
108 1460139229.308456
32 1460139229.452540
100 1460139229.652461
111 1460139229.764554
32 1460139229.892501
97 1460139230.052610
108 1460139230.196545
108 1460139230.356463
32 1460139230.532495
116 1460139230.724447
104 1460139230.806063
105 1460139230.908461
110 1460139231.060452
103 1460139231.156468
115 1460139231.620489
32 1460139232.196564
119 1460139232.428445
104 1460139232.516434
97 1460139232.636447
116 1460139232.772487
115 1460139233.116529
111 1460139233.340478
118 1460139233.556527
101 1460139233.716507
114 1460139233.844473
32 1460139234.004455
8 1460139234.236480
8 1460139234.396425
8 1460139234.564548
8 1460139234.692414
101 1460139234.900446
118 1460139235.100544
101 1460139235.252491
114 1460139235.388393
32 1460139235.580441
116 1460139235.772504
104 1460139235.908358
101 1460139236.108541
32 1460139236.236417
76 1460139236.476352
111 1460139236.716390
114 1460139236.852379
100 1460139237.044388
32 1460139237.148379
116 1460139237.348376
104 1460139237.476412
101 1460139237.564336
105 1460139237.652326
114 1460139237.788412
32 1460139237.876354
71 1460139238.372370
111 1460139238.484350
100 1460139238.636373
32 1460139238.756377
115 1460139239.028385
104 1460139239.172356
97 1460139239.268428
108 1460139239.364398
108 1460139239.540359
32 1460139239.668357
99 1460139239.892376
111 1460139239.948373
109 1460139240.140436
109 1460139240.292390
109 1460139240.452358
8 1460139240.932927
97 1460139241.172417
110 1460139241.308366
100 1460139241.428416
32 1460139241.876379
116 1460139242.028328
104 1460139242.116371
101 1460139242.220406
109 1460139242.356330
34 1460139242.892376
32 1460139243.284402
40 1460139243.796381
65 1460139244.444451
98 1460139244.820390
114 1460139245.060367
97 1460139245.164346
104 1460139245.396391
97 1460139245.540320
109 1460139245.740325
32 1460139245.956338
51 1460139246.508449
58 1460139246.868327
50 1460139247.828694
52 1460139248.108392
45 1460139248.564379
50 1460139248.860388
53 1460139249.140348
41 1460139249.980256
46 1460139250.348406
32 1460139250.588341
79 1460139250.908287
110 1460139251.124342
101 1460139251.204283
32 1460139251.284359
114 1460139251.516305
101 1460139251.620266
97 1460139251.748264
115 1460139251.876224
111 1460139252.020305
110 1460139252.212380
32 1460139252.420256
119 1460139252.588270
101 1460139252.724288
32 1460139252.860257
97 1460139253.116301
114 1460139253.260309
101 1460139253.340230
32 1460139253.500267
104 1460139253.852339
101 1460139253.908309
114 1460139254.060216
101 1460139254.124218
32 1460139254.364328
111 1460139254.588196
110 1460139254.796303
32 1460139254.924237
116 1460139255.084221
104 1460139255.167396
101 1460139255.276215
32 1460139255.396212
101 1460139255.756273
97 1460139255.892305
114 1460139256.052272
116 1460139256.292227
104 1460139256.428260
32 1460139256.548222
105 1460139256.780558
115 1460139256.924203
32 1460139257.028188
116 1460139257.196285
111 1460139257.276234
32 1460139257.412216
115 1460139257.684277
104 1460139257.812204
111 1460139258.028255
119 1460139258.100251
32 1460139258.228286
111 1460139258.532293
117 1460139258.724244
114 1460139258.892269
32 1460139259.044251
119 1460139259.148361
105 1460139259.284307
108 1460139259.500267
108 1460139259.652223
105 1460139259.836223
110 1460139260.020223
103 1460139260.212209
108 1460139260.372197
8 1460139260.940326
110 1460139261.212294
101 1460139261.356211
115 1460139261.540285
115 1460139261.716206
32 1460139261.956182
116 1460139262.284185
111 1460139262.380126
32 1460139262.516173
111 1460139262.908245
98 1460139263.460232
101 1460139263.652231
121 1460139263.868205
32 1460139264.044232
72 1460139264.580238
101 1460139264.684371
97 1460139264.868200
118 1460139264.996101
110 1460139265.252252
101 1460139265.484218
8 1460139265.868220
8 1460139266.044207
101 1460139266.292228
110 1460139266.420113
108 1460139266.580287
121 1460139266.740182
32 1460139266.932229
70 1460139267.228186
97 1460139267.412088
116 1460139267.516158
104 1460139267.636206
101 1460139267.716078
114 1460139267.796094
39 1460139268.124163
115 1460139268.276099
32 1460139268.420148
99 1460139268.668211
111 1460139268.788162
109 1460139268.988198
109 1460139269.172147
97 1460139269.388101
110 1460139269.516162
100 1460139269.628149
109 1460139269.924108
101 1460139270.084121
110 1460139270.196157
116 1460139270.444088
115 1460139270.636069
46 1460139270.876152
10 1460139271.220176
10 1460139271.468092
84 1460139271.948078
104 1460139272.044254
101 1460139272.156165
32 1460139272.284110
80 1460139272.892192
114 1460139273.156259
111 1460139273.300091
112 1460139274.012206
104 1460139274.516135
101 1460139274.740122
116 1460139275.708113
32 1460139275.908000
74 1460139276.236053
111 1460139276.412079
115 1460139276.532118
101 1460139276.780093
112 1460139277.092032
104 1460139277.324091
32 1460139277.532085
83 1460139277.836020
109 1460139277.980052
105 1460139278.172164
116 1460139278.316020
104 1460139278.428005
32 1460139278.524017
116 1460139279.436159
97 1460139279.604025
117 1460139279.820103
103 1460139279.964025
104 1460139280.051998
116 1460139280.172052
32 1460139280.356061
116 1460139280.516042
104 1460139280.587997
97 1460139280.646979
116 1460139280.755997
32 1460139280.852001
111 1460139281.484099
98 1460139281.740066
101 1460139281.996162
100 1460139282.236036
105 1460139282.339957
101 1460139282.499997
110 1460139282.660002
99 1460139282.755964
101 1460139282.844036
32 1460139282.980020
116 1460139283.156067
111 1460139283.243994
32 1460139283.364092
116 1460139283.491951
104 1460139283.588073
101 1460139283.651966
32 1460139283.747953
99 1460139284.028032
111 1460139284.171962
109 1460139284.395979
109 1460139284.555973
97 1460139284.715986
110 1460139284.828074
100 1460139284.931928
109 1460139285.091920
101 1460139285.227993
110 1460139285.331954
116 1460139285.475890
115 1460139285.659920
32 1460139286.396106
108 1460139286.700041
101 1460139286.795954
97 1460139286.899949
100 1460139287.156002
115 1460139287.427907
32 1460139287.539972
116 1460139287.835988
111 1460139287.947950
32 1460139288.043938
108 1460139288.228083
8 1460139288.692040
98 1460139288.955966
108 1460139289.099987
101 1460139289.243918
115 1460139289.484018
115 1460139289.660150
105 1460139289.883987
110 1460139290.059966
103 1460139290.139922
115 1460139290.347882
32 1460139290.507897
102 1460139290.699977
114 1460139290.867878
111 1460139290.963966
109 1460139291.140066
32 1460139291.307961
71 1460139291.643965
111 1460139291.771911
100 1460139291.939954
46 1460139292.132027
32 1460139292.331968
72 1460139292.667956
101 1460139292.859915
32 1460139293.051870
115 1460139293.291919
97 1460139293.451927
105 1460139293.699927
100 1460139293.875875
58 1460139294.331899
32 1460139294.659976
34 1460139295.387988
84 1460139295.947869
104 1460139296.051994
101 1460139296.115901
114 1460139296.219941
101 1460139296.323860
32 1460139296.507887
105 1460139296.691881
115 1460139296.779927
32 1460139296.875887
97 1460139296.971898
32 1460139297.107942
108 1460139297.315869
97 1460139297.852528
119 1460139298.059889
32 1460139298.227961
8 1460139298.795884
44 1460139299.139884
32 1460139299.315789
105 1460139299.619867
114 1460139299.731767
114 1460139299.907789
101 1460139300.171901
99 1460139300.571915
8 1460139300.964176
118 1460139301.163900
111 1460139301.275823
99 1460139301.515890
97 1460139301.651774
98 1460139301.875837
108 1460139301.963876
101 1460139302.123908
32 1460139302.275784
8 1460139302.820042
8 1460139303.019824
121 1460139303.780530
32 1460139304.115847
100 1460139304.355844
101 1460139304.563852
99 1460139304.787832
114 1460139305.011889
101 1460139305.171855
101 1460139305.347828
100 1460139305.731896
32 1460139305.907790
105 1460139306.051764
110 1460139306.227743
32 1460139306.323867
104 1460139306.683887
101 1460139306.787817
97 1460139306.915710
118 1460139307.075744
121 1460139307.411778
8 1460139307.859756
101 1460139308.091754
110 1460139308.243728
32 1460139308.915813
98 1460139309.171798
101 1460139309.347842
102 1460139309.571767
111 1460139309.747781
114 1460139309.807550
101 1460139309.891768
32 1460139309.979751
116 1460139310.171816
104 1460139310.267881
101 1460139310.327781
32 1460139310.435724
102 1460139310.603803
111 1460139310.694774
117 1460139310.787679
110 1460139311.035757
100 1460139311.163766
97 1460139311.635783
116 1460139311.867749
105 1460139311.971721
111 1460139312.171806
110 1460139312.339655
115 1460139312.459649
32 1460139312.595651
111 1460139312.731638
102 1460139312.835724
32 1460139312.931640
116 1460139313.099765
104 1460139313.165761
115 1460139313.787780
8 1460139314.284187
105 1460139314.771789
115 1460139314.955767
32 1460139315.099704
119 1460139315.283708
111 1460139315.387737
114 1460139315.531888
108 1460139315.723677
100 1460139315.859630
44 1460139316.155794
32 1460139316.363654
117 1460139316.747701
112 1460139317.019747
111 1460139317.435729
110 1460139317.691708
32 1460139317.859756
119 1460139318.051707
104 1460139318.119742
105 1460139318.243680
99 1460139318.387697
104 1460139318.475697
32 1460139318.563684
97 1460139318.643653
108 1460139318.771688
108 1460139318.939641
32 1460139319.131795
98 1460139319.555756
108 1460139319.675652
101 1460139319.811567
115 1460139320.011713
115 1460139320.171707
105 1460139320.323647
110 1460139320.499711
103 1460139320.568924
32 1460139320.707630
97 1460139320.915578
8 1460139321.371644
8 1460139321.531690
115 1460139321.867670
32 1460139321.971597
97 1460139322.323786
114 1460139322.811699
101 1460139322.939671
32 1460139323.083689
112 1460139323.467761
114 1460139323.595566
101 1460139323.731562
100 1460139323.947639
105 1460139324.083644
99 1460139324.251661
97 1460139324.371635
116 1460139324.555640
101 1460139324.715718
100 1460139324.915619
45 1460139325.619729
97 1460139325.867648
110 1460139326.035633
100 1460139326.139699
119 1460139326.987672
8 1460139327.395690
32 1460139327.611593
119 1460139327.851526
104 1460139327.971576
101 1460139328.099542
110 1460139328.235563
32 1460139328.347550
119 1460139328.531566
101 1460139328.643559
32 1460139328.755535
111 1460139329.179712
98 1460139329.323492
116 1460139329.611538
97 1460139329.787568
105 1460139329.875489
110 1460139330.059523
32 1460139330.203557
97 1460139330.795602
110 1460139330.899510
121 1460139331.043587
32 1460139331.219552
98 1460139331.451602
108 1460139331.731544
101 1460139331.899558
115 1460139332.091495
115 1460139332.243549
105 1460139332.371565
110 1460139332.523547
103 1460139332.603501
32 1460139332.755529
102 1460139333.083654
114 1460139333.283607
111 1460139333.395549
109 1460139333.587535
32 1460139333.683541
71 1460139333.963461
111 1460139334.163588
100 1460139334.323568
44 1460139334.523578
32 1460139334.707554
105 1460139335.019560
116 1460139335.139445
32 1460139335.275513
105 1460139335.379578
115 1460139335.491519
32 1460139335.619484
98 1460139335.835515
121 1460139336.051498
32 1460139336.243526
111 1460139336.643544
98 1460139336.923549
101 1460139337.131568
100 1460139337.363513
105 1460139337.467438
101 1460139337.563458
110 1460139337.787523
99 1460139337.875427
101 1460139337.963423
32 1460139338.083497
116 1460139338.267503
111 1460139338.347439
32 1460139338.523485
116 1460139338.763474
104 1460139338.891459
97 1460139338.954738
116 1460139339.051443
32 1460139339.147534
108 1460139339.587505
97 1460139339.691505
119 1460139339.883547
32 1460139340.011445
117 1460139340.739654
112 1460139341.003474
111 1460139341.179479
110 1460139341.387391
32 1460139341.507503
119 1460139341.659390
104 1460139341.787473
105 1460139341.955413
99 1460139342.115516
104 1460139342.203362
32 1460139342.331450
105 1460139342.491460
116 1460139342.683445
105 1460139342.827446
32 1460139342.947465
105 1460139343.203503
8 1460139343.539541
8 1460139343.715527
8 1460139343.867511
32 1460139344.187464
105 1460139344.371398
115 1460139344.611417
32 1460139344.739326
112 1460139344.995411
114 1460139345.107516
101 1460139345.235388
100 1460139345.459437
105 1460139345.563473
99 1460139345.707485
97 1460139345.843422
116 1460139345.995442
101 1460139346.155422
100 1460139346.379429
34 1460139346.763489
32 1460139347.363550
40 1460139347.851728
68 1460139348.355464
38 1460139349.595667
67 1460139350.059473
32 1460139350.499480
49 1460139350.883509
51 1460139351.243456
48 1460139351.499381
58 1460139351.875394
50 1460139352.755458
48 1460139352.995373
49 1460139353.235487
8 1460139353.635396
50 1460139353.875375
49 1460139354.099464
8 1460139354.819494
8 1460139354.987258
45 1460139355.795386
50 1460139357.323428
49 1460139357.499299
41 1460139358.411770
46 1460139359.155425
32 1460139359.603303
75 1460139359.995444
105 1460139360.187369
110 1460139360.363352
103 1460139360.435258
32 1460139360.547285
66 1460139360.947283
101 1460139361.395285
110 1460139361.651263
106 1460139362.019929
97 1460139362.611524
109 1460139362.875225
105 1460139363.067247
110 1460139363.275236
32 1460139363.499233
97 1460139363.843272
108 1460139363.987179
115 1460139364.139350
111 1460139364.451298
32 1460139364.691255
116 1460139366.131426
97 1460139366.291193
117 1460139366.443178
103 1460139366.643161
104 1460139366.747318
116 1460139366.867248
32 1460139367.003172
116 1460139367.427336
104 1460139367.555158
105 1460139367.795268
115 1460139367.923216
32 1460139368.163335
112 1460139368.451278
114 1460139368.587272
105 1460139368.723253
110 1460139368.915197
99 1460139369.043114
108 1460139369.195245
8 1460139369.747241
105 1460139370.099320
112 1460139370.291251
108 1460139370.467193
101 1460139370.611162
46 1460139371.035205
32 1460139371.283161
34 1460139372.051304
73 1460139372.531121
32 1460139373.139145
119 1460139373.363144
111 1460139373.419746
117 1460139373.531125
108 1460139373.675227
100 1460139373.787122
32 1460139373.987154
100 1460139374.203298
101 1460139374.411190
115 1460139374.635325
105 1460139374.779279
114 1460139375.027257
101 1460139375.187125
32 1460139375.411212
116 1460139375.643143
104 1460139375.739177
97 1460139375.811512
116 1460139375.899096
32 1460139376.011222
121 1460139376.595604
101 1460139376.867677
32 1460139377.051529
115 1460139377.299275
104 1460139377.395189
111 1460139377.539057
117 1460139377.643111
108 1460139377.827197
100 1460139377.947042
32 1460139378.035137
99 1460139378.411262
111 1460139378.499069
110 1460139378.691083
100 1460139378.811169
105 1460139378.971127
115 1460139379.123087
8 1460139379.371130
8 1460139379.539069
8 1460139379.691084
115 1460139379.995158
105 1460139380.123135
100 1460139380.267122
101 1460139380.443080
114 1460139380.563093
32 1460139380.715178
111 1460139380.827078
110 1460139381.019095
32 1460139381.083091
116 1460139381.227029
104 1460139381.287311
101 1460139381.395079
32 1460139381.507059
98 1460139381.747096
108 1460139381.875077
101 1460139381.979051
115 1460139382.187397
115 1460139382.339177
101 1460139382.507080
100 1460139382.723121
32 1460139382.803098
97 1460139382.955025
110 1460139383.163120
100 1460139383.243070
32 1460139383.339064
104 1460139383.611140
97 1460139383.691037
112 1460139383.859008
112 1460139384.027074
121 1460139384.171093
32 1460139384.339146
115 1460139384.523139
116 1460139384.723115
97 1460139384.843031
116 1460139384.923029
101 1460139385.083077
32 1460139385.227116
111 1460139385.451098
102 1460139385.555098
32 1460139385.651044
116 1460139385.787092
104 1460139385.867040
101 1460139386.003153
111 1460139386.163084
8 1460139386.523131
8 1460139386.706967
111 1460139386.987099
115 1460139387.099072
101 1460139387.219092
32 1460139387.315028
116 1460139387.482958
104 1460139387.563759
97 1460139387.627467
116 1460139387.731024
32 1460139387.835020
107 1460139388.035089
101 1460139388.219051
101 1460139388.395027
112 1460139388.603036
32 1460139388.882968
116 1460139389.058950
104 1460139389.121973
101 1460139389.211007
32 1460139389.362965
99 1460139389.682997
111 1460139389.794950
109 1460139390.035005
109 1460139390.186948
97 1460139390.355030
110 1460139390.466954
100 1460139390.562935
109 1460139390.722956
101 1460139390.843002
110 1460139390.962928
116 1460139391.091057
115 1460139391.218934
32 1460139391.370987
111 1460139391.602975
102 1460139391.755007
32 1460139391.858935
71 1460139392.195020
111 1460139392.426991
100 1460139392.674966
44 1460139393.731027
34 1460139394.106959
32 1460139394.394994
104 1460139395.107042
101 1460139395.218873
32 1460139395.322860
99 1460139395.594998
111 1460139395.666901
117 1460139395.803000
110 1460139396.034936
115 1460139396.170909
101 1460139396.434985
108 1460139396.739002
101 1460139396.898926
100 1460139397.171144
46 1460139397.459013
32 1460139397.786974
34 1460139398.602985
70 1460139398.955111
111 1460139399.067538
114 1460139399.882960
32 1460139400.034952
98 1460139400.258965
101 1460139400.442896
102 1460139400.722952
8 1460139401.338928
104 1460139401.642933
111 1460139401.858933
108 1460139402.074861
100 1460139402.186858
44 1460139402.699050
32 1460139402.914913
116 1460139403.082903
104 1460139403.154697
101 1460139403.242904
121 1460139403.394876
32 1460139403.546826
97 1460139403.690895
114 1460139403.786863
101 1460139403.890810
32 1460139404.002958
98 1460139404.298962
108 1460139404.442851
101 1460139404.562975
115 1460139404.738915
115 1460139404.890845
101 1460139405.074844
100 1460139405.275053
32 1460139405.378916
105 1460139405.506830
110 1460139405.698873
32 1460139405.810891
97 1460139405.970809
108 1460139406.130885
108 1460139406.306878
32 1460139406.450841
116 1460139406.626827
104 1460139406.690817
105 1460139406.786953
110 1460139406.938824
103 1460139406.998096
115 1460139407.154875
44 1460139407.298903
32 1460139407.506929
98 1460139407.714876
111 1460139407.986907
116 1460139408.098898
104 1460139408.250864
32 1460139408.362943
116 1460139408.618889
101 1460139408.810790
109 1460139408.962851
112 1460139409.138866
111 1460139409.338856
114 1460139409.490835
116 1460139409.706841
97 1460139409.826811
8 1460139410.290860
8 1460139410.466867
97 1460139410.675068
108 1460139410.818790
44 1460139411.050840
8 1460139411.482976
32 1460139411.730863
97 1460139411.906827
110 1460139412.002821
100 1460139412.122906
32 1460139412.202766
115 1460139412.370909
112 1460139412.514844
105 1460139412.786888
114 1460139412.954782
105 1460139413.066786
116 1460139413.386827
117 1460139413.722801
97 1460139413.978826
108 1460139414.114848
59 1460139414.802914
32 1460139415.098774
97 1460139415.818863
110 1460139415.946839
100 1460139416.042743
32 1460139416.122715
105 1460139416.234755
102 1460139416.370808
32 1460139416.506788
116 1460139416.714783
104 1460139416.842793
101 1460139416.901963
121 1460139417.066830
32 1460139417.202849
104 1460139417.466810
111 1460139417.674772
100 1460139417.946817
8 1460139418.418763
108 1460139418.682792
100 1460139418.842789
32 1460139418.994795
111 1460139419.146821
117 1460139419.346789
116 1460139419.498706
32 1460139419.634753
102 1460139419.922810
97 1460139420.066715
105 1460139420.218841
116 1460139420.682934
104 1460139420.802844
102 1460139421.186846
117 1460139421.298757
108 1460139421.594786
32 1460139421.882798
116 1460139422.098748
111 1460139422.170700
32 1460139422.298775
116 1460139422.458753
104 1460139422.522776
101 1460139422.650803
32 1460139422.786839
101 1460139423.058838
110 1460139423.290766
100 1460139423.442726
32 1460139423.610731
116 1460139423.802763
104 1460139423.898812
101 1460139423.981202
121 1460139424.154781
32 1460139424.306725
97 1460139424.482701
114 1460139424.594692
101 1460139424.690647
32 1460139424.810661
114 1460139425.050743
101 1460139425.186728
99 1460139425.546753
101 1460139426.258821
105 1460139426.682744
99 1460139426.890732
8 1460139427.554995
118 1460139428.050676
101 1460139428.218699
100 1460139428.442661
32 1460139428.570637
105 1460139428.858739
110 1460139429.090668
116 1460139429.194588
32 1460139429.306580
110 1460139429.658756
8 1460139429.954665
8 1460139430.154649
111 1460139430.858701
32 1460139430.994539
104 1460139431.146621
101 1460139431.258607
97 1460139431.386687
118 1460139431.546714
101 1460139431.866667
110 1460139432.290687
44 1460139432.546648
32 1460139432.722666
116 1460139432.922668
104 1460139432.986561
97 1460139433.074535
116 1460139433.186603
32 1460139433.314609
116 1460139433.490685
104 1460139433.602593
101 1460139433.674564
114 1460139433.778637
101 1460139433.890566
98 1460139434.218679
121 1460139434.466658
32 1460139434.642599
116 1460139434.826620
104 1460139434.954589
101 1460139435.016189
121 1460139435.186663
32 1460139435.322525
109 1460139435.522612
97 1460139435.634610
121 1460139435.810634
32 1460139435.970548
100 1460139436.338686
119 1460139436.602726
108 1460139436.906643
108 1460139437.058560
32 1460139437.266660
8 1460139437.618614
8 1460139437.778492
8 1460139437.946549
101 1460139438.434672
108 1460139438.602600
108 1460139438.778548
32 1460139439.010565
119 1460139439.186602
105 1460139439.314615
116 1460139439.418610
104 1460139439.538509
32 1460139439.602546
71 1460139439.930552
111 1460139440.042477
100 1460139440.234520
32 1460139440.338487
105 1460139440.506555
110 1460139440.690547
32 1460139440.751724
97 1460139440.858565
32 1460139441.010570
115 1460139441.346608
116 1460139441.546509
97 1460139441.698451
116 1460139441.802484
101 1460139442.002592
32 1460139442.162606
111 1460139442.362597
102 1460139442.482527
32 1460139442.578472
110 1460139443.026638
101 1460139443.146566
118 1460139443.354487
101 1460139443.506472
114 1460139443.618478
45 1460139444.194543
101 1460139444.370500
110 1460139444.514534
100 1460139444.642460
105 1460139444.754428
110 1460139444.898471
103 1460139445.002405
32 1460139445.706554
104 1460139445.938439
97 1460139446.066499
112 1460139446.698559
112 1460139446.898559
105 1460139447.250580
110 1460139447.466482
101 1460139447.578563
115 1460139447.730490
115 1460139447.882443
46 1460139448.282602
32 1460139448.562446
79 1460139449.699089
32 1460139449.914495
114 1460139450.178472
101 1460139450.330426
109 1460139450.482429
101 1460139450.610484
109 1460139450.762440
98 1460139451.090484
101 1460139451.314437
114 1460139451.474470
44 1460139451.858509
