70 1460064350.285150
111 1460064350.429071
117 1460064350.533138
114 1460064350.645113
32 1460064350.789101
115 1460064350.957095
99 1460064351.141147
111 1460064351.237178
114 1460064351.341043
101 1460064351.445204
32 1460064351.525086
97 1460064351.661192
110 1460064351.901103
100 1460064351.957042
32 1460064352.109190
115 1460064352.237095
101 1460064352.341148
118 1460064352.613129
101 1460064352.773081
110 1460064353.005215
32 1460064353.133092
121 1460064353.373159
101 1460064353.637211
97 1460064353.789058
114 1460064353.893089
32 1460064354.253259
8 1460064354.893558
115 1460064355.109128
32 1460064355.245061
97 1460064355.381115
103 1460064355.533059
111 1460064355.637041
32 1460064355.765112
111 1460064356.069184
117 1460064356.229110
114 1460064356.373076
32 1460064356.493090
102 1460064356.949139
97 1460064357.101071
116 1460064357.261019
104 1460064357.412973
101 1460064357.476985
114 1460064357.549035
32 1460064357.757052
8 1460064358.365097
115 1460064358.589074
32 1460064358.741038
98 1460064358.981097
111 1460064359.149060
114 1460064359.325026
8 1460064360.085107
8 1460064360.269020
114 1460064360.581041
111 1460064361.205054
117 1460064361.445146
103 1460064361.621024
104 1460064361.709023
116 1460064361.813008
32 1460064361.965066
102 1460064362.165091
111 1460064362.221097
114 1460064362.357114
116 1460064362.541069
104 1460064362.628992
32 1460064362.741014
111 1460064363.069090
110 1460064363.277006
32 1460064363.373029
116 1460064363.557048
104 1460064363.588455
105 1460064363.924981
115 1460064364.108966
32 1460064364.228980
99 1460064364.460956
111 1460064364.540951
110 1460064364.741089
116 1460064364.901024
105 1460064365.029016
110 1460064365.188929
101 1460064365.404983
110 1460064365.540911
116 1460064365.724955
32 1460064365.924997
97 1460064366.076962
32 1460064366.220899
110 1460064366.372964
101 1460064366.436887
119 1460064366.572901
32 1460064366.700952
110 1460064366.908991
97 1460064367.068930
116 1460064367.332952
105 1460064367.581132
111 1460064367.764899
110 1460064367.933020
44 1460064368.132979
32 1460064368.325012
99 1460064368.629014
111 1460064368.732894
110 1460064368.924996
99 1460064369.181080
101 1460064369.373010
105 1460064369.564930
118 1460064369.732914
101 1460064369.924882
100 1460064370.133014
32 1460064370.244909
105 1460064370.380865
110 1460064370.548890
32 1460064370.652891
108 1460064370.796836
101 1460064370.964905
98 1460064371.229027
118 1460064371.273032
8 1460064371.749028
8 1460064371.932925
8 1460064372.108924
105 1460064372.764956
98 1460064373.060965
101 1460064373.260916
114 1460064373.332973
116 1460064373.572935
121 1460064373.772889
44 1460064374.037017
32 1460064374.212873
97 1460064374.380897
110 1460064374.500908
100 1460064374.596914
32 1460064374.676837
100 1460064374.860949
101 1460064375.052912
100 1460064375.292893
105 1460064375.412928
99 1460064375.564887
97 1460064375.724844
116 1460064375.876940
101 1460064376.020816
100 1460064376.236946
32 1460064376.380827
116 1460064376.572903
111 1460064376.684805
32 1460064376.788998
116 1460064376.892800
104 1460064376.964813
101 1460064377.068805
32 1460064377.156832
112 1460064377.308841
114 1460064377.492808
111 1460064377.596860
112 1460064377.788761
111 1460064378.316863
115 1460064378.764877
105 1460064379.076822
116 1460064379.300819
105 1460064379.380817
111 1460064379.564840
110 1460064379.748800
32 1460064379.916808
116 1460064380.044829
104 1460064380.115533
97 1460064380.180769
116 1460064380.260761
32 1460064380.372808
108 1460064380.932855
108 1460064381.116815
8 1460064381.580846
8 1460064381.740771
97 1460064382.044868
108 1460064382.244796
108 1460064382.420777
32 1460064382.636794
109 1460064382.732780
101 1460064382.892768
110 1460064383.020766
32 1460064383.172843
97 1460064383.332801
114 1460064383.468899
101 1460064383.564777
32 1460064383.692798
99 1460064383.956920
114 1460064384.164836
101 1460064384.252802
97 1460064384.356822
116 1460064384.484827
101 1460064384.628782
100 1460064384.868842
32 1460064384.972845
101 1460064385.268867
113 1460064385.524782
97 1460064385.788800
117 1460064386.100842
105 1460064386.163645
8 1460064386.468885
8 1460064386.636775
8 1460064386.820797
101 1460064387.212866
97 1460064387.404773
8 1460064387.788878
8 1460064387.948750
117 1460064388.188871
97 1460064388.364829
108 1460064388.508813
46 1460064389.268791
10 1460064389.612782
10 1460064389.820743
78 1460064390.292763
111 1460064390.508735
119 1460064390.684824
32 1460064390.948812
119 1460064391.084724
101 1460064391.212841
32 1460064391.316773
97 1460064391.436868
114 1460064391.532746
101 1460064391.612698
32 1460064391.740779
101 1460064391.916711
110 1460064392.364772
103 1460064392.588787
97 1460064392.756758
103 1460064392.852738
101 1460064393.044771
100 1460064393.260788
32 1460064393.372734
105 1460064393.588789
110 1460064393.788768
32 1460064393.861189
97 1460064393.980662
32 1460064394.148728
103 1460064394.548732
114 1460064394.748678
101 1460064394.868760
97 1460064394.980628
116 1460064395.084705
32 1460064395.684763
118 1460064396.020769
105 1460064396.140682
118 1460064396.284687
105 1460064396.404634
8 1460064396.676756
8 1460064396.844705
8 1460064396.988735
8 1460064397.124648
99 1460064397.596814
105 1460064397.812680
118 1460064398.020701
105 1460064398.140652
108 1460064398.348733
32 1460064398.580693
119 1460064398.796711
97 1460064398.908684
114 1460064399.020776
44 1460064399.620713
32 1460064399.780682
116 1460064400.100793
101 1460064400.284662
115 1460064400.764702
116 1460064400.932682
105 1460064401.124695
110 1460064401.340632
103 1460064401.452730
32 1460064401.628650
119 1460064401.852632
105 1460064401.964671
116 1460064402.108680
104 1460064402.204622
101 1460064402.348569
8 1460064402.604719
8 1460064402.780749
8 1460064402.940673
8 1460064403.076608
104 1460064403.484712
101 1460064403.588616
116 1460064403.740691
104 1460064404.172746
101 1460064404.332647
114 1460064404.484658
32 1460064404.676627
111 1460064405.076699
116 1460064405.172602
8 1460064405.500649
8 1460064405.692651
116 1460064406.268695
104 1460064406.444662
97 1460064406.548567
116 1460064406.652534
32 1460064406.820605
110 1460064407.028602
97 1460064407.116611
116 1460064407.236564
105 1460064407.372552
111 1460064407.676685
110 1460064407.908660
44 1460064408.124682
32 1460064408.316543
111 1460064408.476573
114 1460064408.604574
32 1460064408.780674
97 1460064408.996742
110 1460064409.100687
121 1460064409.228532
32 1460064409.428544
110 1460064409.692562
97 1460064410.004631
116 1460064410.148607
105 1460064410.724639
111 1460064410.924609
110 1460064411.108637
32 1460064411.372533
115 1460064411.740576
111 1460064411.852556
32 1460064412.044574
99 1460064412.332655
111 1460064412.428525
110 1460064412.636538
99 1460064413.428690
101 1460064413.700575
105 1460064413.852501
118 1460064414.028549
101 1460064414.228572
100 1460064414.436557
44 1460064414.564534
32 1460064414.700604
97 1460064414.876565
110 1460064415.036527
8 1460064415.324659
8 1460064415.484612
8 1460064415.644501
8 1460064415.780508
32 1460064416.188648
97 1460064416.316458
110 1460064416.468488
100 1460064416.556831
32 1460064416.644549
115 1460064417.052635
111 1460064417.212488
32 1460064417.388560
100 1460064417.612502
101 1460064417.844538
100 1460064418.108590
105 1460064418.316557
99 1460064418.412448
97 1460064418.556540
116 1460064418.700492
101 1460064418.852566
100 1460064419.052484
44 1460064419.252508
32 1460064419.452504
99 1460064419.636541
97 1460064419.748420
110 1460064419.860492
32 1460064419.988446
108 1460064420.188534
111 1460064420.388507
110 1460064420.588435
103 1460064420.684464
32 1460064420.852445
101 1460064421.012485
110 1460064421.164453
100 1460064421.340461
117 1460064421.452410
114 1460064421.876525
101 1460064422.036437
46 1460064422.268490
32 1460064422.492473
87 1460064423.028442
101 1460064423.204500
32 1460064423.372505
97 1460064423.524392
114 1460064423.644489
101 1460064423.740491
32 1460064423.860377
109 1460064424.468605
101 1460064424.636546
116 1460064424.828509
32 1460064424.988477
111 1460064425.212483
110 1460064425.436486
32 1460064425.564375
97 1460064425.820544
32 1460064426.044421
103 1460064426.324548
114 1460064426.548439
101 1460064426.644454
97 1460064426.780396
116 1460064426.900442
32 1460064427.204502
98 1460064427.580496
97 1460064427.852424
116 1460064428.012412
116 1460064428.188433
108 1460064428.332373
101 1460064428.452455
102 1460064428.716429
105 1460064428.868370
101 1460064429.116421
108 1460064429.324412
100 1460064429.468322
32 1460064429.764521
111 1460064429.972493
102 1460064430.108370
32 1460064430.244498
116 1460064430.372341
104 1460064430.484394
97 1460064430.567302
116 1460064430.633246
32 1460064430.697671
119 1460064430.836443
97 1460064431.012399
114 1460064431.116391
46 1460064431.396481
32 1460064431.636348
87 1460064432.028368
101 1460064432.148484
101 1460064432.324323
32 1460064432.387864
8 1460064433.020482
8 1460064433.188390
32 1460064433.492470
104 1460064433.748361
97 1460064433.836450
118 1460064433.964335
101 1460064434.148401
32 1460064434.252397
99 1460064434.452334
111 1460064434.532099
109 1460064434.684327
101 1460064434.749462
32 1460064434.844289
100 1460064435.068353
101 1460064435.364363
8 1460064435.788439
8 1460064435.972337
116 1460064436.388448
111 1460064436.532314
32 1460064436.780374
100 1460064437.060375
101 1460064437.244333
100 1460064437.468492
105 1460064437.596380
99 1460064437.748343
97 1460064437.884321
116 1460064438.028399
101 1460064438.172350
32 1460064438.324300
97 1460064438.476313
32 1460064438.620301
112 1460064438.836323
111 1460064439.012306
114 1460064439.156298
116 1460064439.372331
105 1460064439.484256
111 1460064439.668305
110 1460064439.876304
32 1460064440.076340
111 1460064440.228299
102 1460064440.340298
32 1460064440.492205
116 1460064440.724280
104 1460064440.836209
97 1460064440.918019
116 1460064440.988240
32 1460064441.100413
102 1460064441.340311
105 1460064441.484241
101 1460064441.612347
108 1460064441.764238
100 1460064441.900265
44 1460064442.140212
32 1460064442.380228
97 1460064442.596270
115 1460064442.780295
32 1460064442.924255
97 1460064443.092267
32 1460064443.204275
102 1460064443.428334
105 1460064443.540223
97 1460064443.676205
110 1460064443.780249
108 1460064443.972339
8 1460064444.356344
8 1460064444.524256
8 1460064444.676337
110 1460064444.980339
97 1460064445.292332
108 1460064445.508300
32 1460064445.908330
115 1460064446.756292
8 1460064447.156271
114 1460064447.332188
101 1460064447.452227
115 1460064447.612179
116 1460064447.708175
105 1460064447.828238
110 1460064448.100273
103 1460064448.276240
32 1460064448.388207
112 1460064448.860236
108 1460064449.084194
97 1460064449.180227
99 1460064449.388269
101 1460064449.532155
32 1460064449.652218
102 1460064449.892164
111 1460064450.012151
114 1460064450.116188
32 1460064450.252173
116 1460064450.436259
104 1460064450.499883
111 1460064450.756230
115 1460064450.868245
101 1460064450.996144
32 1460064451.124235
119 1460064451.396381
104 1460064451.492206
101 1460064451.668276
111 1460064455.516648
32 1460064455.708140
8 1460064456.308253
8 1460064456.484189
8 1460064456.620220
111 1460064457.252249
32 1460064457.428152
104 1460064457.716152
101 1460064457.828222
114 1460064457.924185
101 1460064458.028135
32 1460064458.148124
103 1460064458.436175
97 1460064458.572115
118 1460064458.740157
101 1460064458.900116
32 1460064459.004160
116 1460064459.164183
104 1460064459.276176
101 1460064459.372146
105 1460064459.524120
114 1460064459.636175
32 1460064459.796207
108 1460064459.996115
105 1460064460.172127
118 1460064460.244097
101 1460064460.420167
115 1460064460.628118
32 1460064460.720372
116 1460064460.884122
97 1460064461.020104
104 1460064461.088166
116 1460064461.156368
32 1460064461.244027
116 1460064461.444083
104 1460064461.604049
8 1460064461.828105
8 1460064461.996107
8 1460064462.132073
8 1460064462.268103
8 1460064462.404093
8 1460064462.540040
104 1460064462.908187
97 1460064463.060053
116 1460064463.196131
32 1460064463.324077
116 1460064463.484166
104 1460064463.564140
97 1460064463.634372
116 1460064463.716144
32 1460064463.860038
110 1460064464.028048
97 1460064464.115989
116 1460064464.260012
105 1460064464.372026
111 1460064464.572050
110 1460064464.747998
32 1460064464.908072
109 1460064465.020066
105 1460064465.212043
103 1460064465.332024
104 1460064465.436057
116 1460064465.572027
32 1460064465.756055
108 1460064465.932104
105 1460064466.124077
118 1460064466.388066
101 1460064466.588038
46 1460064466.732085
32 1460064466.972096
73 1460064467.364040
116 1460064467.499977
32 1460064467.636074
105 1460064467.787996
115 1460064467.876053
32 1460064468.108001
108 1460064468.340118
8 1460064468.668050
97 1460064469.372079
108 1460064469.515987
111 1460064469.964124
8 1460064470.308124
116 1460064470.668013
111 1460064470.804014
103 1460064471.068059
104 1460064471.211984
101 1460064471.747997
8 1460064471.851970
8 1460064472.116038
101 1460064472.420043
116 1460064472.587981
104 1460064472.684051
101 1460064472.787994
114 1460064472.892004
32 1460064473.060045
102 1460064473.804070
105 1460064473.963982
116 1460064474.276082
116 1460064474.475940
105 1460064474.611943
110 1460064474.796026
103 1460064474.899986
32 1460064475.011919
97 1460064475.324002
110 1460064475.499932
100 1460064475.596039
32 1460064475.707899
112 1460064475.875918
114 1460064476.003932
111 1460064476.131961
112 1460064476.331972
101 1460064476.475969
114 1460064476.595932
32 1460064476.979977
116 1460064477.139930
104 1460064477.219929
97 1460064477.287863
116 1460064477.395949
32 1460064477.491880
119 1460064477.747961
101 1460064477.932052
32 1460064478.051978
115 1460064478.283963
104 1460064478.387933
111 1460064478.547893
117 1460064478.627913
108 1460064478.819988
100 1460064478.931890
32 1460064479.027923
100 1460064479.179954
111 1460064479.283832
32 1460064479.435875
116 1460064479.611880
104 1460064479.685325
105 1460064479.835858
115 1460064479.947863
46 1460064480.123893
10 1460064480.675999
10 1460064480.963932
66 1460064481.635980
117 1460064481.883927
116 1460064482.019930
44 1460064482.187888
32 1460064482.307884
105 1460064482.715947
110 1460064482.907919
32 1460064483.035913
97 1460064483.203937
32 1460064483.315914
108 1460064483.523911
97 1460064483.619926
114 1460064483.723907
103 1460064483.947907
101 1460064484.107945
114 1460064484.187878
32 1460064484.339876
115 1460064484.515908
101 1460064484.715908
110 1460064484.875872
115 1460064484.963937
101 1460064485.083917
44 1460064485.275902
32 1460064485.491976
119 1460064485.723922
101 1460064485.859946
32 1460064485.971902
99 1460064486.163869
97 1460064486.307924
110 1460064486.475843
32 1460064486.715946
110 1460064486.843859
111 1460064487.059932
116 1460064487.195873
32 1460064487.331952
100 1460064487.491902
101 1460064487.683917
100 1460064487.891916
105 1460064488.019930
99 1460064488.131855
97 1460064488.243933
116 1460064488.379822
101 1460064488.539850
44 1460064488.755808
32 1460064488.907773
119 1460064489.083811
101 1460064489.211800
32 1460064489.347852
99 1460064489.531834
97 1460064489.675860
110 1460064489.875856
32 1460064490.059795
110 1460064490.219884
111 1460064490.427795
116 1460064490.539787
32 1460064490.643764
99 1460064490.955901
111 1460064491.061053
110 1460064491.227813
115 1460064491.411875
101 1460064491.627836
99 1460064493.148062
114 1460064493.411829
97 1460064493.523854
116 1460064493.643815
101 1460064493.779761
44 1460064494.043813
32 1460064494.195827
119 1460064494.467795
101 1460064494.627874
32 1460064494.747891
99 1460064495.035889
97 1460064495.163776
110 1460064495.355824
32 1460064495.531793
110 1460064495.691842
111 1460064495.923769
116 1460064496.067802
32 1460064496.187782
104 1460064496.563907
97 1460064496.707805
108 1460064496.835779
108 1460064497.003709
111 1460064498.156358
119 1460064498.315738
32 1460064498.475689
116 1460064498.675743
104 1460064498.742375
115 1460064499.051794
32 1460064499.203762
103 1460064499.507798
8 1460064499.787830
8 1460064499.955710
8 1460064500.115787
105 1460064500.716325
115 1460064500.851673
32 1460064500.979676
103 1460064501.235786
114 1460064501.523793
111 1460064501.659674
117 1460064501.827747
110 1460064502.091800
100 1460064502.547851
46 1460064502.683774
32 1460064502.915815
84 1460064503.387721
104 1460064503.515733
101 1460064503.595717
32 1460064503.715761
98 1460064503.931695
114 1460064504.139769
97 1460064504.243745
118 1460064504.475733
101 1460064504.659682
32 1460064504.747694
109 1460064504.979630
101 1460064505.091685
110 1460064505.219720
44 1460064505.531741
32 1460064505.763689
108 1460064505.955703
105 1460064506.155700
118 1460064506.259578
105 1460064506.411724
110 1460064506.803715
103 1460064507.643798
32 1460064507.867719
97 1460064508.011680
110 1460064508.179723
100 1460064508.246956
32 1460064508.331646
100 1460064508.499728
101 1460064508.691689
97 1460064508.779725
100 1460064508.931679
44 1460064509.139643
32 1460064509.299628
119 1460064509.491618
104 1460064509.595650
111 1460064509.787684
32 1460064509.971747
115 1460064510.251709
116 1460064510.451617
114 1460064510.667691
117 1460064510.955664
103 1460064511.227678
103 1460064511.427612
108 1460064511.667686
101 1460064511.787562
100 1460064512.027893
32 1460064512.139568
104 1460064512.395654
101 1460064512.475659
114 1460064512.587650
101 1460064512.667659
44 1460064512.843648
32 1460064513.075661
104 1460064513.339676
97 1460064513.435667
118 1460064513.571646
101 1460064513.747653
32 1460064513.843673
99 1460064514.083531
111 1460064514.291523
110 1460064514.507614
99 1460064514.683635
8 1460064515.283642
115 1460064515.459589
101 1460064515.659657
99 1460064515.931594
114 1460064516.179671
97 1460064516.347749
116 1460064516.531656
101 1460064516.683603
100 1460064516.883721
32 1460064517.411634
105 1460064517.627570
116 1460064517.819500
44 1460064518.091560
32 1460064518.283552
102 1460064518.491557
97 1460064518.643500
114 1460064518.787649
32 1460064518.939638
97 1460064519.115617
98 1460064519.323557
111 1460064519.403604
118 1460064519.899637
101 1460064520.099611
32 1460064520.235533
111 1460064520.443577
117 1460064520.523492
114 1460064520.651569
32 1460064520.779546
112 1460064521.195695
111 1460064521.459595
111 1460064521.627537
114 1460064522.003633
32 1460064522.171493
112 1460064522.435519
111 1460064522.651494
119 1460064522.899521
101 1460064523.075547
114 1460064523.195514
32 1460064523.363486
116 1460064523.547514
111 1460064523.643570
32 1460064523.739473
97 1460064523.875422
100 1460064524.083480
100 1460064524.259491
32 1460064524.379539
111 1460064524.579558
114 1460064524.741914
32 1460064524.827413
100 1460064525.251641
101 1460064525.443538
116 1460064525.635517
114 1460064525.971516
97 1460064526.307551
99 1460064526.531456
116 1460064526.755475
46 1460064526.939488
32 1460064527.067489
84 1460064527.459590
104 1460064527.603516
101 1460064527.691457
32 1460064527.835495
119 1460064528.291559
111 1460064528.419526
114 1460064528.555521
108 1460064528.699448
100 1460064528.811493
32 1460064528.971436
119 1460064529.227651
105 1460064529.371453
108 1460064529.571477
108 1460064529.723425
32 1460064530.003443
108 1460064530.579501
105 1460064531.203486
116 1460064531.619533
116 1460064531.779485
108 1460064531.931429
101 1460064532.051372
32 1460064532.179409
110 1460064532.339383
111 1460064532.523458
116 1460064532.603401
101 1460064532.771437
44 1460064532.899416
32 1460064533.075461
110 1460064533.227409
111 1460064533.427495
116 1460064533.507431
32 1460064533.651424
108 1460064533.763508
105 1460064533.963527
8 1460064534.283493
8 1460064534.467474
8 1460064534.619397
8 1460064534.779348
114 1460064535.075558
32 1460064535.251450
108 1460064535.443415
111 1460064535.667412
110 1460064536.003482
103 1460064536.171359
32 1460064536.299415
114 1460064536.595439
101 1460064536.739351
109 1460064536.883425
101 1460064536.979344
109 1460064537.107314
98 1460064537.307467
118 1460064537.376265
8 1460064537.979525
101 1460064538.259470
114 1460064538.435333
32 1460064538.659371
119 1460064538.851324
104 1460064538.963399
97 1460064539.059327
116 1460064539.211373
32 1460064539.691494
119 1460064539.827346
101 1460064539.987307
32 1460064540.107382
97 1460064540.523343
8 1460064540.939415
115 1460064541.171374
97 1460064541.299341
121 1460064541.491358
32 1460064541.699355
104 1460064541.851308
101 1460064541.931311
114 1460064542.051459
101 1460064542.139318
44 1460064542.355375
32 1460064542.555361
98 1460064542.939346
117 1460064543.123302
116 1460064543.251279
32 1460064543.371269
105 1460064543.667385
116 1460064544.395439
32 1460064544.579324
99 1460064544.899256
97 1460064545.099334
110 1460064545.251327
32 1460064545.571412
110 1460064546.499367
101 1460064546.883359
118 1460064547.147331
101 1460064547.315393
114 1460064547.395256
32 1460064547.531426
102 1460064547.739288
111 1460064547.867254
114 1460064547.971247
103 1460064548.171290
101 1460064548.323282
116 1460064548.459387
32 1460064548.611322
119 1460064548.915326
104 1460064549.107313
97 1460064549.195329
116 1460064549.339296
32 1460064549.499359
116 1460064549.675324
104 1460064549.803254
101 1460064549.870264
121 1460064550.027319
32 1460064550.179178
100 1460064550.379281
105 1460064550.515219
100 1460064550.627213
32 1460064550.875276
104 1460064551.051231
101 1460064551.118815
114 1460064551.187235
101 1460064551.299266
46 1460064551.515203
32 1460064551.739167
73 1460064552.115213
116 1460064552.243144
32 1460064552.387265
105 1460064552.523206
115 1460064552.635191
32 1460064552.771223
102 1460064552.939277
111 1460064553.035168
114 1460064553.131265
32 1460064553.227237
117 1460064553.459193
115 1460064553.643266
32 1460064553.779172
116 1460064553.987242
104 1460064554.171235
101 1460064554.275232
32 1460064554.419157
108 1460064554.603186
105 1460064554.803179
118 1460064554.971181
105 1460064555.051204
110 1460064555.235222
103 1460064555.667369
44 1460064555.875272
32 1460064556.067235
114 1460064556.411332
97 1460064556.587194
116 1460064556.755217
104 1460064556.836915
101 1460064557.467262
114 1460064557.619265
44 1460064557.947229
32 1460064558.147180
116 1460064558.371176
111 1460064558.451136
32 1460064558.579231
98 1460064558.795154
101 1460064559.003178
32 1460064559.371228
100 1460064559.595132
101 1460064559.795193
100 1460064560.027245
105 1460064560.171174
99 1460064560.299165
97 1460064560.419112
116 1460064560.571106
101 1460064560.731107
32 1460064560.907188
104 1460064561.227244
101 1460064561.291494
114 1460064561.379107
101 1460064561.499138
8 1460064561.707187
8 1460064561.891136
8 1460064562.051077
8 1460064562.195147
8 1460064562.347178
100 1460064562.587205
32 1460064562.763131
104 1460064562.995087
101 1460064563.058664
114 1460064563.163036
101 1460064563.275091
32 1460064563.475073
116 1460064563.755082
111 1460064563.875077
32 1460064563.979055
116 1460064564.131209
104 1460064564.208370
101 1460064564.315192
32 1460064564.411141
117 1460064565.027147
110 1460064565.235142
102 1460064565.451092
105 1460064565.555127
110 1460064565.723088
105 1460064565.875103
115 1460064566.059039
104 1460064566.235039
101 1460064566.427012
100 1460064566.667138
32 1460064566.755058
119 1460064566.979106
111 1460064567.059076
114 1460064567.211073
107 1460064567.315082
32 1460064567.451093
119 1460064567.619068
104 1460064567.699052
105 1460064567.851084
99 1460064568.051111
104 1460064568.147076
32 1460064568.307111
116 1460064568.619183
104 1460064568.763045
101 1460064568.830415
121 1460064569.051180
32 1460064569.227184
119 1460064569.427121
104 1460064569.707172
111 1460064569.891111
32 1460064570.059169
102 1460064570.235087
111 1460064570.313313
117 1460064571.267179
103 1460064571.523106
104 1460064571.667035
116 1460064571.763027
32 1460064571.907095
104 1460064572.123149
101 1460064572.211021
114 1460064572.323076
101 1460064572.419110
32 1460064572.659084
104 1460064572.899017
97 1460064572.979070
118 1460064573.099064
101 1460064573.267084
32 1460064573.363124
116 1460064573.531106
104 1460064573.595052
117 1460064573.803056
115 1460064574.251180
32 1460064574.411070
102 1460064574.611183
97 1460064574.746959
114 1460064574.867052
32 1460064575.019103
115 1460064575.259142
111 1460064575.360325
32 1460064575.555180
110 1460064576.427247
111 1460064576.667126
98 1460064576.859013
108 1460064576.979007
121 1460064577.091102
32 1460064577.331036
97 1460064577.651164
100 1460064577.979011
118 1460064578.291049
97 1460064578.498953
110 1460064578.682958
99 1460064578.802920
101 1460064578.963064
100 1460064579.187188
46 1460064579.347015
32 1460064579.499070
73 1460064579.891042
116 1460064580.010991
32 1460064580.171009
105 1460064580.306983
115 1460064580.411018
32 1460064580.522950
114 1460064580.827041
97 1460064581.018987
116 1460064581.554990
104 1460064581.682937
101 1460064581.811021
114 1460064581.930893
32 1460064582.042958
102 1460064582.258986
111 1460064582.379060
114 1460064582.538997
32 1460064582.698934
117 1460064582.931056
115 1460064583.091028
32 1460064583.330978
116 1460064583.507026
111 1460064583.586879
32 1460064583.698982
98 1460064583.899017
101 1460064584.122957
32 1460064584.210923
104 1460064584.482965
101 1460064584.626915
114 1460064584.762935
101 1460064584.826909
32 1460064585.002903
100 1460064585.242938
101 1460064585.442982
100 1460064585.746897
105 1460064585.922889
99 1460064586.050919
97 1460064586.202904
116 1460064586.354919
101 1460064586.506953
100 1460064586.738996
32 1460064586.874945
116 1460064587.107013
111 1460064587.226933
32 1460064587.338894
116 1460064587.554943
104 1460064587.659013
101 1460064587.742275
32 1460064587.858983
103 1460064588.186992
114 1460064588.418962
101 1460064588.522943
97 1460064588.642942
116 1460064588.746921
101 1460064588.898898
32 1460064589.074954
8 1460064589.546976
8 1460064589.722912
32 1460064590.162969
116 1460064590.386846
97 1460064590.538851
115 1460064590.746853
107 1460064590.914820
32 1460064591.146906
114 1460064591.643008
101 1460064591.818926
109 1460064591.994814
97 1460064592.154918
105 1460064592.298890
110 1460064592.498816
105 1460064592.666879
110 1460064592.810832
103 1460064593.018824
32 1460064593.234909
98 1460064593.570976
101 1460064593.770886
102 1460064594.002864
111 1460064594.146858
114 1460064594.282928
101 1460064594.386806
32 1460064594.570916
117 1460064594.938880
115 1460064595.082818
45 1460064595.818988
116 1460064596.106885
104 1460064596.234767
97 1460064596.297024
116 1460064596.370752
32 1460064596.834950
102 1460064597.050909
114 1460064597.242877
111 1460064597.333156
109 1460064597.490858
32 1460064597.610858
104 1460064597.810832
116 1460064597.873138
8 1460064598.370923
8 1460064598.546803
116 1460064598.914829
104 1460064599.026782
101 1460064599.122802
101 1460064599.322837
115 1460064599.392195
8 1460064600.058912
8 1460064600.226825
115 1460064600.442878
101 1460064600.554764
32 1460064600.714782
104 1460064601.082895
111 1460064601.314786
110 1460064601.514840
111 1460064602.026832
114 1460064602.322854
100 1460064602.570816
101 1460064602.754781
8 1460064603.298886
8 1460064603.466776
101 1460064603.722758
100 1460064603.946754
32 1460064604.090818
100 1460064604.298821
101 1460064604.498724
97 1460064604.642728
100 1460064604.834755
32 1460064605.346802
119 1460064605.514741
101 1460064605.690766
32 1460064605.818715
116 1460064606.106797
97 1460064606.242703
107 1460064606.362725
101 1460064606.482686
32 1460064606.586808
105 1460064606.906794
110 1460064607.258821
99 1460064607.498776
114 1460064607.786741
101 1460064608.370836
97 1460064608.506714
115 1460064608.626716
101 1460064608.850726
100 1460064609.130755
32 1460064609.258658
100 1460064609.546776
101 1460064609.746681
118 1460064609.986803
105 1460064610.178809
8 1460064610.874817
111 1460064611.250725
116 1460064611.474728
105 1460064611.578650
111 1460064611.778696
110 1460064611.954627
32 1460064612.122693
116 1460064612.370703
104 1460064612.437532
8 1460064612.882801
111 1460064613.178855
32 1460064613.346666
116 1460064613.626758
104 1460064613.714641
97 1460064613.810674
116 1460064613.898763
32 1460064614.050675
99 1460064614.378739
111 1460064614.490666
8 1460064614.962847
97 1460064615.202623
117 1460064615.354653
115 1460064615.482679
101 1460064615.658644
32 1460064615.786712
102 1460064616.098720
111 1460064616.210648
32 1460064616.594697
119 1460064616.762705
104 1460064616.882664
105 1460064617.018600
99 1460064617.290743
8 1460064617.586701
8 1460064617.754553
8 1460064617.922646
8 1460064618.082600
8 1460064618.370750
114 1460064618.810706
32 1460064618.994634
119 1460064619.186684
104 1460064619.298601
105 1460064619.538618
99 1460064619.762614
104 1460064619.842609
32 1460064620.074630
116 1460064620.322666
104 1460064620.434692
101 1460064620.514612
121 1460064620.714676
32 1460064620.882668
103 1460064621.130819
97 1460064621.274540
118 1460064621.426610
101 1460064621.602665
32 1460064621.674598
116 1460064621.858633
104 1460064621.978692
101 1460064622.050580
32 1460064622.178706
108 1460064622.298642
97 1460064622.410660
115 1460064622.506620
116 1460064622.666756
32 1460064622.818685
102 1460064623.010690
117 1460064623.138618
108 1460064623.378676
108 1460064623.506634
32 1460064623.674614
109 1460064623.810570
101 1460064623.930538
97 1460064624.042680
115 1460064624.194646
117 1460064624.482661
114 1460064624.618544
101 1460064624.722566
32 1460064624.826681
111 1460064625.026617
102 1460064625.154477
32 1460064625.370542
100 1460064625.562577
101 1460064625.746577
118 1460064625.954526
105 1460064626.098616
116 1460064626.274627
105 1460064626.370518
111 1460064626.546537
110 1460064626.738541
44 1460064627.266557
8 1460064627.610610
8 1460064627.794570
8 1460064627.938572
8 1460064628.082526
8 1460064628.226487
8 1460064628.434480
111 1460064628.874601
116 1460064629.154677
105 1460064629.266441
111 1460064629.450528
110 1460064629.658500
48 1460064630.546559
8 1460064631.178802
45 1460064631.730525
116 1460064632.130605
104 1460064632.242499
97 1460064632.309004
116 1460064632.402535
32 1460064632.562459
119 1460064632.738512
101 1460064632.882475
32 1460064633.058470
104 1460064633.474538
101 1460064633.540445
114 1460064633.642454
101 1460064633.722479
32 1460064633.850526
104 1460064634.082542
103 1460064634.266495
105 1460064634.364902
104 1460064634.546456
8 1460064635.018517
8 1460064635.186515
8 1460064635.338490
105 1460064635.906470
103 1460064636.122470
104 1460064636.202512
108 1460064636.378513
121 1460064636.522478
32 1460064636.770474
114 1460064637.050515
101 1460064637.186532
115 1460064637.458511
111 1460064637.722441
108 1460064637.946468
118 1460064638.114465
101 1460064638.298455
32 1460064638.418476
116 1460064638.634571
111 1460064638.754414
8 1460064639.234606
104 1460064639.794458
97 1460064639.882456
116 1460064640.034452
32 1460064640.162448
116 1460064640.314430
104 1460064640.410404
101 1460064640.494060
115 1460064640.618423
101 1460064640.706658
32 1460064640.826409
100 1460064641.098492
101 1460064641.274452
97 1460064641.386373
100 1460064641.562371
32 1460064641.738447
115 1460064642.034389
104 1460064642.298413
97 1460064642.474348
108 1460064642.602433
108 1460064642.762400
32 1460064642.922405
110 1460064643.050331
111 1460064643.234403
116 1460064643.330350
32 1460064643.434440
104 1460064643.594376
97 1460064643.666366
118 1460064643.826298
101 1460064644.002356
32 1460064644.074372
100 1460064644.626421
105 1460064644.770343
101 1460064644.914278
100 1460064645.146417
32 1460064645.266419
105 1460064645.394354
110 1460064645.570419
32 1460064645.658401
118 1460064645.890376
97 1460064646.034286
105 1460064646.258402
110 1460064646.466273
45 1460064646.858338
116 1460064647.146345
104 1460064647.242349
97 1460064647.306272
116 1460064647.418247
32 1460064647.570326
116 1460064647.802502
104 1460064647.898345
105 1460064648.074367
115 1460064648.202341
32 1460064648.466395
110 1460064648.770384
97 1460064648.914332
116 1460064649.082347
105 1460064649.194321
111 1460064649.402310
110 1460064649.634377
44 1460064649.842370
32 1460064650.066351
117 1460064650.674420
110 1460064650.898332
100 1460064651.042326
101 1460064651.210419
114 1460064651.354306
32 1460064651.482389
71 1460064651.794289
111 1460064651.882365
100 1460064652.098356
44 1460064652.298296
32 1460064652.578282
115 1460064652.850326
104 1460064652.962296
97 1460064653.090329
108 1460064653.202424
108 1460064653.362363
32 1460064653.530326
104 1460064653.738350
97 1460064653.818226
118 1460064653.946226
101 1460064654.170381
32 1460064654.234502
97 1460064654.850364
32 1460064655.026295
110 1460064655.218280
101 1460064655.338252
119 1460064655.514273
32 1460064656.202933
98 1460064656.450244
117 1460064656.938271
114 1460064657.290296
8 1460064657.530254
8 1460064657.706200
105 1460064658.418399
114 1460064658.586257
116 1460064658.778338
104 1460064658.882192
32 1460064659.122283
111 1460064659.330238
102 1460064659.450291
32 1460064659.562214
102 1460064659.778231
114 1460064659.994191
101 1460064660.170221
101 1460064660.338198
100 1460064661.106385
111 1460064661.256878
109 1460064661.458159
45 1460064662.018274
97 1460064662.426384
110 1460064662.626212
100 1460064662.730204
32 1460064662.834135
116 1460064663.026186
104 1460064663.092822
97 1460064663.170118
116 1460064663.274094
32 1460064663.418148
103 1460064664.218275
111 1460064664.618334
118 1460064664.762146
101 1460064664.978240
114 1460064665.162134
110 1460064665.354187
109 1460064665.778230
101 1460064665.938181
110 1460064666.034194
116 1460064666.178180
32 1460064666.354202
111 1460064666.602128
102 1460064666.690145
32 1460064666.818144
116 1460064667.026179
104 1460064667.092541
101 1460064667.194083
32 1460064667.306195
112 1460064667.450205
101 1460064667.634214
111 1460064667.714129
112 1460064667.882165
108 1460064668.290261
101 1460064668.562186
44 1460064668.850162
32 1460064669.098193
98 1460064669.314147
117 1460064669.474180
8 1460064669.954294
121 1460064670.146141
32 1460064670.346221
116 1460064670.498071
104 1460064670.602108
101 1460064670.682127
32 1460064670.802196
112 1460064670.954163
101 1460064671.106121
111 1460064671.202094
112 1460064671.378110
101 1460064671.498133
8 1460064672.210279
108 1460064672.714174
101 1460064672.834128
44 1460064673.018110
32 1460064673.194092
102 1460064673.402088
111 1460064673.499049
114 1460064673.674158
32 1460064673.834103
116 1460064674.010136
104 1460064674.082090
101 1460064674.210129
32 1460064674.298121
112 1460064674.458037
101 1460064674.634045
111 1460064674.714284
112 1460064674.866028
108 1460064675.114081
101 1460064675.362051
44 1460064675.714150
32 1460064676.050063
115 1460064676.298021
104 1460064676.410138
97 1460064676.554049
108 1460064676.658073
108 1460064676.818055
32 1460064676.986046
110 1460064677.146080
111 1460064677.362036
116 1460064677.642111
32 1460064677.818116
112 1460064678.162172
101 1460064678.274100
114 1460064678.410113
105 1460064678.570005
115 1460064678.698030
104 1460064679.370164
32 1460064679.618048
102 1460064679.858097
114 1460064680.066072
111 1460064680.178137
109 1460064680.386071
32 1460064680.546016
116 1460064680.714053
104 1460064680.778379
101 1460064680.874027
32 1460064680.986001
101 1460064681.290081
97 1460064681.425996
114 1460064681.586058
116 1460064681.810075
104 1460064682.050009
46 1460064682.386063
10 1460064683.866511
