78 1455132637.492136
111 1455132637.676090
116 1455132637.844038
101 1455132637.996140
32 1455132638.132137
116 1455132638.268019
104 1455132638.372023
97 1455132638.404007
116 1455132638.492115
32 1455132638.604027
105 1455132638.740091
110 1455132638.916161
32 1455132639.020129
116 1455132639.156029
104 1455132639.220044
101 1455132639.292129
32 1455132639.396081
112 1455132639.540132
97 1455132639.676013
112 1455132640.388062
101 1455132640.548063
114 1455132640.660100
32 1455132640.868056
8 1455132641.212145
44 1455132641.956079
32 1455132642.180111
116 1455132642.532076
104 1455132642.604037
101 1455132642.708051
32 1455132642.884197
97 1455132643.132077
117 1455132643.347987
116 1455132643.588048
111 1455132643.796077
8 1455132644.124005
104 1455132644.412103
111 1455132644.604042
114 1455132644.820051
115 1455132644.987982
32 1455132645.155993
104 1455132645.540089
8 1455132645.860211
106 1455132646.380005
117 1455132646.548088
115 1455132646.612073
116 1455132646.756022
32 1455132646.916017
117 1455132647.300048
115 1455132647.435983
101 1455132647.572051
32 1455132647.652201
97 1455132647.756014
32 1455132647.900017
115 1455132648.108020
105 1455132648.636043
109 1455132648.899956
112 1455132649.035908
108 1455132649.244003
101 1455132649.371982
32 1455132649.539940
102 1455132650.179962
111 1455132650.323966
114 1455132650.507972
109 1455132650.748018
117 1455132651.051979
108 1455132651.251953
97 1455132651.371992
32 1455132651.595976
116 1455132651.859950
111 1455132652.035925
32 1455132652.220040
99 1455132652.724000
97 1455132652.867959
108 1455132653.019967
99 1455132653.459945
117 1455132653.739983
108 1455132653.963924
97 1455132654.107998
116 1455132654.283932
101 1455132654.443967
32 1455132654.587884
115 1455132655.267923
99 1455132655.516015
111 1455132655.731977
114 1455132655.859877
101 1455132655.995925
115 1455132656.187957
32 1455132656.355930
97 1455132656.675944
110 1455132656.843881
100 1455132656.923924
32 1455132657.035868
116 1455132657.235888
104 1455132657.339920
101 1455132657.452026
110 1455132657.603962
32 1455132657.731972
115 1455132658.004003
101 1455132658.147851
116 1455132658.347892
32 1455132658.507892
97 1455132658.643838
110 1455132658.819943
32 1455132659.019958
97 1455132659.483965
114 1455132659.811873
98 1455132660.075871
105 1455132660.219906
116 1455132660.459895
114 1455132660.675916
97 1455132660.811875
114 1455132660.939851
121 1455132662.003956
32 1455132662.443829
116 1455132662.707830
104 1455132662.843874
114 1455132663.123825
101 1455132663.435907
115 1455132663.643910
104 1455132663.907818
111 1455132664.163834
108 1455132664.579969
100 1455132664.803885
46 1455132665.235813
32 1455132665.635819
84 1455132666.155756
104 1455132666.395839
8 1455132666.739872
8 1455132666.899813
32 1455132667.227820
84 1455132667.747797
104 1455132667.899879
101 1455132668.011789
32 1455132668.315823
111 1455132668.611818
110 1455132668.899817
108 1455132669.123837
121 1455132669.291842
32 1455132669.507908
112 1455132669.643850
97 1455132669.771823
114 1455132669.899882
116 1455132670.115774
32 1455132670.267821
116 1455132670.555844
104 1455132670.603789
97 1455132670.723755
116 1455132670.811829
32 1455132670.955803
109 1455132671.107878
105 1455132671.299839
103 1455132671.483794
104 1455132671.571833
116 1455132671.699749
32 1455132671.835809
98 1455132672.387805
101 1455132672.603804
32 1455132672.843813
99 1455132673.379784
111 1455132673.483682
110 1455132673.667790
102 1455132673.787760
115 1455132674.235782
117 1455132674.443795
8 1455132674.819782
8 1455132674.995826
117 1455132675.723693
115 1455132675.931754
105 1455132676.019759
110 1455132676.203797
103 1455132676.315737
32 1455132676.547706
119 1455132676.963825
111 1455132677.115741
117 1455132677.219742
108 1455132677.427684
100 1455132677.587746
32 1455132677.723710
98 1455132677.915721
101 1455132678.139801
32 1455132678.243819
115 1455132678.443748
101 1455132678.611703
116 1455132678.851772
116 1455132679.027740
105 1455132679.195733
110 1455132679.379722
103 1455132679.483738
32 1455132679.667740
117 1455132680.067703
112 1455132680.307740
32 1455132680.611768
116 1455132680.851790
104 1455132680.963883
101 1455132681.035829
32 1455132681.171696
115 1455132681.339714
101 1455132681.483722
116 1455132681.651692
115 1455132681.763788
32 1455132681.915745
116 1455132682.227717
104 1455132682.291723
97 1455132682.403673
116 1455132682.491657
32 1455132682.643677
116 1455132682.843703
104 1455132682.987651
101 1455132683.027683
121 1455132683.259711
32 1455132683.475702
117 1455132683.883684
115 1455132684.027688
101 1455132684.179658
32 1455132684.307644
105 1455132685.747620
110 1455132685.971678
32 1455132686.515655
116 1455132687.539666
104 1455132687.659602
101 1455132687.747636
32 1455132687.899673
102 1455132688.259693
111 1455132688.619749
114 1455132688.771612
109 1455132689.035657
117 1455132689.259653
108 1455132689.459637
97 1455132689.571737
44 1455132689.891598
32 1455132690.115670
98 1455132690.555830
117 1455132690.667600
116 1455132690.859619
32 1455132691.011531
73 1455132691.307601
32 1455132691.419588
104 1455132691.635643
97 1455132691.747522
118 1455132691.923632
101 1455132692.107610
32 1455132692.211561
99 1455132693.259595
111 1455132693.339613
110 1455132693.571587
102 1455132693.691629
105 1455132693.835576
100 1455132693.947564
101 1455132694.147609
110 1455132694.275543
99 1455132694.523592
101 1455132694.667529
32 1455132694.827529
116 1455132695.115595
104 1455132695.195547
97 1455132695.267586
116 1455132695.355568
32 1455132695.499553
80 1455132695.899495
121 1455132696.579617
116 1455132696.803534
104 1455132696.891528
111 1455132697.043518
110 1455132697.235536
32 1455132697.387555
109 1455132697.539559
97 1455132697.643612
107 1455132697.811508
101 1455132697.907472
115 1455132698.059568
32 1455132698.155569
98 1455132698.411493
117 1455132699.491552
105 1455132699.659512
108 1455132699.843532
100 1455132699.987458
105 1455132700.147521
110 1455132700.323537
103 1455132700.451520
32 1455132700.683456
116 1455132700.923505
104 1455132701.059418
111 1455132701.235500
115 1455132701.363659
101 1455132701.523688
32 1455132701.939565
115 1455132702.315478
101 1455132702.435558
116 1455132702.635448
115 1455132702.755501
32 1455132702.867446
102 1455132703.155502
97 1455132703.275500
105 1455132703.379478
114 1455132703.507495
108 1455132703.699492
121 1455132703.835461
32 1455132704.067437
115 1455132704.539490
116 1455132704.715503
114 1455132704.923422
105 1455132705.035490
103 1455132705.339499
8 1455132705.635457
8 1455132705.803461
97 1455132706.083503
105 1455132706.387527
103 1455132706.563480
104 1455132706.667439
116 1455132706.803457
32 1455132707.027513
102 1455132707.251513
111 1455132707.427457
114 1455132707.603421
119 1455132708.043428
97 1455132708.163446
114 1455132708.291456
100 1455132708.515493
46 1455132708.827492
10 1455132709.427349
10 1455132710.083457
87 1455132711.075318
104 1455132711.291418
105 1455132711.459464
108 1455132711.627480
101 1455132711.819400
32 1455132712.075351
73 1455132712.499453
32 1455132712.675354
100 1455132712.875459
111 1455132713.627410
32 1455132714.259447
110 1455132714.435338
111 1455132714.619357
116 1455132714.803345
32 1455132714.963360
108 1455132715.115353
105 1455132715.291397
107 1455132715.475409
101 1455132715.611328
32 1455132715.723372
116 1455132715.899394
104 1455132715.955374
97 1455132716.051364
116 1455132716.147422
8 1455132716.555428
101 1455132716.843419
8 1455132717.051340
8 1455132717.259310
101 1455132717.539403
32 1455132717.819374
105 1455132718.163364
100 1455132718.299362
101 1455132718.483311
97 1455132718.603344
32 1455132718.779311
111 1455132718.939297
102 1455132719.075340
32 1455132719.179299
116 1455132719.563287
121 1455132719.787365
112 1455132720.083408
105 1455132720.291285
110 1455132720.491282
103 1455132720.619259
32 1455132720.779347
97 1455132720.923239
32 1455132721.091285
112 1455132721.299334
114 1455132721.491240
101 1455132721.771331
45 1455132722.547405
112 1455132722.931442
114 1455132723.075324
101 1455132723.227338
112 1455132723.635319
97 1455132723.787287
114 1455132723.947307
101 1455132724.083305
100 1455132724.419322
32 1455132725.011235
112 1455132725.371196
97 1455132725.507202
114 1455132725.675200
97 1455132725.811260
103 1455132726.147286
114 1455132726.371338
97 1455132726.491153
112 1455132726.651272
104 1455132726.891275
44 1455132727.299276
32 1455132727.587228
73 1455132727.907252
32 1455132728.035268
116 1455132728.283321
104 1455132728.355252
105 1455132728.475359
110 1455132728.659273
107 1455132729.267193
32 1455132729.539258
116 1455132729.715237
104 1455132729.819288
97 1455132729.875252
116 1455132729.979259
32 1455132730.115188
105 1455132730.427214
115 1455132731.443264
32 1455132731.707207
110 1455132732.075198
111 1455132732.275219
116 1455132732.395216
32 1455132732.531185
97 1455132732.635112
32 1455132732.835196
98 1455132733.099195
97 1455132733.323207
100 1455132733.507243
32 1455132733.683185
112 1455132734.131199
108 1455132734.371237
97 1455132734.483258
99 1455132734.683362
101 1455132734.819403
32 1455132734.979283
116 1455132735.283198
111 1455132735.379231
32 1455132735.539167
115 1455132735.739182
116 1455132735.891224
97 1455132736.019149
114 1455132736.123168
116 1455132736.323180
46 1455132736.483241
32 1455132736.859175
65 1455132737.395250
115 1455132737.659193
8 1455132738.147125
8 1455132738.315110
32 1455132738.691111
65 1455132739.195152
115 1455132739.459242
32 1455132739.731115
116 1455132740.339191
104 1455132740.475161
101 1455132740.555161
32 1455132741.539197
112 1455132741.739189
97 1455132741.939167
112 1455132743.603124
101 1455132743.923168
114 1455132744.083172
32 1455132744.387198
109 1455132745.235278
101 1455132745.419251
110 1455132745.539189
116 1455132745.731108
105 1455132745.859097
111 1455132746.091107
110 1455132746.435117
115 1455132746.691108
46 1455132746.987082
8 1455132747.363124
44 1455132747.987118
32 1455132748.411111
119 1455132748.987081
104 1455132749.147006
101 1455132749.251048
110 1455132749.387030
101 1455132749.515077
118 1455132749.811072
101 1455132750.051084
32 1455132750.331086
97 1455132750.491071
32 1455132750.611083
8 1455132750.971058
8 1455132751.154965
8 1455132751.299094
114 1455132751.531066
32 1455132751.715047
97 1455132752.043063
32 1455132752.219140
117 1455132752.667020
115 1455132752.811027
101 1455132752.970948
114 1455132753.114980
32 1455132753.339038
115 1455132753.619048
101 1455132753.859052
101 1455132754.027002
115 1455132754.659058
32 1455132754.962992
97 1455132755.155019
32 1455132755.291008
112 1455132756.587056
97 1455132756.819043
114 1455132757.019020
97 1455132757.194954
103 1455132757.627035
114 1455132757.827015
97 1455132758.027013
112 1455132758.226987
104 1455132758.483034
32 1455132759.058934
116 1455132759.234989
111 1455132759.330965
32 1455132759.466902
116 1455132759.691030
121 1455132759.954917
112 1455132760.122988
101 1455132760.298989
44 1455132760.538972
32 1455132760.746949
105 1455132761.106958
116 1455132761.234966
32 1455132761.378922
105 1455132761.946975
115 1455132762.082834
110 1455132762.234936
39 1455132763.258907
116 1455132763.483000
32 1455132764.250937
110 1455132764.467002
111 1455132764.666977
114 1455132764.786976
109 1455132764.938850
97 1455132765.106943
108 1455132765.210849
32 1455132765.442965
116 1455132765.666893
111 1455132765.738943
32 1455132765.874940
116 1455132766.058893
121 1455132766.258970
112 1455132766.466887
101 1455132766.650830
32 1455132766.834929
105 1455132767.034916
116 1455132767.194832
32 1455132767.354885
111 1455132768.402895
117 1455132768.578931
116 1455132768.786899
32 1455132768.962965
99 1455132769.602913
104 1455132769.778888
97 1455132769.962922
114 1455132770.178863
97 1455132770.314927
99 1455132770.538853
116 1455132770.778899
101 1455132770.922797
114 1455132771.026891
32 1455132771.194836
98 1455132771.570893
121 1455132771.946896
32 1455132772.370931
99 1455132772.666901
104 1455132772.850894
97 1455132772.906847
114 1455132773.042771
97 1455132773.170748
99 1455132773.346791
116 1455132773.682905
101 1455132773.858905
114 1455132773.962822
59 1455132774.930846
32 1455132775.602871
105 1455132775.914851
116 1455132776.082849
32 1455132776.234797
105 1455132776.562832
115 1455132776.754792
32 1455132776.906806
109 1455132777.466882
117 1455132777.730941
99 1455132777.874958
104 1455132778.002829
32 1455132778.330773
109 1455132778.538833
111 1455132778.730786
114 1455132778.858730
101 1455132779.002749
32 1455132779.122757
99 1455132779.370810
111 1455132779.842813
109 1455132780.122830
109 1455132780.258803
111 1455132780.442815
110 1455132780.834725
32 1455132781.146827
116 1455132781.554799
111 1455132781.674683
32 1455132781.834753
101 1455132782.058722
105 1455132782.170684
116 1455132782.426796
104 1455132782.538821
101 1455132782.650891
114 1455132782.778833
32 1455132782.994714
111 1455132783.346773
8 1455132783.738760
117 1455132784.034721
115 1455132784.250772
101 1455132784.386656
32 1455132784.522899
97 1455132784.690693
32 1455132784.818796
113 1455132785.330662
117 1455132785.514769
111 1455132786.042675
116 1455132786.306714
101 1455132786.466701
32 1455132786.898697
102 1455132787.106731
117 1455132787.242649
110 1455132787.466719
99 1455132787.602672
116 1455132787.858710
105 1455132787.962649
111 1455132788.170676
110 1455132788.386721
97 1455132788.602757
108 1455132788.786720
105 1455132788.962708
116 1455132789.098671
121 1455132789.362735
32 1455132789.906610
111 1455132790.130720
114 1455132790.250836
32 1455132790.378730
106 1455132790.642735
117 1455132790.834709
115 1455132790.962629
116 1455132791.122681
32 1455132791.322706
99 1455132791.778708
111 1455132791.946713
112 1455132792.114715
121 1455132792.618685
45 1455132793.370704
112 1455132793.642648
97 1455132793.722640
115 1455132793.866702
116 1455132794.130642
101 1455132794.306675
32 1455132794.746721
116 1455132794.914652
104 1455132795.034660
101 1455132795.090767
32 1455132795.210514
116 1455132795.698668
101 1455132795.866640
120 1455132796.130627
116 1455132796.346629
46 1455132796.546570
32 1455132796.890642
77 1455132797.258611
8 1455132797.666631
32 1455132797.986526
77 1455132798.402617
111 1455132798.594647
114 1455132798.706589
101 1455132798.850582
118 1455132799.122665
101 1455132799.394626
8 1455132799.738628
8 1455132799.922600
111 1455132800.290624
118 1455132800.794652
101 1455132800.986650
114 1455132801.122601
44 1455132801.554614
32 1455132801.826595
116 1455132802.346669
121 1455132802.730540
112 1455132802.898740
101 1455132803.050624
8 1455132803.562444
105 1455132804.154491
110 1455132804.330540
103 1455132804.490624
32 1455132804.690587
111 1455132805.634640
117 1455132805.770501
116 1455132805.898603
32 1455132805.994507
97 1455132806.098549
32 1455132806.258512
112 1455132806.554515
114 1455132806.802536
101 1455132806.946485
45 1455132807.730534
99 1455132808.290478
111 1455132808.466571
110 1455132808.762481
99 1455132809.530507
101 1455132809.754483
105 1455132809.962508
118 1455132810.138496
101 1455132810.322475
100 1455132810.578492
32 1455132810.746499
116 1455132811.002511
104 1455132811.138552
101 1455132811.210457
120 1455132811.498526
8 1455132811.810501
8 1455132811.978407
8 1455132812.146508
101 1455132812.338472
120 1455132812.586536
116 1455132812.850518
32 1455132813.010422
105 1455132813.354483
115 1455132813.466464
32 1455132813.586438
113 1455132813.930487
117 1455132814.090526
105 1455132814.298519
116 1455132814.450458
101 1455132814.610484
32 1455132814.842501
100 1455132815.322632
105 1455132815.442530
102 1455132815.738514
102 1455132815.898436
101 1455132816.090590
114 1455132816.250391
101 1455132816.370408
110 1455132816.746400
116 1455132816.954361
32 1455132817.186341
102 1455132817.594458
111 1455132817.746382
8 1455132818.250409
114 1455132818.426493
111 1455132818.570475
109 1455132818.770383
32 1455132819.026449
116 1455132819.242446
121 1455132819.450441
112 1455132819.570380
105 1455132820.210486
110 1455132820.418349
103 1455132820.538330
32 1455132820.730347
111 1455132821.450397
117 1455132821.570423
114 1455132821.802459
32 1455132822.082399
8 1455132822.362557
8 1455132822.530469
116 1455132822.802449
32 1455132822.946598
97 1455132823.066310
32 1455132823.226308
114 1455132823.770352
115 1455132824.010301
8 1455132824.618333
101 1455132824.834393
115 1455132825.058398
112 1455132825.250313
111 1455132825.434349
105 1455132825.674370
110 1455132825.986333
8 1455132826.274428
8 1455132826.450403
110 1455132826.890391
115 1455132827.082413
101 1455132827.266238
32 1455132827.506371
116 1455132827.858340
111 1455132827.986282
32 1455132828.106308
97 1455132828.218367
32 1455132828.370280
112 1455132828.698364
114 1455132828.842345
111 1455132829.002359
109 1455132829.226392
112 1455132829.794280
116 1455132829.970322
46 1455132830.274349
32 1455132830.578321
32 1455132830.954313
83 1455132831.626243
111 1455132831.802310
32 1455132832.002404
116 1455132832.170349
104 1455132832.242306
101 1455132832.346358
32 1455132832.442350
102 1455132832.666340
111 1455132832.762366
108 1455132833.058277
108 1455132833.234279
111 1455132835.234350
119 1455132835.386352
32 1455132835.706345
117 1455132836.114265
112 1455132836.354320
32 1455132836.562284
116 1455132836.754235
97 1455132836.898239
115 1455132837.050323
107 1455132837.298232
32 1455132837.530173
109 1455132837.730263
105 1455132837.994200
8 1455132838.466260
117 1455132839.026245
115 1455132839.130188
116 1455132839.282402
32 1455132839.458266
98 1455132839.810260
101 1455132840.026222
32 1455132840.130113
116 1455132840.450260
121 1455132840.674236
112 1455132841.058278
105 1455132841.346257
110 1455132841.546215
103 1455132841.706395
32 1455132841.890309
115 1455132842.618227
111 1455132842.722178
109 1455132842.890144
101 1455132843.002069
32 1455132843.130255
112 1455132844.050380
114 1455132844.202176
101 1455132844.322231
45 1455132845.138109
112 1455132845.418163
114 1455132845.578179
101 1455132845.674222
112 1455132846.106196
97 1455132846.338198
114 1455132846.530194
101 1455132846.674110
100 1455132846.962153
32 1455132847.242184
112 1455132847.490143
97 1455132847.626148
114 1455132847.770145
97 1455132847.914123
103 1455132848.202142
114 1455132848.458244
97 1455132848.626200
112 1455132848.874200
104 1455132849.178128
32 1455132849.858143
32 1455132850.338381
8 1455132850.898154
40 1455132851.618119
105 1455132852.282063
116 1455132852.434101
32 1455132853.202130
119 1455132853.506222
111 1455132853.610101
117 1455132853.714186
108 1455132853.906154
100 1455132854.090256
32 1455132854.298078
98 1455132856.306089
101 1455132856.538060
32 1455132856.674068
110 1455132856.922012
105 1455132857.114061
99 1455132857.234116
101 1455132857.370139
32 1455132857.506229
105 1455132858.090118
102 1455132858.242036
32 1455132858.377995
105 1455132858.602025
116 1455132858.802123
32 1455132859.034079
119 1455132859.562048
101 1455132859.714071
114 1455132859.850054
101 1455132859.946083
110 1455132860.354071
39 1455132860.682121
116 1455132860.889971
32 1455132861.058042
116 1455132861.562033
104 1455132861.714001
101 1455132861.778048
32 1455132861.922087
115 1455132862.138113
97 1455132862.274102
109 1455132862.426065
101 1455132862.530042
32 1455132862.721959
97 1455132862.954179
115 1455132863.098111
32 1455132863.234059
98 1455132863.514045
101 1455132863.730008
102 1455132863.954020
111 1455132864.537919
114 1455132864.738019
101 1455132864.865977
41 1455132865.506021
46 1455132865.929931
32 1455132866.297993
32 1455132866.505993
79 1455132867.154034
110 1455132867.354113
116 1455132868.833985
104 1455132868.946010
101 1455132869.066073
8 1455132869.466103
8 1455132869.642004
32 1455132870.105938
116 1455132870.522002
104 1455132870.650113
101 1455132870.753927
8 1455132871.233936
8 1455132871.426111
8 1455132871.586010
8 1455132871.738090
8 1455132871.945921
10 1455132873.073926
116 1455132873.585952
104 1455132873.713913
101 1455132873.818064
32 1455132874.345936
111 1455132874.489945
116 1455132874.625845
104 1455132874.769877
101 1455132874.833891
114 1455132874.945909
32 1455132875.298007
104 1455132875.545953
97 1455132875.697872
110 1455132875.825832
100 1455132875.953943
44 1455132876.489967
32 1455132877.065883
105 1455132877.417874
116 1455132877.561956
32 1455132877.745930
109 1455132878.049966
105 1455132878.249773
103 1455132878.465909
104 1455132878.609805
116 1455132878.849899
32 1455132879.073842
98 1455132879.297833
101 1455132879.497849
32 1455132879.609895
110 1455132879.977902
97 1455132880.121841
116 1455132880.337872
117 1455132880.513874
114 1455132880.649771
101 1455132880.913801
8 1455132881.305847
97 1455132881.473833
108 1455132881.633843
32 1455132881.817880
116 1455132882.025770
111 1455132882.121899
32 1455132882.233869
115 1455132882.545873
104 1455132882.737818
111 1455132882.953811
119 1455132883.289769
32 1455132883.513816
97 1455132883.761847
110 1455132883.897806
32 1455132884.025719
105 1455132885.025811
109 1455132885.233902
97 1455132885.377846
103 1455132885.601812
101 1455132885.769881
32 1455132885.865726
111 1455132886.041780
102 1455132886.209794
32 1455132886.289731
97 1455132887.057830
32 1455132887.321819
104 1455132888.033727
97 1455132888.169723
110 1455132888.297867
100 1455132888.401809
119 1455132888.809940
114 1455132889.049809
105 1455132889.393759
116 1455132889.545759
116 1455132889.689759
101 1455132889.897765
110 1455132890.057780
32 1455132890.297731
112 1455132890.745937
97 1455132890.881809
114 1455132891.033816
97 1455132891.193731
103 1455132891.593772
114 1455132891.801803
97 1455132891.953745
112 1455132892.105731
104 1455132892.425728
32 1455132893.057732
116 1455132893.297703
111 1455132893.385750
32 1455132893.513670
97 1455132893.641687
32 1455132893.801695
117 1455132894.121693
115 1455132894.257826
101 1455132894.409714
114 1455132894.521835
32 1455132894.777719
97 1455132895.689725
110 1455132895.865711
100 1455132895.961792
32 1455132896.097755
104 1455132897.057689
97 1455132897.169611
118 1455132897.361718
101 1455132897.545703
32 1455132898.185693
116 1455132898.465727
104 1455132898.569753
101 1455132898.633757
32 1455132898.777734
117 1455132899.097614
115 1455132899.241621
101 1455132899.353664
114 1455132899.465699
32 1455132899.865683
116 1455132900.433645
121 1455132900.689694
112 1455132901.161739
101 1455132901.385618
32 1455132902.433626
117 1455132904.257666
8 1455132904.745753
111 1455132905.041595
117 1455132905.225602
116 1455132905.457680
32 1455132905.729511
116 1455132906.321656
104 1455132906.457618
101 1455132906.553515
32 1455132906.657613
112 1455132907.441617
97 1455132907.569571
114 1455132907.713606
97 1455132907.849705
103 1455132908.161598
114 1455132908.369649
97 1455132908.497606
112 1455132908.657559
104 1455132908.857592
44 1455132909.185575
32 1455132909.473571
97 1455132909.777615
115 1455132910.041548
115 1455132910.201556
117 1455132910.361587
109 1455132910.593544
105 1455132911.057562
110 1455132911.249522
103 1455132911.353576
32 1455132911.521561
116 1455132911.737560
104 1455132911.849570
97 1455132912.033433
116 1455132912.369764
32 1455132912.529611
79 1455132912.913579
67 1455132913.065588
69 1455132913.265514
8 1455132913.785483
82 1455132914.057585
32 1455132914.257532
105 1455132914.721467
115 1455132914.889481
110 1455132915.009389
39 1455132915.409492
116 1455132915.601661
32 1455132915.857548
97 1455132916.793530
99 1455132917.097460
99 1455132917.265400
117 1455132917.985517
114 1455132918.121502
97 1455132918.281406
99 1455132918.481526
116 1455132918.737463
8 1455132919.065559
8 1455132919.241552
116 1455132919.505504
101 1455132919.641474
32 1455132920.401479
111 1455132920.601487
110 1455132920.889495
32 1455132921.137473
116 1455132921.353462
104 1455132921.449404
101 1455132921.561473
32 1455132921.697428
117 1455132922.201480
8 1455132922.753639
105 1455132923.353384
109 1455132923.577413
97 1455132923.777455
103 1455132923.993410
101 1455132924.201591
46 1455132924.961419
32 1455132925.305500
32 1455132925.593536
66 1455132926.337329
117 1455132926.673421
105 1455132926.993393
8 1455132927.593425
116 1455132927.833392
32 1455132928.113410
105 1455132929.081455
102 1455132929.257393
32 1455132929.449321
79 1455132930.305312
67 1455132930.497417
82 1455132930.873334
32 1455132931.145412
105 1455132931.609441
115 1455132931.785461
110 1455132931.937332
39 1455132932.209356
116 1455132932.393513
32 1455132932.569343
97 1455132933.177363
99 1455132933.441392
99 1455132933.585353
117 1455132933.785312
114 1455132933.953308
97 1455132934.097279
116 1455132934.473334
101 1455132934.633440
32 1455132934.833341
111 1455132935.137323
110 1455132935.361358
32 1455132935.481340
116 1455132935.625295
104 1455132935.737510
97 1455132935.801361
8 1455132936.161283
101 1455132936.553309
32 1455132936.721372
105 1455132937.497367
109 1455132937.721215
97 1455132937.857295
103 1455132938.001466
101 1455132938.169335
32 1455132938.369315
8 1455132938.769408
44 1455132939.121373
32 1455132939.401400
116 1455132939.585425
104 1455132939.665303
101 1455132939.793345
110 1455132939.945316
32 1455132940.201417
116 1455132940.393324
104 1455132940.457412
101 1455132940.577290
32 1455132940.689382
104 1455132941.033327
97 1455132941.161297
110 1455132941.297292
100 1455132941.377263
119 1455132941.697449
114 1455132941.953313
105 1455132942.385327
116 1455132942.561293
105 1455132942.665297
110 1455132942.833303
103 1455132942.961317
32 1455132943.097238
109 1455132943.441267
117 1455132943.649282
115 1455132943.753235
116 1455132943.905309
32 1455132944.057322
110 1455132944.193248
111 1455132944.401280
116 1455132944.777306
32 1455132944.929230
98 1455132945.121328
101 1455132945.305305
32 1455132945.409153
99 1455132945.641308
111 1455132945.745257
110 1455132945.929234
115 1455132946.065202
105 1455132946.201292
115 1455132946.313251
116 1455132946.769266
101 1455132946.945258
110 1455132947.113304
116 1455132947.441259
44 1455132947.609295
32 1455132947.841256
119 1455132948.265218
104 1455132948.409296
105 1455132948.569280
99 1455132949.033211
104 1455132949.129180
32 1455132949.281223
115 1455132949.593252
103 1455132949.873237
103 1455132950.057196
8 1455132950.489256
8 1455132950.657193
117 1455132951.297138
103 1455132951.473208
103 1455132951.641263
101 1455132951.865228
115 1455132952.033222
116 1455132952.193223
115 1455132952.313351
32 1455132952.665195
116 1455132952.825203
97 1455132952.969195
104 1455132952.969532
116 1455132953.065275
32 1455132953.217165
8 1455132953.561157
8 1455132953.753239
8 1455132953.905185
8 1455132954.057156
104 1455132954.401196
97 1455132954.553176
116 1455132954.697136
32 1455132954.849175
116 1455132955.017093
104 1455132955.129128
101 1455132955.209145
32 1455132955.353207
117 1455132955.689168
115 1455132955.809134
101 1455132955.929153
114 1455132956.089247
32 1455132956.313199
116 1455132956.569221
97 1455132956.713189
107 1455132956.857205
101 1455132957.001151
115 1455132957.177159
32 1455132957.337159
116 1455132957.577328
105 1455132957.689220
109 1455132957.929150
101 1455132958.033196
32 1455132958.145248
100 1455132958.537181
101 1455132958.761138
99 1455132959.585130
105 1455132959.825193
112 1455132960.025156
101 1455132960.169118
8 1455132960.809148
104 1455132961.377125
101 1455132961.521165
114 1455132961.705146
105 1455132961.825110
110 1455132961.985275
103 1455132962.121071
32 1455132962.297120
116 1455132962.601197
104 1455132963.033193
101 1455132963.585086
32 1455132963.745088
104 1455132964.097042
97 1455132964.209101
110 1455132964.329051
100 1455132964.449085
119 1455132964.689091
114 1455132964.857018
105 1455132965.049165
116 1455132965.281112
105 1455132965.497087
110 1455132965.697097
103 1455132965.881073
45 1455132966.841123
45 1455132967.017103
45 1455132967.177133
119 1455132967.945053
104 1455132968.073054
105 1455132968.257109
99 1455132968.473025
104 1455132968.601044
32 1455132969.033041
119 1455132969.233049
111 1455132969.313004
117 1455132969.417033
108 1455132969.609070
100 1455132969.777068
32 1455132969.905037
98 1455132970.113139
101 1455132970.337059
32 1455132970.457044
99 1455132970.904997
110 1455132971.081101
111 1455132971.297097
8 1455132971.689023
8 1455132971.857005
111 1455132972.577058
110 1455132972.880984
115 1455132973.033068
8 1455132973.537153
102 1455132973.864935
117 1455132974.008915
115 1455132974.201072
116 1455132974.425057
8 1455132974.833046
101 1455132974.969018
100 1455132975.192997
32 1455132975.360964
119 1455132975.600933
105 1455132975.928996
116 1455132976.064877
104 1455132976.160936
32 1455132976.280925
106 1455132976.544918
117 1455132976.785065
115 1455132976.864985
116 1455132977.024953
32 1455132977.144921
116 1455132977.288905
104 1455132977.368954
101 1455132977.480990
32 1455132977.600890
116 1455132977.960982
105 1455132978.121037
109 1455132978.320981
101 1455132978.432899
32 1455132978.600941
117 1455132979.056928
115 1455132979.224871
101 1455132979.384920
100 1455132979.608911
32 1455132979.720879
102 1455132979.912883
111 1455132980.032941
114 1455132980.136862
32 1455132980.272994
116 1455132981.104910
121 1455132981.320864
112 1455132981.632906
105 1455132981.848898
110 1455132982.024883
103 1455132982.168934
46 1455132982.376937
10 1455132982.873107
10 1455132983.297112
83 1455132984.712802
117 1455132984.912838
99 1455132985.136964
104 1455132985.192876
32 1455132985.328892
97 1455132985.424873
114 1455132985.560924
101 1455132985.672847
32 1455132985.864838
109 1455132986.064850
121 1455132986.184725
32 1455132986.416822
116 1455132986.576768
104 1455132986.680804
111 1455132986.848768
117 1455132986.960813
103 1455132987.144826
104 1455132987.248884
116 1455132987.400831
115 1455132987.592888
46 1455132988.344834
10 1455132988.728870
10 1455132989.264780
79 1455132990.432843
110 1455132990.624889
32 1455132990.848783
77 1455132991.176771
111 1455132991.368805
110 1455132991.544752
44 1455132991.848837
32 1455132992.360874
70 1455132992.808719
101 1455132993.080776
98 1455132993.360809
44 1455132993.704916
8 1455132994.264807
32 1455132994.480783
49 1455132994.840842
44 1455132995.080756
32 1455132995.432765
50 1455132996.584741
48 1455132996.776769
49 1455132996.904740
54 1455132997.576741
32 1455132998.280927
97 1455132998.504665
116 1455132998.680753
32 1455132998.920782
49 1455132999.456808
49 1455132999.656766
58 1455133000.600755
48 1455133001.600673
49 1455133001.896693
32 1455133002.432683
80 1455133002.976732
77 1455133003.240690
32 1455133003.704624
8 1455133004.048730
44 1455133004.664744
32 1455133004.824710
83 1455133005.256702
116 1455133005.544634
101 1455133005.744661
112 1455133005.912662
8 1455133006.248681
118 1455133006.424736
101 1455133006.600750
110 1455133006.800751
32 1455133007.176595
83 1455133007.592651
99 1455133008.088693
104 1455133008.256718
109 1455133008.616687
105 1455133008.872632
100 1455133009.264668
116 1455133009.928662
32 1455133010.288662
119 1455133010.656610
114 1455133010.984674
105 1455133011.160624
116 1455133011.256646
8 1455133011.672661
8 1455133011.856635
111 1455133012.576672
116 1455133012.800637
101 1455133012.960521
58 1455133013.456633
10 1455133014.000529
84 1455133018.464547
111 1455133018.632552
32 1455133019.048531
98 1455133019.264460
101 1455133019.464541
32 1455133019.600549
104 1455133019.904451
111 1455133020.208582
110 1455133020.448490
115 1455133020.648549
8 1455133021.016489
101 1455133021.224553
115 1455133021.408588
116 1455133021.560524
44 1455133021.960530
32 1455133022.192572
73 1455133022.568536
32 1455133022.744468
104 1455133022.880496
97 1455133023.040476
110 1455133023.208581
100 1455133023.392489
8 1455133023.664594
8 1455133023.864524
118 1455133024.088517
101 1455133024.264518
110 1455133024.488557
39 1455133025.000650
116 1455133025.184534
32 1455133025.312490
102 1455133025.624665
8 1455133026.056592
114 1455133026.344544
101 1455133026.456531
97 1455133026.576570
108 1455133026.728502
108 1455133026.904499
121 1455133027.112542
32 1455133027.408445
103 1455133028.096441
111 1455133028.200482
116 1455133028.392504
116 1455133028.560649
101 1455133028.928412
110 1455133029.096428
32 1455133029.368425
105 1455133029.640479
110 1455133029.856446
116 1455133029.976489
111 1455133030.144525
32 1455133030.472388
102 1455133030.728446
111 1455133030.848448
114 1455133031.008398
116 1455133031.232479
8 1455133031.736490
107 1455133032.024465
115 1455133032.280386
32 1455133032.640469
97 1455133033.048490
110 1455133033.184417
100 1455133033.280462
32 1455133033.400515
98 1455133033.864360
114 1455133034.120383
97 1455133034.248311
110 1455133034.408398
99 1455133034.512490
104 1455133034.664405
101 1455133034.744440
115 1455133034.936437
32 1455133035.064496
109 1455133035.296400
8 1455133035.640318
116 1455133035.920430
111 1455133036.080328
111 1455133036.272434
32 1455133036.552403
109 1455133036.696463
117 1455133036.960425
115 1455133037.176300
104 1455133037.512394
8 1455133037.816348
8 1455133037.984371
99 1455133038.200389
104 1455133038.288366
32 1455133038.496323
105 1455133038.728381
110 1455133038.936448
32 1455133039.176418
103 1455133039.424354
105 1455133039.568369
116 1455133039.720320
44 1455133039.960340
32 1455133041.904336
115 1455133042.256354
111 1455133042.408293
32 1455133042.816374
73 1455133043.104264
39 1455133043.352366
100 1455133043.504270
32 1455133043.696318
112 1455133043.968364
114 1455133044.088370
101 1455133044.232235
102 1455133044.456214
101 1455133044.592338
114 1455133044.744366
32 1455133045.064217
116 1455133045.216336
111 1455133045.328205
32 1455133045.440363
106 1455133046.104281
117 1455133046.296373
115 1455133046.416210
116 1455133046.560222
32 1455133046.752280
112 1455133047.080210
117 1455133047.504296
115 1455133047.784306
104 1455133047.912202
32 1455133048.280330
101 1455133048.512267
118 1455133048.736279
101 1455133048.896258
114 1455133049.000105
121 1455133049.760346
116 1455133050.000225
104 1455133050.144238
105 1455133050.216238
110 1455133050.392217
103 1455133050.496259
32 1455133050.664221
116 1455133051.144251
8 1455133051.472323
105 1455133051.976287
110 1455133052.168268
116 1455133052.320390
111 1455133052.416256
32 1455133052.544343
116 1455133052.688289
104 1455133052.728284
101 1455133052.880254
32 1455133053.032274
109 1455133053.312231
97 1455133053.480162
115 1455133053.608121
116 1455133053.784350
101 1455133053.928307
114 1455133054.032294
32 1455133054.184225
98 1455133054.448245
114 1455133054.712234
97 1455133054.848125
110 1455133055.048183
99 1455133055.232252
104 1455133055.336233
44 1455133055.696189
32 1455133055.944228
97 1455133056.120183
116 1455133056.320210
32 1455133056.520119
108 1455133056.728123
101 1455133056.872190
97 1455133057.000229
115 1455133057.160207
116 1455133057.360242
32 1455133057.552202
102 1455133057.792258
111 1455133057.904215
114 1455133058.016276
32 1455133058.152233
110 1455133058.304205
111 1455133058.496207
119 1455133058.656224
46 1455133058.872239
32 1455133059.832208
32 1455133060.136203
73 1455133060.880105
32 1455133061.216106
100 1455133061.464213
111 1455133061.648217
110 1455133061.936157
39 1455133062.344162
116 1455133062.528146
32 1455133062.696151
116 1455133062.888182
104 1455133062.984103
105 1455133063.096109
110 1455133063.312181
107 1455133063.336189
32 1455133063.696087
105 1455133063.928141
116 1455133064.088117
39 1455133065.040153
108 1455133065.264060
108 1455133065.424102
32 1455133065.640147
98 1455133065.872110
101 1455133066.072075
32 1455133066.216102
116 1455133066.416151
111 1455133066.576160
111 1455133066.744231
32 1455133067.152034
109 1455133067.304036
117 1455133067.536097
99 1455133067.696024
104 1455133067.784048
32 1455133067.968110
111 1455133068.168137
102 1455133068.280104
32 1455133068.368142
97 1455133068.504191
32 1455133068.648110
112 1455133068.864088
114 1455133068.992077
111 1455133069.112082
98 1455133069.256108
108 1455133069.448140
109 1455133069.696121
101 1455133069.832174
110 1455133069.976127
8 1455133070.320125
8 1455133070.504185
8 1455133070.688036
101 1455133070.992087
109 1455133071.192114
32 1455133071.592010
116 1455133071.984214
111 1455133072.072180
32 1455133072.224043
100 1455133072.424067
111 1455133072.568060
32 1455133072.672125
116 1455133072.848179
104 1455133072.920097
97 1455133072.992040
116 1455133073.096069
32 1455133073.240064
102 1455133073.480005
111 1455133073.592021
114 1455133073.712068
32 1455133073.872089
110 1455133074.000045
111 1455133074.192097
119 1455133074.327960
44 1455133074.543959
32 1455133074.912025
97 1455133075.168022
116 1455133075.328032
32 1455133075.480063
108 1455133075.664073
101 1455133075.784153
97 1455133075.912032
115 1455133076.064017
116 1455133076.255935
32 1455133076.447999
119 1455133076.632012
104 1455133076.768021
105 1455133076.968054
108 1455133077.168074
101 1455133077.392056
32 1455133077.816057
119 1455133077.983984
101 1455133078.127978
39 1455133078.399992
114 1455133078.624065
101 1455133078.704081
32 1455133078.880013
103 1455133079.207977
101 1455133079.408000
116 1455133079.608034
116 1455133079.784101
105 1455133080.007965
110 1455133080.176021
103 1455133080.319929
32 1455133080.479959
116 1455133080.655983
104 1455133080.767975
101 1455133080.887890
32 1455133081.007992
98 1455133081.320009
97 1455133081.487929
115 1455133081.647913
105 1455133082.599952
99 1455133082.727829
32 1455133082.903764
102 1455133083.112181
117 1455133083.215921
110 1455133083.455906
99 1455133083.567804
116 1455133083.807898
105 1455133083.903694
111 1455133084.087723
110 1455133084.287897
97 1455133084.447881
108 1455133084.607787
105 1455133084.775844
116 1455133084.911748
121 1455133085.111968
32 1455133085.391884
116 1455133085.615896
111 1455133085.751786
103 1455133085.903739
101 1455133086.087827
116 1455133086.287930
104 1455133086.591886
101 1455133086.815870
114 1455133086.983740
46 1455133087.839837
32 1455133088.303905
32 1455133088.503901
73 1455133088.967770
102 1455133089.151940
32 1455133089.303927
116 1455133089.543832
104 1455133089.695863
101 1455133089.719736
114 1455133089.847731
101 1455133089.927682
32 1455133090.111886
97 1455133090.303907
114 1455133090.415819
101 1455133090.511894
32 1455133090.943788
115 1455133091.199805
101 1455133091.583805
112 1455133091.759746
97 1455133092.303849
114 1455133092.479799
97 1455133092.679818
116 1455133093.015718
101 1455133093.215797
32 1455133093.455837
105 1455133093.871800
100 1455133094.023692
101 1455133094.223794
97 1455133094.343717
115 1455133094.503953
32 1455133094.719853
111 1455133095.007679
114 1455133095.127854
32 1455133095.295830
112 1455133095.711781
114 1455133096.015669
111 1455133096.231772
106 1455133096.815794
101 1455133096.959645
99 1455133097.159785
116 1455133097.415742
115 1455133097.567704
32 1455133098.007759
40 1455133098.559746
32 1455133098.872312
8 1455133099.431777
101 1455133099.743743
46 1455133100.279741
103 1455133100.743744
46 1455133101.175823
32 1455133101.695756
97 1455133102.015658
110 1455133102.167725
97 1455133102.647660
108 1455133102.935718
121 1455133103.159805
122 1455133103.775685
105 1455133103.927607
110 1455133104.112001
103 1455133104.215605
32 1455133104.503666
100 1455133104.703696
97 1455133104.855582
116 1455133104.959663
97 1455133105.087588
32 1455133105.263742
118 1455133105.679692
115 1455133105.895591
32 1455133106.487715
99 1455133106.695704
111 1455133106.775606
108 1455133107.039617
108 1455133107.215715
101 1455133107.383655
99 1455133107.607629
116 1455133107.823700
105 1455133107.935637
110 1455133108.095696
103 1455133108.183731
32 1455133108.351700
100 1455133108.527667
97 1455133108.663605
116 1455133108.767581
97 1455133108.879562
41 1455133109.719640
44 1455133110.311724
32 1455133110.671642
116 1455133111.007528
104 1455133111.127596
101 1455133111.231554
110 1455133111.359589
32 1455133111.511540
109 1455133111.751628
97 1455133111.847440
121 1455133112.031617
98 1455133112.295662
101 1455133112.559610
32 1455133112.703595
107 1455133113.031598
101 1455133113.207638
101 1455133113.391583
112 1455133113.679626
32 1455133113.943557
116 1455133114.103690
104 1455133114.151665
101 1455133114.271652
109 1455133114.399570
32 1455133114.519645
105 1455133114.751585
110 1455133114.943487
32 1455133115.095692
100 1455133115.335611
102 1455133115.599591
102 1455133115.783551
8 1455133116.311622
8 1455133116.479524
105 1455133116.807604
102 1455133117.047458
102 1455133117.215605
101 1455133117.407596
114 1455133117.551557
101 1455133117.975547
110 1455133118.231623
116 1455133118.407583
32 1455133118.575593
102 1455133118.999552
111 1455133119.159619
108 1455133119.391532
100 1455133119.479392
101 1455133119.639451
114 1455133119.735485
115 1455133119.871469
46 1455133120.199590
32 1455133120.583605
32 1455133121.271534
73 1455133121.711527
39 1455133121.991511
109 1455133122.263527
32 1455133122.567570
110 1455133122.767552
111 1455133122.951412
116 1455133123.055507
32 1455133123.183540
116 1455133123.423552
111 1455133123.559449
111 1455133123.743520
32 1455133124.079507
119 1455133124.239556
111 1455133124.415519
114 1455133124.639534
114 1455133124.823422
105 1455133125.031403
101 1455133125.167588
100 1455133125.383465
32 1455133125.543450
8 1455133125.967581
44 1455133126.455522
32 1455133126.647466
102 1455133126.823411
111 1455133126.943348
114 1455133127.087472
32 1455133127.279530
110 1455133127.479401
111 1455133127.663371
119 1455133127.903470
46 1455133128.303501
32 1455133128.583455
32 1455133128.815442
73 1455133129.615424
102 1455133129.959420
32 1455133130.127436
97 1455133130.399410
116 1455133130.615400
32 1455133130.775376
115 1455133130.967298
111 1455133131.359513
109 1455133131.543460
101 1455133131.647301
32 1455133131.751386
102 1455133131.943316
117 1455133132.087360
116 1455133132.295458
101 1455133132.559438
8 1455133133.119501
117 1455133133.943572
114 1455133134.063464
101 1455133134.183486
32 1455133134.327414
112 1455133135.055411
111 1455133135.263480
105 1455133135.439422
110 1455133135.671419
116 1455133135.815302
32 1455133136.335407
119 1455133136.599364
101 1455133136.759400
32 1455133136.887295
119 1455133137.103365
97 1455133137.255374
110 1455133137.407374
116 1455133137.527443
32 1455133137.655248
116 1455133137.799388
111 1455133137.895307
32 1455133138.055261
100 1455133138.311450
111 1455133138.423354
32 1455133138.567410
115 1455133139.135408
111 1455133139.231405
109 1455133139.415361
101 1455133139.479224
116 1455133139.663357
104 1455133139.751374
105 1455133139.799198
110 1455133139.967386
103 1455133140.055249
32 1455133140.207402
109 1455133140.319348
111 1455133140.503348
114 1455133140.559350
101 1455133140.695395
32 1455133140.775224
102 1455133141.055346
104 1455133141.215240
97 1455133141.255358
110 1455133141.527382
8 1455133141.751343
8 1455133141.919276
8 1455133142.063214
97 1455133142.247369
110 1455133142.399353
99 1455133142.503223
121 1455133142.959359
32 1455133143.263449
109 1455133143.695317
97 1455133143.831195
121 1455133144.063289
98 1455133144.407356
101 1455133144.623288
32 1455133144.759241
119 1455133145.111356
101 1455133145.255279
32 1455133145.383312
99 1455133145.703290
111 1455133145.783110
117 1455133145.879229
108 1455133146.055217
100 1455133146.175343
32 1455133146.295286
114 1455133146.639298
101 1455133146.751288
115 1455133146.951171
116 1455133147.127359
114 1455133147.375310
117 1455133147.567308
118 1455133147.927317
8 1455133148.471299
99 1455133148.783322
116 1455133149.063181
117 1455133149.215333
114 1455133149.359207
101 1455133149.463258
32 1455133149.599201
105 1455133149.975228
116 1455133150.167347
32 1455133150.279328
97 1455133150.423271
110 1455133150.583177
100 1455133150.663268
32 1455133150.751271
115 1455133151.119288
116 1455133151.415277
97 1455133151.847314
114 1455133152.135295
116 1455133152.335267
32 1455133152.503238
100 1455133152.679226
111 1455133152.799219
105 1455133153.007079
110 1455133153.287296
103 1455133153.423278
32 1455133153.575164
116 1455133153.767244
104 1455133153.903098
97 1455133153.951067
116 1455133154.063091
46 1455133154.327266
10 1455133156.567243
10 1455133156.975184
73 1455133157.759215
32 1455133157.943129
116 1455133158.119284
104 1455133158.183287
105 1455133158.255250
110 1455133158.479174
107 1455133158.551148
32 1455133158.815219
119 1455133158.951066
101 1455133159.087077
32 1455133159.207198
99 1455133159.407190
97 1455133159.559181
110 1455133159.679162
32 1455133159.863264
104 1455133160.079476
97 1455133160.175233
118 1455133160.311170
101 1455133160.487143
32 1455133160.575193
117 1455133160.767148
115 1455133160.879038
101 1455133160.983055
114 1455133161.119210
115 1455133161.255113
32 1455133161.487109
116 1455133161.831201
121 1455133162.023103
111 1455133162.223279
8 1455133162.639210
112 1455133162.919167
101 1455133163.087034
32 1455133163.287194
97 1455133163.431144
32 1455133163.551166
112 1455133163.791177
114 1455133163.950988
101 1455133164.079090
45 1455133165.143177
112 1455133165.551211
114 1455133165.735119
101 1455133165.822985
112 1455133166.535184
97 1455133166.663100
116 1455133166.831050
8 1455133167.359259
114 1455133167.503091
101 1455133167.623085
100 1455133167.863039
32 1455133167.974921
112 1455133168.215158
97 1455133168.335108
114 1455133168.727113
97 1455133168.910968
103 1455133169.303161
114 1455133169.535103
97 1455133169.647089
112 1455133169.863090
104 1455133170.151278
32 1455133170.495146
111 1455133170.655035
114 1455133170.766995
32 1455133170.934900
112 1455133171.143095
97 1455133171.263109
103 1455133171.439045
101 1455133171.631098
32 1455133171.767041
111 1455133171.990962
102 1455133172.111113
32 1455133172.239100
116 1455133172.383121
101 1455133172.527048
120 1455133172.775084
116 1455133172.998999
44 1455133173.231239
32 1455133173.487079
97 1455133174.015049
110 1455133174.159092
100 1455133174.271070
32 1455133175.823075
117 1455133176.223062
115 1455133176.406930
101 1455133176.574972
32 1455133176.750998
116 1455133176.942989
104 1455133177.046931
97 1455133177.119050
116 1455133177.231055
32 1455133177.390977
116 1455133177.566988
111 1455133177.694896
32 1455133177.870944
34 1455133178.518944
108 1455133178.863019
101 1455133178.982972
97 1455133179.127015
114 1455133179.287062
110 1455133179.487051
34 1455133179.870852
32 1455133180.191068
116 1455133180.399082
104 1455133180.446932
101 1455133180.590966
32 1455133180.694834
109 1455133180.966979
111 1455133181.158989
100 1455133181.271024
101 1455133181.439022
108 1455133181.550841
46 1455133182.303032
32 1455133182.502989
32 1455133183.135037
84 1455133183.766969
104 1455133183.910863
101 1455133184.054821
110 1455133184.142969
44 1455133184.422986
32 1455133184.678981
119 1455133185.310945
101 1455133185.502899
32 1455133185.686846
99 1455133186.319144
97 1455133186.430972
110 1455133186.566890
32 1455133186.702794
104 1455133186.950957
97 1455133187.070812
118 1455133187.254972
101 1455133187.414912
32 1455133187.518783
116 1455133187.702869
104 1455133187.806882
101 1455133187.894753
109 1455133188.014764
32 1455133188.158962
105 1455133188.350945
8 1455133188.726901
116 1455133188.926861
121 1455133189.246924
112 1455133189.470891
101 1455133189.654896
32 1455133190.534926
119 1455133191.350928
104 1455133191.510795
97 1455133191.622907
116 1455133191.798830
101 1455133191.942788
118 1455133192.366910
101 1455133192.558837
114 1455133192.670716
32 1455133193.126887
116 1455133193.294864
104 1455133193.414955
101 1455133193.478794
121 1455133193.686903
32 1455133193.878818
119 1455133194.038817
97 1455133194.206846
110 1455133194.398925
116 1455133194.502812
32 1455133194.678783
97 1455133194.870780
110 1455133194.998682
100 1455133195.102854
32 1455133195.214823
119 1455133195.542865
101 1455133195.670747
32 1455133195.782892
99 1455133196.007054
97 1455133196.158835
110 1455133196.270788
32 1455133196.390799
115 1455133196.758811
101 1455133196.942761
101 1455133197.086728
32 1455133197.254900
105 1455133197.414904
102 1455133197.518801
32 1455133197.638777
111 1455133197.750895
117 1455133197.854691
114 1455133198.462914
32 1455133198.622867
97 1455133198.911253
108 1455133199.078740
103 1455133199.278867
111 1455133199.430807
114 1455133199.862818
105 1455133200.006643
116 1455133200.278823
104 1455133200.414782
109 1455133200.670775
32 1455133201.110774
99 1455133201.398747
97 1455133201.542771
110 1455133201.670804
32 1455133201.798757
105 1455133202.102881
100 1455133202.214828
101 1455133202.382762
110 1455133202.534724
116 1455133203.078776
105 1455133203.270808
102 1455133203.430775
121 1455133203.646713
32 1455133203.854773
116 1455133203.998623
104 1455133204.078637
101 1455133204.206809
109 1455133204.318727
46 1455133204.590792
32 1455133204.902764
32 1455133205.358793
84 1455133205.854711
104 1455133206.062647
97 1455133206.142830
116 1455133206.278794
39 1455133206.494729
115 1455133206.718735
32 1455133206.862581
119 1455133207.134791
104 1455133207.270744
97 1455133207.342750
116 1455133207.486703
32 1455133207.638687
73 1455133208.014604
39 1455133208.358767
109 1455133208.590696
32 1455133208.854734
103 1455133209.094792
111 1455133209.166779
105 1455133209.334724
110 1455133209.558675
103 1455133209.726677
32 1455133210.414692
116 1455133210.838737
111 1455133210.990573
32 1455133211.974753
116 1455133212.334637
114 1455133213.102717
121 1455133213.390685
32 1455133214.118705
97 1455133214.758675
116 1455133215.102761
32 1455133216.518653
102 1455133217.022644
105 1455133217.358623
114 1455133217.518607
115 1455133217.870651
116 1455133218.030526
44 1455133218.670621
32 1455133218.935162
97 1455133219.742645
110 1455133219.862488
121 1455133220.062551
119 1455133220.438766
97 1455133220.614617
121 1455133220.782596
46 1455133221.142642
32 1455133221.414645
32 1455133221.670594
73 1455133222.334662
116 1455133222.582591
32 1455133223.070566
109 1455133223.206610
105 1455133223.390531
103 1455133223.550538
104 1455133223.646492
116 1455133223.798523
32 1455133224.406518
116 1455133224.646544
97 1455133224.806618
107 1455133224.942499
101 1455133225.054878
32 1455133225.166583
101 1455133225.742554
120 1455133226.022460
112 1455133226.678538
101 1455133226.814537
114 1455133226.990369
105 1455133227.142532
109 1455133227.494530
101 1455133227.646521
110 1455133227.774554
116 1455133227.902437
105 1455133228.382585
110 1455133228.582545
103 1455133228.710441
32 1455133229.102570
119 1455133229.318516
105 1455133229.518522
116 1455133229.878541
104 1455133230.030402
32 1455133230.206623
100 1455133230.454499
105 1455133230.614457
102 1455133230.766509
102 1455133230.934530
101 1455133231.126546
114 1455133231.286542
101 1455133231.438488
110 1455133231.846525
116 1455133231.982338
32 1455133232.174551
105 1455133232.566693
100 1455133232.686511
101 1455133232.878423
97 1455133233.014409
115 1455133233.182564
32 1455133233.398475
116 1455133233.622502
111 1455133233.742432
32 1455133233.846380
115 1455133234.014291
101 1455133234.222523
101 1455133234.366506
32 1455133234.574488
119 1455133234.790493
104 1455133234.918295
105 1455133235.078394
99 1455133235.270523
104 1455133235.390357
32 1455133235.542462
119 1455133235.854496
105 1455133235.966417
108 1455133236.190539
108 1455133236.342503
32 1455133236.518443
119 1455133236.774466
111 1455133236.958367
114 1455133237.662509
107 1455133237.806402
32 1455133238.334450
98 1455133238.630435
101 1455133238.886379
115 1455133239.046262
116 1455133239.166467
46 1455133239.478456
10 1455133240.134995
10 1455133240.822474
73 1455133241.926321
32 1455133242.086470
116 1455133242.350415
104 1455133242.462339
105 1455133242.542251
110 1455133242.790396
107 1455133242.814223
32 1455133243.494338
73 1455133244.174436
39 1455133244.518338
108 1455133244.782412
108 1455133244.942223
32 1455133245.142439
99 1455133245.646381
111 1455133245.774352
108 1455133246.046354
108 1455133246.214449
101 1455133246.398476
99 1455133246.614380
116 1455133246.870369
32 1455133247.118402
109 1455133247.406386
121 1455133247.566279
32 1455133247.854315
111 1455133249.246389
119 1455133249.438313
110 1455133249.582355
32 1455133249.734303
100 1455133250.430337
97 1455133250.670342
116 1455133250.814358
97 1455133250.950205
32 1455133251.558355
40 1455133252.446343
111 1455133253.446264
102 1455133253.598292
32 1455133253.918300
109 1455133254.222374
101 1455133254.342298
32 1455133254.478303
116 1455133254.798313
121 1455133254.998171
112 1455133255.158341
105 1455133255.406341
110 1455133255.582375
103 1455133255.718170
41 1455133256.110302
32 1455133256.638235
97 1455133256.854220
110 1455133256.990148
100 1455133257.086133
32 1455133257.206314
115 1455133257.590279
101 1455133257.782305
101 1455133257.926137
32 1455133258.126427
105 1455133258.510337
102 1455133258.702703
32 1455133259.030706
73 1455133259.630239
32 1455133259.790157
99 1455133260.646252
97 1455133260.870207
110 1455133261.102289
32 1455133261.574181
97 1455133261.966192
116 1455133262.206244
32 1455133262.790315
108 1455133263.166251
101 1455133263.246223
97 1455133263.350180
115 1455133263.518091
116 1455133263.734133
32 1455133264.422228
115 1455133264.638159
116 1455133264.830241
97 1455133264.982152
114 1455133265.094334
116 1455133265.310216
32 1455133265.942198
115 1455133266.918218
101 1455133267.142577
116 1455133267.430226
116 1455133267.606184
105 1455133267.726117
110 1455133267.910192
103 1455133268.046139
32 1455133268.486160
117 1455133269.294223
112 1455133269.534126
32 1455133269.790141
115 1455133271.102191
111 1455133271.214179
109 1455133271.414078
101 1455133271.518249
32 1455133271.742150
99 1455133273.030518
111 1455133273.142151
100 1455133273.270087
101 1455133273.470093
32 1455133274.550096
116 1455133274.806130
111 1455133274.925975
32 1455133275.206109
97 1455133275.654099
110 1455133275.830096
97 1455133275.942034
108 1455133276.254162
121 1455133276.446067
105 1455133277.062131
8 1455133277.582078
122 1455133277.806105
101 1455133278.005983
32 1455133278.270194
105 1455133278.550088
116 1455133278.726018
46 1455133279.446140
32 1455133279.982063
32 1455133280.638053
40 1455133281.526024
105 1455133281.862070
109 1455133282.118099
112 1455133282.310025
108 1455133282.710061
101 1455133283.085928
109 1455133283.606147
101 1455133283.830042
110 1455133283.965835
116 1455133284.206109
32 1455133284.438056
116 1455133285.054014
104 1455133285.270033
101 1455133285.389906
32 1455133285.549962
112 1455133286.158009
97 1455133286.301946
112 1455133286.461972
101 1455133286.718012
114 1455133286.941961
32 1455133287.589946
97 1455133287.821994
32 1455133288.182031
98 1455133288.653944
105 1455133288.957933
116 1455133289.262025
41 1455133289.853933
46 1455133290.278056
32 1455133290.613998
32 1455133290.845965
73 1455133291.693931
32 1455133291.885899
109 1455133292.069784
105 1455133292.238021
103 1455133292.365952
104 1455133292.461894
116 1455133292.605895
32 1455133292.781898
110 1455133292.909807
111 1455133293.101945
116 1455133293.261982
32 1455133293.421908
103 1455133293.733933
101 1455133293.909903
116 1455133294.085828
32 1455133294.254017
116 1455133294.477919
111 1455133294.637877
32 1455133294.789870
105 1455133294.997761
116 1455133295.277908
32 1455133295.493906
117 1455133295.869894
110 1455133296.085788
116 1455133296.229921
105 1455133296.341883
108 1455133296.597949
32 1455133296.853930
108 1455133297.213962
97 1455133297.317964
116 1455133297.525909
101 1455133297.686063
114 1455133297.781905
32 1455133297.965831
105 1455133298.109977
110 1455133298.285883
32 1455133298.405740
116 1455133298.549808
104 1455133298.637869
101 1455133298.717797
32 1455133298.861738
119 1455133299.141853
101 1455133299.341873
101 1455133299.501898
107 1455133299.693892
44 1455133300.013910
32 1455133300.293947
116 1455133300.525845
104 1455133300.621838
111 1455133300.797833
117 1455133300.893725
103 1455133301.021719
104 1455133301.133832
46 1455133301.557869
10 1455133301.893850
10 1455133302.317897
73 1455133303.213865
116 1455133303.453950
32 1455133303.685832
104 1455133303.917826
8 1455133304.261871
119 1455133304.525833
111 1455133304.597693
117 1455133304.709819
108 1455133304.901720
100 1455133305.085773
32 1455133305.269841
98 1455133305.485783
101 1455133305.677782
32 1455133305.805779
103 1455133306.013669
114 1455133306.221869
101 1455133306.373800
97 1455133306.509820
116 1455133306.621678
32 1455133306.973760
105 1455133307.221785
102 1455133307.333738
32 1455133307.429675
97 1455133307.549745
108 1455133307.693923
108 1455133307.845741
32 1455133308.037626
111 1455133308.173836
102 1455133308.333688
32 1455133308.445639
117 1455133308.661889
115 1455133308.838088
32 1455133308.997699
116 1455133309.261862
111 1455133309.381746
111 1455133309.549757
107 1455133309.829830
32 1455133310.253790
97 1455133310.429692
32 1455133310.525726
108 1455133310.789740
111 1455133310.973675
111 1455133311.181816
107 1455133311.389793
32 1455133311.573739
97 1455133311.789783
116 1455133311.965673
32 1455133312.117827
116 1455133312.469780
104 1455133312.597700
101 1455133312.661688
32 1455133312.829733
112 1455133313.117818
97 1455133313.237736
112 1455133313.477703
101 1455133313.893700
114 1455133314.021593
44 1455133314.261764
32 1455133314.485642
97 1455133314.749719
110 1455133314.877676
100 1455133314.973595
32 1455133315.061550
116 1455133315.317792
114 1455133316.013768
105 1455133316.293769
101 1455133316.413612
100 1455133316.629723
32 1455133316.813689
111 1455133317.309730
117 1455133317.445693
114 1455133317.605660
32 1455133317.805671
111 1455133318.021577
119 1455133318.189774
110 1455133318.309740
32 1455133318.717653
104 1455133318.941600
97 1455133319.061530
110 1455133319.181698
100 1455133319.261712
115 1455133319.437592
32 1455133319.765740
97 1455133319.981735
116 1455133320.149748
32 1455133320.293725
119 1455133320.437639
114 1455133320.637748
105 1455133321.117691
116 1455133321.341692
105 1455133321.477575
105 1455133321.749678
8 1455133322.253676
110 1455133322.485633
103 1455133322.637666
32 1455133322.805654
115 1455133323.205666
111 1455133323.333600
109 1455133323.509682
101 1455133323.629539
32 1455133323.765603
99 1455133324.021650
111 1455133324.117610
100 1455133324.245613
101 1455133324.445672
32 1455133324.629533
116 1455133325.317668
111 1455133325.405513
32 1455133325.549577
105 1455133326.069634
109 1455133326.293635
112 1455133326.429522
108 1455133326.653620
101 1455133326.805604
109 1455133326.885496
101 1455133327.029463
110 1455133327.141602
116 1455133327.293640
32 1455133327.461559
105 1455133327.565557
116 1455133327.749568
44 1455133328.205632
32 1455133328.557578
97 1455133328.861579
116 1455133328.981430
32 1455133329.165581
108 1455133329.301646
101 1455133329.413555
97 1455133329.557570
115 1455133329.741568
116 1455133329.965573
32 1455133330.141642
116 1455133330.357656
111 1455133330.461549
32 1455133330.557541
103 1455133330.741599
101 1455133330.949497
116 1455133331.061498
32 1455133331.237576
111 1455133331.365505
117 1455133331.429399
114 1455133331.573514
32 1455133331.749455
104 1455133332.029497
101 1455133332.133636
97 1455133332.293698
100 1455133332.493535
115 1455133332.669552
32 1455133332.813588
119 1455133333.277589
114 1455133333.469442
97 1455133333.773510
112 1455133333.965494
112 1455133334.125593
101 1455133334.733549
100 1455133334.941475
32 1455133335.069375
97 1455133335.269602
114 1455133335.429470
111 1455133335.541444
117 1455133335.621362
110 1455133335.861539
100 1455133335.965357
32 1455133336.069399
119 1455133336.261578
104 1455133336.429498
97 1455133336.501539
116 1455133336.637455
32 1455133336.805539
116 1455133336.957405
104 1455133337.069433
101 1455133337.133580
32 1455133337.261451
112 1455133337.501507
97 1455133337.605457
112 1455133337.853521
101 1455133338.021368
114 1455133338.141627
32 1455133338.301527
105 1455133338.645555
115 1455133338.765430
32 1455133338.917470
115 1455133339.157506
97 1455133339.301511
121 1455133339.485580
105 1455133339.997506
110 1455133340.189538
103 1455133340.325452
46 1455133340.541456
32 1455133340.885483
87 1455133341.333445
114 1455133341.581445
8 1455133342.037490
8 1455133342.205549
32 1455133342.525467
87 1455133343.093534
114 1455133343.381492
105 1455133343.525402
116 1455133343.717563
105 1455133343.829466
110 1455133344.413567
103 1455133344.645452
32 1455133344.773357
116 1455133345.261495
104 1455133345.381411
114 1455133345.509428
111 1455133345.613460
117 1455133345.669403
8 1455133346.205543
119 1455133346.469354
45 1455133346.829427
97 1455133347.094117
119 1455133347.405444
97 1455133347.581433
121 1455133347.981412
32 1455133348.797420
99 1455133349.053308
111 1455133349.157418
100 1455133349.277387
101 1455133349.469341
32 1455133349.661432
97 1455133349.877398
116 1455133350.037243
32 1455133350.181478
102 1455133350.541373
105 1455133350.725370
114 1455133350.869329
115 1455133351.005214
116 1455133351.149386
32 1455133351.285389
105 1455133351.477333
115 1455133351.581347
32 1455133351.741337
97 1455133351.877370
32 1455133352.029306
103 1455133352.309460
114 1455133352.541356
101 1455133352.701417
97 1455133352.773286
116 1455133352.941334
32 1455133353.101373
119 1455133353.365362
97 1455133353.501374
121 1455133353.685311
32 1455133353.917345
116 1455133354.101406
32 1455133354.285392
111 1455133354.525375
8 1455133354.861361
8 1455133355.029198
111 1455133355.309345
32 1455133355.597326
115 1455133355.797410
116 1455133355.973281
97 1455133356.117308
114 1455133356.253383
116 1455133356.485274
32 1455133356.693328
116 1455133357.061301
8 1455133357.461323
117 1455133357.909304
110 1455133358.109414
100 1455133358.125391
101 1455133358.325351
114 1455133358.461239
115 1455133358.701318
116 1455133358.853289
97 1455133358.973176
110 1455133359.117320
100 1455133359.221322
105 1455133359.365320
110 1455133359.533329
103 1455133359.621165
32 1455133359.773234
104 1455133360.077262
111 1455133360.269342
119 1455133360.389304
32 1455133360.581265
116 1455133360.845284
111 1455133360.949186
32 1455133361.061115
115 1455133361.397312
111 1455133361.549262
108 1455133361.765284
118 1455133361.949232
101 1455133362.133358
32 1455133362.253316
116 1455133362.429210
104 1455133362.517282
101 1455133362.613316
32 1455133362.693269
112 1455133362.949292
114 1455133363.301322
111 1455133363.421284
98 1455133363.637195
108 1455133364.445232
101 1455133364.589197
109 1455133364.701314
32 1455133364.837194
98 1455133365.085136
101 1455133365.277260
115 1455133365.445232
116 1455133365.589251
46 1455133365.989222
10 1455133366.493226
10 1455133366.925213
45 1455133367.781233
83 1455133368.165316
116 1455133368.413167
101 1455133368.637132
118 1455133368.957244
101 1455133369.157243
110 1455133369.389278
