70 1460049624.271108
111 1460049624.447135
117 1460049624.559088
114 1460049624.655195
32 1460049624.839147
115 1460049625.047119
99 1460049625.223140
111 1460049625.327103
114 1460049625.463043
101 1460049625.567186
32 1460049625.679148
97 1460049625.775223
110 1460049625.991174
100 1460049626.015160
32 1460049626.151178
115 1460049626.231245
101 1460049626.383129
118 1460049626.599129
101 1460049626.759110
110 1460049626.951206
32 1460049627.111099
116 1460049627.367102
121 1460049627.367539
8 1460049627.775188
8 1460049627.943109
121 1460049628.551183
101 1460049628.735454
97 1460049628.879485
114 1460049628.903479
115 1460049629.039197
32 1460049629.263211
97 1460049629.407231
103 1460049629.607202
111 1460049629.735049
32 1460049630.015175
111 1460049630.191130
117 1460049630.271216
114 1460049630.399279
32 1460049630.559218
102 1460049630.903167
97 1460049631.055064
116 1460049631.207175
104 1460049631.351076
101 1460049631.415106
114 1460049631.495055
115 1460049631.655116
32 1460049631.831055
98 1460049632.111180
114 1460049632.351202
111 1460049632.423051
117 1460049632.495021
103 1460049632.663125
104 1460049632.759010
32 1460049632.943131
102 1460049633.255190
8 1460049633.551180
8 1460049633.735114
116 1460049634.007136
32 1460049634.183144
102 1460049634.359118
111 1460049634.487180
114 1460049634.591181
116 1460049634.759026
104 1460049634.855123
32 1460049635.007014
111 1460049635.135063
110 1460049635.343079
32 1460049635.430992
116 1460049635.551059
104 1460049635.598998
105 1460049635.759156
115 1460049635.855103
32 1460049635.991153
99 1460049636.231153
111 1460049636.303140
110 1460049636.503140
116 1460049636.623156
105 1460049636.759087
110 1460049636.967051
101 1460049637.175106
110 1460049637.503137
116 1460049637.719064
32 1460049637.894955
97 1460049638.271098
32 1460049638.454986
110 1460049638.670993
101 1460049638.766907
119 1460049638.918953
32 1460049639.063046
110 1460049639.303080
97 1460049639.390989
116 1460049639.574993
105 1460049639.750899
111 1460049639.943042
110 1460049640.167045
44 1460049640.351021
32 1460049640.559060
101 1460049640.799036
8 1460049641.159097
99 1460049641.407032
111 1460049641.502998
110 1460049641.703000
99 1460049642.135080
101 1460049642.343069
105 1460049642.527045
118 1460049642.679016
101 1460049642.903121
100 1460049643.119054
32 1460049643.230899
105 1460049643.359011
110 1460049643.559019
32 1460049643.702932
108 1460049644.014980
105 1460049644.399056
98 1460049644.614995
101 1460049644.822943
114 1460049644.910859
116 1460049645.134959
121 1460049645.326881
44 1460049645.518952
32 1460049645.766971
97 1460049645.926836
110 1460049646.086903
100 1460049646.142875
32 1460049646.254932
100 1460049646.487018
101 1460049646.702992
105 1460049647.158996
8 1460049647.686971
101 1460049647.894946
8 1460049648.406934
100 1460049648.598991
105 1460049649.078976
99 1460049649.247012
97 1460049649.383012
116 1460049649.542918
101 1460049649.710894
100 1460049649.934927
32 1460049650.046848
116 1460049650.262978
111 1460049650.350833
32 1460049650.470954
116 1460049650.598875
104 1460049650.670846
101 1460049650.750837
32 1460049650.830766
112 1460049651.134974
114 1460049651.262815
111 1460049651.382864
112 1460049651.574872
111 1460049651.918944
115 1460049652.150984
105 1460049652.390835
116 1460049652.526888
105 1460049652.646939
111 1460049652.839011
110 1460049653.030952
32 1460049653.214879
116 1460049653.358962
104 1460049653.422890
97 1460049653.470882
116 1460049653.574983
32 1460049653.694880
97 1460049653.854947
108 1460049653.998924
108 1460049654.150933
32 1460049654.582970
109 1460049654.702867
101 1460049654.966934
110 1460049655.190913
32 1460049655.623082
97 1460049655.766954
114 1460049655.886950
101 1460049655.990947
32 1460049656.110830
99 1460049656.422947
114 1460049656.654969
101 1460049656.774836
97 1460049656.902881
116 1460049657.078951
101 1460049657.238864
100 1460049657.470921
32 1460049657.942906
101 1460049658.214920
113 1460049658.510881
117 1460049658.830919
97 1460049659.046919
108 1460049659.206805
46 1460049659.486871
10 1460049659.806911
10 1460049660.246879
78 1460049661.102809
111 1460049661.302788
119 1460049661.414844
32 1460049661.630869
119 1460049661.830914
101 1460049661.982937
32 1460049662.118935
97 1460049662.262886
114 1460049662.398921
101 1460049662.486936
32 1460049662.614905
101 1460049662.862867
110 1460049662.990684
103 1460049663.150853
97 1460049663.270713
103 1460049663.366884
101 1460049663.550860
100 1460049663.766870
32 1460049663.902754
105 1460049664.094775
110 1460049664.286852
32 1460049664.422805
97 1460049664.966813
32 1460049665.174869
103 1460049665.422877
114 1460049665.662806
101 1460049665.790662
97 1460049665.934962
116 1460049666.038776
32 1460049666.262832
99 1460049666.502847
105 1460049666.614835
118 1460049666.766828
105 1460049666.870818
108 1460049667.062808
32 1460049667.326871
119 1460049668.038813
97 1460049668.166746
114 1460049668.286881
44 1460049668.766846
32 1460049668.990881
116 1460049669.262826
101 1460049669.478823
115 1460049669.662725
116 1460049669.766742
105 1460049669.950667
110 1460049670.566751
103 1460049670.710648
32 1460049670.846658
119 1460049671.014613
104 1460049671.182808
101 1460049671.398794
116 1460049671.614781
104 1460049671.726671
101 1460049671.790626
114 1460049671.870669
32 1460049672.006735
111 1460049672.158756
8 1460049672.622771
116 1460049672.814557
104 1460049672.982677
97 1460049673.038589
116 1460049673.150722
32 1460049673.350665
110 1460049673.486666
97 1460049673.622712
116 1460049673.758762
105 1460049673.894758
111 1460049674.094672
110 1460049674.286730
44 1460049674.510755
32 1460049674.718668
111 1460049674.886669
114 1460049675.078703
32 1460049675.230680
97 1460049675.374650
110 1460049675.510790
121 1460049675.646770
32 1460049675.862821
110 1460049676.846764
97 1460049676.958630
116 1460049677.094595
105 1460049677.214602
111 1460049677.422639
110 1460049677.622628
32 1460049677.790665
115 1460049678.078710
111 1460049678.190653
32 1460049678.430751
99 1460049678.734747
111 1460049678.814593
110 1460049678.998658
99 1460049679.158646
101 1460049679.374655
105 1460049679.574618
118 1460049679.726637
101 1460049679.918687
100 1460049680.118687
32 1460049680.470724
97 1460049680.590665
110 1460049680.734710
100 1460049680.798755
32 1460049680.886664
115 1460049681.262691
111 1460049681.398619
32 1460049681.550633
100 1460049681.758604
105 1460049681.894632
100 1460049682.014564
8 1460049682.431015
8 1460049682.598931
101 1460049682.862683
100 1460049683.102695
105 1460049683.214710
99 1460049683.494696
97 1460049683.654538
116 1460049683.806624
101 1460049683.966555
100 1460049684.174612
44 1460049684.326537
32 1460049684.582599
99 1460049684.798633
97 1460049684.918530
110 1460049685.062671
32 1460049685.190517
108 1460049685.558579
111 1460049685.790617
110 1460049686.022627
103 1460049686.230551
32 1460049686.446481
101 1460049686.662588
110 1460049686.790568
100 1460049686.942617
117 1460049687.054500
114 1460049687.270624
101 1460049687.390546
46 1460049687.550612
32 1460049687.870635
87 1460049688.598615
101 1460049688.750510
101 1460049688.934668
8 1460049689.518652
32 1460049689.958655
97 1460049690.382645
114 1460049690.542521
101 1460049690.662552
32 1460049690.822434
109 1460049691.598571
101 1460049691.710484
116 1460049691.902479
32 1460049692.134514
111 1460049692.358557
110 1460049692.574525
32 1460049692.726406
97 1460049692.894425
32 1460049693.078473
103 1460049693.294511
114 1460049693.526626
101 1460049693.646523
97 1460049693.758476
116 1460049693.918549
32 1460049694.086562
98 1460049694.310563
97 1460049694.486405
116 1460049694.686440
116 1460049694.894519
108 1460049695.110510
101 1460049695.238414
102 1460049695.606550
105 1460049695.742567
108 1460049695.958547
101 1460049696.134545
8 1460049696.542550
8 1460049696.726390
101 1460049697.062525
108 1460049697.222442
100 1460049697.374435
32 1460049697.726478
111 1460049697.942446
102 1460049698.062607
32 1460049698.222467
116 1460049698.350394
104 1460049698.462412
97 1460049698.494365
116 1460049698.598386
32 1460049698.718529
119 1460049698.846389
97 1460049698.974540
114 1460049699.078426
46 1460049699.326462
32 1460049699.534428
87 1460049699.942507
101 1460049700.126540
32 1460049700.294457
104 1460049700.966466
97 1460049701.110386
118 1460049701.286367
101 1460049701.470327
32 1460049701.590451
99 1460049701.830414
111 1460049701.894371
109 1460049702.102455
101 1460049702.142550
32 1460049702.270509
116 1460049702.470551
111 1460049702.582509
32 1460049702.702538
100 1460049703.006529
101 1460049703.206409
100 1460049703.422413
105 1460049703.534389
99 1460049703.694366
97 1460049703.798371
116 1460049703.966460
105 1460049704.110325
8 1460049704.526463
101 1460049704.710453
32 1460049704.846364
97 1460049704.982331
32 1460049705.094336
112 1460049705.262298
111 1460049705.478380
114 1460049705.598368
116 1460049705.790379
105 1460049705.926315
111 1460049706.110341
110 1460049706.286393
32 1460049706.462399
111 1460049706.822438
102 1460049706.950361
32 1460049707.094338
116 1460049707.238524
104 1460049707.358479
97 1460049707.390356
116 1460049707.486301
32 1460049707.646351
102 1460049707.854400
105 1460049708.070416
101 1460049708.238316
108 1460049708.438332
100 1460049708.638319
44 1460049708.886706
32 1460049709.166476
97 1460049709.358417
115 1460049709.550471
32 1460049709.702418
97 1460049709.838440
32 1460049710.006436
102 1460049710.206378
105 1460049710.294263
110 1460049710.494375
97 1460049710.550233
108 1460049710.710373
32 1460049711.006358
114 1460049711.230413
101 1460049711.334291
115 1460049711.478324
116 1460049711.614338
105 1460049711.710396
111 1460049711.870265
110 1460049712.030310
103 1460049712.126329
32 1460049712.254309
8 1460049712.446290
8 1460049712.622316
8 1460049712.774246
8 1460049712.910316
110 1460049713.126356
103 1460049713.262233
32 1460049713.438364
112 1460049713.790401
108 1460049714.006365
97 1460049714.094268
99 1460049714.518399
97 1460049714.654306
101 1460049714.838280
32 1460049715.022253
8 1460049715.262316
8 1460049715.438280
8 1460049715.598284
101 1460049715.774358
32 1460049715.894339
102 1460049716.078371
111 1460049716.166345
114 1460049716.262270
32 1460049716.398347
116 1460049716.550354
104 1460049716.622339
111 1460049716.806170
115 1460049716.902229
101 1460049717.062175
32 1460049717.182313
119 1460049717.374183
104 1460049717.494237
111 1460049718.094248
32 1460049718.318365
104 1460049718.574344
101 1460049718.670236
114 1460049718.774189
101 1460049718.854221
32 1460049718.998191
103 1460049719.406330
97 1460049719.566216
118 1460049719.710188
101 1460049719.886165
32 1460049719.982371
116 1460049720.118338
104 1460049720.230349
101 1460049720.310328
105 1460049720.414328
114 1460049720.638257
32 1460049720.974324
108 1460049721.166232
105 1460049721.366138
118 1460049721.478142
101 1460049721.654178
115 1460049721.814140
32 1460049721.958174
116 1460049722.150187
104 1460049722.270249
97 1460049722.302124
116 1460049722.398235
32 1460049722.566325
116 1460049722.814282
104 1460049722.966325
97 1460049723.230300
116 1460049723.358290
32 1460049723.598225
110 1460049723.774195
97 1460049723.878247
116 1460049723.990115
105 1460049724.126141
111 1460049724.342232
110 1460049724.566199
32 1460049724.790226
109 1460049724.958186
105 1460049725.214245
103 1460049725.334206
104 1460049725.430204
116 1460049725.998278
32 1460049726.206189
108 1460049726.430181
105 1460049726.598277
118 1460049726.718309
101 1460049726.902219
46 1460049727.014183
32 1460049727.302226
73 1460049727.694232
116 1460049727.878197
105 1460049728.070231
8 1460049728.566270
32 1460049728.758190
105 1460049728.910290
115 1460049729.086260
32 1460049729.198268
97 1460049729.438303
108 1460049729.638412
116 1460049729.926281
111 1460049730.318255
103 1460049730.878208
101 1460049731.046063
116 1460049731.214139
104 1460049731.326113
101 1460049731.398036
114 1460049731.470119
32 1460049731.606106
102 1460049731.838104
105 1460049731.966157
116 1460049732.462188
116 1460049732.614084
105 1460049732.830149
110 1460049733.022089
103 1460049733.142250
32 1460049733.286049
97 1460049733.398191
110 1460049733.598192
100 1460049733.734146
32 1460049733.838179
112 1460049734.038166
114 1460049734.198172
111 1460049734.326184
112 1460049734.750155
101 1460049734.950094
114 1460049735.078170
32 1460049735.198142
116 1460049735.366088
104 1460049735.454123
97 1460049735.470026
116 1460049735.590103
32 1460049735.694205
119 1460049735.814054
101 1460049735.918119
32 1460049736.030191
115 1460049736.286267
104 1460049736.750224
111 1460049736.982198
117 1460049737.086023
108 1460049737.262067
100 1460049737.398032
32 1460049737.502012
100 1460049737.750110
111 1460049737.862036
32 1460049737.990093
116 1460049738.158044
104 1460049738.230067
105 1460049738.397980
115 1460049738.582082
46 1460049738.750069
10 1460049739.102072
10 1460049739.334157
66 1460049740.262115
117 1460049740.606149
116 1460049740.758043
44 1460049740.982111
32 1460049741.142176
105 1460049741.870066
110 1460049742.053977
32 1460049742.205965
97 1460049742.349945
32 1460049742.502004
108 1460049742.630010
97 1460049742.774145
114 1460049742.878228
103 1460049743.102056
101 1460049743.246103
114 1460049743.350124
32 1460049743.502129
115 1460049743.678149
105 1460049743.814031
8 1460049744.302100
101 1460049744.453976
110 1460049744.638012
115 1460049744.717922
101 1460049744.805923
44 1460049745.062012
32 1460049745.278113
119 1460049745.534045
101 1460049745.686029
32 1460049745.789979
99 1460049746.014028
97 1460049746.149905
110 1460049746.285964
32 1460049746.477863
110 1460049746.645908
111 1460049746.821904
116 1460049746.934050
32 1460049747.037915
100 1460049747.253979
101 1460049747.446012
100 1460049747.678059
105 1460049747.806003
99 1460049748.094007
97 1460049748.229928
116 1460049748.365979
101 1460049748.589985
44 1460049748.830010
32 1460049749.070041
119 1460049749.358123
101 1460049749.526065
32 1460049749.654018
99 1460049749.886147
97 1460049750.006083
110 1460049750.198119
32 1460049750.365948
110 1460049750.573982
111 1460049751.070001
116 1460049751.246013
32 1460049751.397986
99 1460049751.637982
111 1460049751.741924
110 1460049751.957977
115 1460049752.157940
101 1460049752.325940
99 1460049752.749978
114 1460049753.005966
101 1460049753.133890
97 1460049753.302020
116 1460049753.421854
8 1460049753.741983
8 1460049753.925878
8 1460049754.246017
97 1460049754.470025
116 1460049754.622056
101 1460049754.773960
44 1460049755.013914
32 1460049755.269978
119 1460049755.501981
101 1460049755.637913
32 1460049755.757878
99 1460049755.965935
97 1460049756.062013
110 1460049756.262006
32 1460049756.422195
110 1460049756.590203
111 1460049756.782085
116 1460049756.917977
32 1460049757.021952
104 1460049757.405994
97 1460049757.517912
108 1460049757.637888
108 1460049757.805828
112 1460049758.013900
8 1460049758.565968
111 1460049758.949954
119 1460049759.269958
32 1460049759.429785
116 1460049759.637891
104 1460049759.701776
105 1460049759.885901
115 1460049760.029796
32 1460049760.141914
103 1460049760.381912
114 1460049760.597886
111 1460049760.637839
117 1460049760.717888
110 1460049760.989942
100 1460049761.285956
46 1460049761.445909
32 1460049761.717920
84 1460049762.069844
104 1460049762.157879
101 1460049762.269885
32 1460049762.381921
98 1460049762.637917
114 1460049762.877876
97 1460049763.005852
99 1460049763.205932
101 1460049763.437931
8 1460049763.773953
8 1460049763.949969
118 1460049764.149888
101 1460049764.293777
32 1460049764.389855
109 1460049764.709866
101 1460049764.805767
110 1460049764.957880
44 1460049765.189881
32 1460049765.373768
108 1460049765.637864
105 1460049765.805899
118 1460049765.917806
105 1460049766.029759
110 1460049766.213873
103 1460049766.381733
32 1460049766.485962
97 1460049766.605854
110 1460049766.741818
100 1460049766.829836
32 1460049766.917781
100 1460049767.101730
101 1460049767.285857
97 1460049767.389849
100 1460049767.549807
44 1460049767.989885
32 1460049768.173856
119 1460049768.453911
104 1460049768.565861
111 1460049768.773784
32 1460049769.013875
115 1460049769.261827
116 1460049769.477893
114 1460049769.677943
117 1460049769.797810
103 1460049769.981907
103 1460049770.157841
108 1460049770.501842
101 1460049770.661713
100 1460049770.901757
32 1460049771.205794
104 1460049771.413744
101 1460049771.453653
114 1460049771.565719
101 1460049771.645761
44 1460049771.837705
32 1460049772.109761
104 1460049772.485764
97 1460049772.597738
118 1460049772.765725
101 1460049772.965676
32 1460049773.117731
99 1460049774.133778
111 1460049774.229688
110 1460049774.413778
99 1460049774.493847
8 1460049775.045816
115 1460049775.261781
101 1460049775.397767
99 1460049775.765828
114 1460049776.037819
101 1460049776.149807
97 1460049776.333766
116 1460049776.381798
101 1460049776.453811
8 1460049776.781806
8 1460049776.965656
8 1460049777.117656
8 1460049777.517747
97 1460049777.909726
116 1460049778.045657
101 1460049778.245699
100 1460049778.485751
32 1460049778.581604
105 1460049778.725692
116 1460049778.901621
44 1460049779.085668
32 1460049779.269698
102 1460049779.517626
97 1460049779.645680
114 1460049779.917713
32 1460049780.101702
97 1460049780.237691
98 1460049780.477752
111 1460049780.701726
105 1460049781.269774
8 1460049781.661726
118 1460049781.837631
101 1460049782.005678
32 1460049782.133696
111 1460049782.277807
117 1460049782.357795
114 1460049782.565879
32 1460049782.781935
112 1460049782.997749
111 1460049783.237782
111 1460049783.421799
114 1460049783.757760
32 1460049783.885601
112 1460049784.173666
111 1460049784.421709
119 1460049784.781717
101 1460049784.877624
114 1460049785.029655
32 1460049785.157763
116 1460049785.333695
111 1460049785.421665
32 1460049785.517624
97 1460049785.677671
100 1460049785.869617
100 1460049786.021641
32 1460049786.181620
111 1460049786.469580
116 1460049786.773670
32 1460049786.949706
8 1460049787.381699
8 1460049787.573601
114 1460049787.837656
32 1460049787.997616
100 1460049788.333653
101 1460049788.733665
116 1460049788.949724
114 1460049789.141671
97 1460049789.285723
99 1460049789.469740
116 1460049789.685786
46 1460049789.837728
32 1460049790.013658
84 1460049790.405567
104 1460049790.565538
101 1460049790.669654
32 1460049790.781519
119 1460049791.133619
111 1460049791.285543
114 1460049791.421702
108 1460049791.573599
100 1460049791.741599
32 1460049792.029598
32 1460049792.117524
8 1460049792.949599
119 1460049793.213650
105 1460049793.293597
108 1460049793.493576
108 1460049793.661574
32 1460049793.829673
108 1460049793.981515
105 1460049794.165580
116 1460049794.325477
116 1460049794.501486
108 1460049794.757557
101 1460049794.933449
32 1460049795.117605
110 1460049795.333670
111 1460049795.517669
116 1460049795.573693
101 1460049795.717654
44 1460049795.901659
32 1460049796.165616
110 1460049796.317484
111 1460049796.509620
114 1460049796.645477
32 1460049796.773533
108 1460049796.901499
111 1460049797.093425
110 1460049797.341593
103 1460049797.533480
32 1460049797.717550
114 1460049797.989577
101 1460049798.133496
109 1460049798.269552
101 1460049798.389449
109 1460049798.605543
98 1460049798.925564
118 1460049798.925901
8 1460049799.349592
101 1460049799.725568
114 1460049799.909569
32 1460049800.109500
119 1460049800.261592
104 1460049800.397531
97 1460049800.461441
116 1460049800.565457
32 1460049800.869547
119 1460049801.173516
101 1460049801.293413
32 1460049801.437479
115 1460049801.653504
97 1460049801.789443
121 1460049801.981604
32 1460049802.229519
104 1460049802.421526
101 1460049802.477509
114 1460049802.589499
101 1460049802.661544
44 1460049802.861506
32 1460049803.221520
98 1460049803.621512
117 1460049803.749389
116 1460049803.901445
32 1460049804.053519
105 1460049804.493514
116 1460049804.629368
32 1460049804.765411
99 1460049805.029412
97 1460049805.317490
110 1460049805.533441
32 1460049805.701394
110 1460049805.853367
101 1460049805.965390
118 1460049806.173566
101 1460049806.325454
114 1460049806.413454
32 1460049806.533545
102 1460049806.821571
111 1460049806.973422
114 1460049807.077554
103 1460049807.621517
101 1460049807.805433
116 1460049807.957417
32 1460049808.133572
119 1460049808.333544
104 1460049808.525770
97 1460049808.565697
116 1460049808.701643
32 1460049808.877531
101 1460049809.085503
8 1460049809.517515
116 1460049809.821464
104 1460049809.941359
101 1460049810.021314
121 1460049810.237421
32 1460049810.429355
100 1460049810.717438
105 1460049810.829400
100 1460049810.965351
32 1460049811.189439
104 1460049811.357347
101 1460049811.429339
114 1460049811.533334
101 1460049811.613301
46 1460049811.789414
32 1460049812.021513
73 1460049812.389356
116 1460049812.557279
32 1460049812.741456
105 1460049812.893469
115 1460049813.061474
32 1460049813.181406
102 1460049813.485451
111 1460049813.613299
114 1460049813.757374
32 1460049813.901312
117 1460049814.205396
115 1460049814.405343
32 1460049814.541348
116 1460049814.765355
104 1460049814.925416
101 1460049815.021483
32 1460049815.213427
108 1460049815.341481
105 1460049815.541464
118 1460049815.701475
105 1460049815.845376
110 1460049816.117337
103 1460049816.525380
44 1460049816.821441
32 1460049817.013256
114 1460049817.229344
97 1460049817.373241
116 1460049817.509383
104 1460049817.629389
101 1460049817.733439
114 1460049817.813281
109 1460049818.397386
44 1460049818.397699
8 1460049818.845356
8 1460049819.181419
44 1460049819.829404
32 1460049819.989242
116 1460049820.453383
111 1460049820.717344
32 1460049820.869244
98 1460049821.157297
101 1460049821.365404
32 1460049821.549386
100 1460049821.949396
101 1460049822.149402
100 1460049822.381409
105 1460049822.565265
99 1460049822.685245
97 1460049822.821299
116 1460049822.973315
101 1460049823.149280
100 1460049823.373302
32 1460049823.477241
104 1460049823.669276
101 1460049823.813256
114 1460049823.869222
101 1460049823.989311
32 1460049824.149256
116 1460049824.349232
111 1460049824.453175
32 1460049824.541182
116 1460049824.701258
104 1460049824.773209
101 1460049824.893215
32 1460049824.981289
117 1460049826.205361
110 1460049826.397366
102 1460049826.589262
105 1460049826.701288
110 1460049826.877232
105 1460049827.061207
115 1460049827.437334
104 1460049827.733329
101 1460049827.877342
100 1460049828.101310
32 1460049828.237364
111 1460049828.429309
119 1460049828.517313
8 1460049828.981297
8 1460049829.157265
111 1460049829.429219
8 1460049829.821279
119 1460049830.021144
111 1460049830.189190
114 1460049830.373287
107 1460049830.501141
32 1460049830.709222
119 1460049830.909133
104 1460049831.013129
105 1460049831.157181
99 1460049831.317183
104 1460049831.413193
32 1460049831.541130
116 1460049831.717170
104 1460049831.821171
101 1460049831.901300
121 1460049832.133258
32 1460049832.309191
119 1460049832.549224
104 1460049832.733315
111 1460049832.941311
32 1460049833.253327
102 1460049833.493263
111 1460049833.613240
117 1460049833.741225
103 1460049833.893119
104 1460049833.989178
32 1460049834.157308
8 1460049834.773391
116 1460049835.037296
32 1460049835.213405
104 1460049835.453322
101 1460049835.541201
114 1460049835.637161
101 1460049835.733211
32 1460049835.885109
104 1460049836.333224
97 1460049836.445153
118 1460049836.613145
101 1460049836.781126
32 1460049836.861158
116 1460049837.053124
104 1460049837.157230
117 1460049837.381171
115 1460049837.525113
32 1460049837.629125
102 1460049837.861209
97 1460049838.029146
114 1460049838.165188
101 1460049838.301235
8 1460049838.693247
32 1460049839.069187
115 1460049839.261140
111 1460049839.397084
32 1460049839.621247
111 1460049839.869179
8 1460049840.253177
110 1460049840.501132
111 1460049840.701081
98 1460049840.901226
108 1460049841.053246
121 1460049841.181177
32 1460049841.477214
97 1460049841.629208
100 1460049842.109086
97 1460049842.437103
118 1460049842.709136
8 1460049843.085115
8 1460049843.253068
118 1460049843.885180
97 1460049844.013025
110 1460049844.189032
99 1460049844.261047
101 1460049844.405015
100 1460049844.628976
46 1460049844.757057
32 1460049844.981165
73 1460049845.421067
116 1460049845.581063
32 1460049845.749167
105 1460049845.909215
115 1460049846.005157
32 1460049846.149081
114 1460049846.413098
97 1460049846.549032
116 1460049846.709124
104 1460049846.837064
101 1460049846.917080
114 1460049847.004990
32 1460049847.141037
102 1460049847.461134
111 1460049847.549139
114 1460049847.677126
32 1460049847.797153
117 1460049847.981145
115 1460049848.117147
32 1460049848.293041
116 1460049848.525021
111 1460049848.644969
32 1460049848.781022
98 1460049849.005033
101 1460049849.205057
32 1460049849.333015
104 1460049849.597027
101 1460049849.652951
114 1460049849.748996
101 1460049849.853057
32 1460049850.004986
100 1460049850.333056
101 1460049850.580998
100 1460049850.853007
105 1460049851.036965
99 1460049851.172939
97 1460049851.309022
116 1460049851.460957
101 1460049851.620924
100 1460049851.845105
32 1460049851.948920
116 1460049852.125046
111 1460049852.244987
32 1460049852.381015
116 1460049852.524994
104 1460049852.597038
101 1460049852.692994
32 1460049852.813102
103 1460049853.125032
114 1460049853.349023
101 1460049853.436980
97 1460049853.580995
116 1460049853.684975
32 1460049855.005057
116 1460049855.292992
97 1460049855.685002
115 1460049855.844966
107 1460049856.244936
32 1460049856.412899
114 1460049856.893028
101 1460049857.028881
109 1460049857.228970
97 1460049857.356941
105 1460049857.484940
110 1460049857.684884
105 1460049857.868931
110 1460049858.020957
103 1460049858.333006
32 1460049858.612966
98 1460049859.212976
101 1460049859.565069
102 1460049859.925035
111 1460049860.125007
114 1460049860.228972
101 1460049860.324915
32 1460049860.460956
117 1460049861.389021
115 1460049861.573068
45 1460049862.316992
116 1460049862.620948
104 1460049862.780867
97 1460049862.804843
116 1460049862.932920
32 1460049863.124945
102 1460049863.356966
111 1460049863.476937
114 1460049863.588916
8 1460049864.076999
8 1460049864.236970
114 1460049864.468927
111 1460049864.572814
109 1460049864.748935
32 1460049864.924804
116 1460049865.333033
104 1460049865.460981
101 1460049865.524891
115 1460049865.700936
101 1460049865.788884
32 1460049866.085012
111 1460049866.404966
8 1460049866.836933
104 1460049867.100864
111 1460049867.292862
110 1460049867.484993
111 1460049867.684977
114 1460049867.940955
101 1460049868.108964
100 1460049868.348969
32 1460049868.476841
100 1460049868.612829
101 1460049868.788829
97 1460049868.900836
100 1460049869.052817
32 1460049869.180934
119 1460049869.364858
101 1460049869.500905
32 1460049869.660830
116 1460049870.204885
97 1460049870.412869
107 1460049870.604762
101 1460049870.700838
32 1460049870.796826
105 1460049871.252826
110 1460049871.444717
99 1460049871.556955
114 1460049871.772871
101 1460049871.892782
97 1460049872.036881
115 1460049872.196814
101 1460049872.484904
100 1460049872.716919
32 1460049872.852829
100 1460049873.108805
101 1460049873.276827
118 1460049873.532840
105 1460049873.932847
116 1460049874.156878
8 1460049874.556907
8 1460049874.724894
111 1460049875.508849
116 1460049875.700724
105 1460049875.844765
111 1460049876.172810
110 1460049876.492794
32 1460049876.684752
116 1460049876.908785
111 1460049877.052701
32 1460049877.180831
116 1460049877.332760
104 1460049877.356680
97 1460049877.436706
116 1460049877.540690
32 1460049877.660764
99 1460049878.148811
97 1460049878.300776
117 1460049878.868784
115 1460049879.052784
101 1460049879.212759
32 1460049879.580829
102 1460049879.820836
111 1460049879.940738
114 1460049880.260806
32 1460049880.428706
119 1460049880.596818
104 1460049880.716873
105 1460049880.852865
99 1460049881.068861
104 1460049881.188854
32 1460049881.348850
116 1460049881.580867
104 1460049881.892826
101 1460049882.036702
121 1460049882.252756
32 1460049882.444679
103 1460049882.820775
97 1460049883.012681
118 1460049883.172745
101 1460049883.348695
32 1460049883.452861
116 1460049883.620691
101 1460049883.796755
32 1460049883.948679
8 1460049884.356803
8 1460049884.540676
104 1460049884.956812
101 1460049885.124708
32 1460049885.404695
108 1460049885.652699
97 1460049885.732651
115 1460049885.852695
116 1460049886.028791
32 1460049886.212729
102 1460049886.452689
117 1460049886.628617
105 1460049886.629081
8 1460049887.108718
108 1460049887.660791
108 1460049887.828937
32 1460049888.212786
109 1460049888.380931
101 1460049888.460788
97 1460049888.572805
115 1460049888.732772
117 1460049888.900698
114 1460049889.100701
101 1460049889.188681
32 1460049889.324716
111 1460049889.708715
102 1460049889.836727
32 1460049889.964638
100 1460049890.244745
101 1460049890.436754
118 1460049890.652700
111 1460049890.796633
116 1460049890.988607
105 1460049891.092507
111 1460049891.316662
110 1460049891.580699
32 1460049892.220691
8 1460049892.604688
45 1460049892.852617
116 1460049893.452702
104 1460049893.540572
97 1460049893.612492
116 1460049893.708590
32 1460049893.916633
119 1460049894.092550
101 1460049894.212727
32 1460049894.308708
104 1460049894.660714
101 1460049894.756711
114 1460049894.884739
101 1460049894.948745
32 1460049895.124716
104 1460049895.436702
105 1460049895.628589
103 1460049895.756578
104 1460049895.852572
108 1460049896.004611
121 1460049896.148596
32 1460049896.348656
114 1460049896.652624
101 1460049896.796575
115 1460049897.052634
111 1460049897.308671
108 1460049897.540589
118 1460049897.708609
101 1460049897.868616
32 1460049897.988537
116 1460049898.356645
97 1460049898.492641
104 1460049898.493127
116 1460049898.596715
32 1460049898.748516
8 1460049899.092540
8 1460049899.260632
8 1460049899.420573
104 1460049899.716651
8 1460049899.996624
8 1460049900.156629
104 1460049900.436541
97 1460049900.588457
116 1460049900.716509
32 1460049900.932527
116 1460049901.156615
104 1460049901.284650
101 1460049901.332656
115 1460049901.484637
101 1460049901.564630
32 1460049901.756748
100 1460049901.948653
101 1460049902.148560
97 1460049902.284590
100 1460049902.428611
32 1460049902.540598
115 1460049902.740558
104 1460049902.852544
97 1460049902.940494
108 1460049903.068537
108 1460049903.252515
32 1460049903.412527
110 1460049903.572509
111 1460049903.764600
116 1460049903.956567
32 1460049904.108517
104 1460049904.372532
97 1460049904.508462
118 1460049904.628433
101 1460049904.804481
32 1460049905.012514
100 1460049905.292517
105 1460049905.396554
101 1460049905.508484
100 1460049905.756614
32 1460049905.868539
105 1460049906.052561
110 1460049906.252527
32 1460049906.372778
118 1460049906.644549
97 1460049906.812485
105 1460049907.004475
110 1460049907.268550
45 1460049907.692532
116 1460049908.124596
104 1460049908.236604
97 1460049908.276556
116 1460049908.380575
32 1460049908.548598
116 1460049908.740595
104 1460049908.852555
105 1460049909.036435
115 1460049909.124429
32 1460049909.276498
110 1460049909.484457
97 1460049909.596368
116 1460049909.724469
105 1460049909.844385
111 1460049910.044440
110 1460049910.236462
44 1460049910.452431
32 1460049910.756513
117 1460049911.148485
110 1460049911.412499
100 1460049911.924519
101 1460049912.108502
114 1460049912.228496
32 1460049912.676482
71 1460049912.940468
111 1460049913.100477
100 1460049913.228502
44 1460049913.460443
32 1460049913.676406
115 1460049913.924442
104 1460049914.052381
97 1460049914.156393
108 1460049914.268430
108 1460049914.444736
32 1460049914.700691
104 1460049914.900521
97 1460049914.956527
118 1460049915.100478
101 1460049915.252524
32 1460049915.356537
97 1460049915.492565
32 1460049915.620549
110 1460049915.820450
101 1460049915.884375
119 1460049916.020326
32 1460049916.140492
98 1460049916.420488
111 1460049916.564356
114 1460049916.804383
8 1460049917.108378
8 1460049917.276316
105 1460049917.532420
114 1460049917.732376
116 1460049917.916396
104 1460049918.028420
32 1460049918.164366
111 1460049918.332435
102 1460049918.468375
32 1460049918.580512
102 1460049918.780393
114 1460049918.988487
101 1460049919.156472
101 1460049919.308413
101 1460049919.452376
100 1460049919.764462
8 1460049920.028483
8 1460049920.212401
100 1460049920.468379
111 1460049920.572329
109 1460049920.780429
45 1460049921.476439
97 1460049921.764465
110 1460049921.916454
100 1460049922.012482
32 1460049922.188412
116 1460049922.580395
104 1460049922.716290
97 1460049922.756231
116 1460049922.844283
32 1460049923.052302
103 1460049923.620442
111 1460049923.812265
118 1460049924.052391
101 1460049924.268335
114 1460049924.412290
110 1460049924.660332
109 1460049925.084346
101 1460049925.188274
110 1460049925.340294
116 1460049925.444262
32 1460049925.612389
111 1460049925.828377
102 1460049925.924246
32 1460049926.052330
116 1460049926.188208
104 1460049926.300360
97 1460049926.340264
8 1460049926.692415
101 1460049927.012373
32 1460049927.164205
112 1460049927.476296
101 1460049927.692284
111 1460049927.788329
112 1460049927.948409
108 1460049928.228412
101 1460049928.604393
44 1460049928.996313
32 1460049929.244350
98 1460049929.556293
117 1460049929.620167
8 1460049930.132289
121 1460049930.772276
32 1460049930.996399
116 1460049931.236290
104 1460049931.348197
101 1460049931.444198
32 1460049931.620142
112 1460049931.780169
101 1460049931.964333
111 1460049932.028219
112 1460049932.204298
108 1460049932.708334
101 1460049932.948315
44 1460049933.124307
32 1460049935.116373
102 1460049935.420296
111 1460049935.636287
114 1460049935.828191
32 1460049936.284266
116 1460049936.452214
104 1460049936.556242
101 1460049936.628164
32 1460049936.820227
112 1460049936.948154
101 1460049937.108206
111 1460049937.180208
112 1460049937.340264
108 1460049937.564231
101 1460049937.748162
44 1460049938.436226
32 1460049938.668173
115 1460049938.884252
104 1460049938.996129
97 1460049939.116199
108 1460049939.236093
108 1460049939.420160
32 1460049939.652185
110 1460049939.892223
111 1460049940.084214
116 1460049940.244136
32 1460049940.396154
112 1460049940.692175
101 1460049940.820111
114 1460049940.956113
105 1460049941.820205
115 1460049941.996211
104 1460049942.108210
32 1460049942.412192
102 1460049942.676138
114 1460049942.892162
111 1460049943.148176
109 1460049943.396220
32 1460049943.572126
116 1460049943.740134
104 1460049943.780102
101 1460049943.900199
32 1460049944.036149
101 1460049944.228172
97 1460049944.364194
114 1460049944.572129
116 1460049944.812169
104 1460049945.044141
46 1460049945.324202
