83 1457136109.039673
111 1457136109.207711
109 1457136109.303772
101 1457136109.439759
32 1457136109.551799
112 1457136109.607799
101 1457136109.719741
111 1457136109.791700
112 1457136109.887804
108 1457136109.991698
101 1457136110.112258
32 1457136110.223813
102 1457136110.479820
101 1457136110.623738
101 1457136110.751698
108 1457136110.919797
32 1457136111.143796
116 1457136111.975935
104 1457136112.047721
97 1457136112.135752
116 1457136112.183754
32 1457136112.279697
116 1457136112.383725
104 1457136112.447729
101 1457136112.567732
32 1457136112.631847
99 1457136112.783738
111 1457136112.839731
109 1457136113.007713
109 1457136113.111798
97 1457136113.207734
110 1457136113.303729
100 1457136113.383757
109 1457136113.487744
101 1457136113.615699
110 1457136113.703710
116 1457136113.791678
119 1457136113.935685
32 1457136114.023676
8 1457136114.359739
8 1457136114.495720
115 1457136114.615669
32 1457136114.687681
97 1457136114.799741
114 1457136114.903648
101 1457136114.983695
32 1457136115.071738
98 1457136115.383761
117 1457136115.487714
114 1457136115.607605
100 1457136115.751672
101 1457136115.887652
110 1457136115.975648
115 1457136116.063674
111 1457136116.167742
109 1457136116.231729
101 1457136116.343746
32 1457136116.439685
97 1457136116.511700
110 1457136116.655732
100 1457136116.783674
32 1457136116.839648
116 1457136116.911577
104 1457136116.951532
97 1457136117.055570
116 1457136117.111799
32 1457136117.279703
116 1457136117.575745
104 1457136117.703638
101 1457136117.919711
121 1457136118.015637
32 1457136118.143659
108 1457136118.263612
105 1457136118.351690
109 1457136118.463556
105 1457136118.543642
116 1457136118.743642
32 1457136118.791552
102 1457136119.175769
114 1457136119.335693
101 1457136119.423635
101 1457136119.567638
100 1457136119.783677
111 1457136119.871644
109 1457136119.975613
32 1457136120.047660
97 1457136120.111766
110 1457136120.207587
100 1457136120.287578
32 1457136120.367692
112 1457136120.463602
101 1457136120.551682
114 1457136120.615626
111 1457136120.695602
110 1457136120.799642
8 1457136121.119742
8 1457136121.247676
115 1457136121.359717
111 1457136121.463616
110 1457136121.551643
97 1457136121.647724
108 1457136121.751644
32 1457136121.871609
103 1457136121.951595
114 1457136122.111706
111 1457136122.175658
119 1457136122.295635
116 1457136122.831666
104 1457136122.943528
46 1457136123.151640
32 1457136123.351691
66 1457136123.687593
117 1457136123.871665
116 1457136123.911493
32 1457136124.007610
116 1457136124.095608
104 1457136124.167559
101 1457136124.239543
32 1457136124.311600
83 1457136124.567528
97 1457136124.703628
114 1457136125.095622
8 1457136125.383654
118 1457136125.455645
105 1457136125.623554
111 1457136125.703614
114 1457136125.847577
32 1457136125.975526
116 1457136126.063530
97 1457136126.279627
117 1457136126.431617
103 1457136126.599932
104 1457136127.031641
116 1457136127.159684
32 1457136127.327569
116 1457136127.527658
104 1457136127.607616
97 1457136127.727620
116 1457136127.791563
32 1457136127.879561
116 1457136127.999525
114 1457136128.175686
117 1457136128.231646
101 1457136128.391641
32 1457136128.471565
102 1457136128.543606
114 1457136128.711647
101 1457136128.767514
101 1457136129.199641
100 1457136129.335566
111 1457136129.471624
109 1457136129.567523
32 1457136129.671700
99 1457136129.799540
111 1457136129.879625
109 1457136129.943614
101 1457136130.015519
115 1457136130.135632
32 1457136130.207598
111 1457136130.244713
110 1457136130.343563
108 1457136130.455515
121 1457136130.607513
32 1457136130.719510
116 1457136130.779625
102 1457136131.015529
8 1457136131.423617
8 1457136131.567740
102 1457136131.951715
114 1457136132.095730
111 1457136132.175520
109 1457136132.271509
32 1457136132.359629
102 1457136132.687600
111 1457136132.775526
108 1457136132.959527
108 1457136133.087532
111 1457136133.223590
119 1457136133.295512
105 1457136133.415523
110 1457136133.495539
103 1457136133.639554
32 1457136133.831571
72 1457136134.047445
105 1457136134.231600
109 1457136134.351569
58 1457136134.767349
32 1457136135.007452
32 1457136135.111580
8 1457136135.687568
34 1457136135.911365
73 1457136136.527539
102 1457136136.679509
32 1457136136.783463
121 1457136136.975449
101 1457136137.087447
32 1457136137.175486
102 1457136137.343517
111 1457136137.423464
8 1457136137.783559
8 1457136137.911448
99 1457136138.079484
111 1457136138.159440
110 1457136138.239424
116 1457136138.327403
105 1457136138.407404
110 1457136138.451812
117 1457136138.655550
101 1457136138.783481
32 1457136138.863434
105 1457136138.975487
110 1457136139.063497
32 1457136139.159461
109 1457136139.343544
121 1457136139.543588
32 1457136139.663480
119 1457136139.775483
111 1457136139.871512
114 1457136139.943615
100 1457136140.535544
44 1457136140.663489
32 1457136140.807451
116 1457136140.895459
104 1457136140.967479
101 1457136141.095517
110 1457136141.183403
32 1457136141.303414
97 1457136141.535460
114 1457136141.663499
101 1457136141.719429
32 1457136141.815424
121 1457136141.951451
101 1457136142.071488
32 1457136142.175523
109 1457136142.343496
121 1457136142.535460
32 1457136142.775454
100 1457136142.951446
105 1457136143.079326
115 1457136143.159574
99 1457136143.343447
105 1457136143.471459
112 1457136143.559499
108 1457136143.663463
101 1457136143.807379
115 1457136144.007423
32 1457136144.255506
105 1457136144.407435
110 1457136144.511451
100 1457136144.655454
101 1457136144.855432
101 1457136144.999406
100 1457136145.423504
59 1457136145.535416
32 1457136145.767450
97 1457136145.991412
110 1457136146.087365
32 1457136146.199438
121 1457136146.343526
101 1457136146.455469
32 1457136146.527510
8 1457136146.871490
8 1457136147.023419
8 1457136147.167461
8 1457136147.279386
100 1457136147.511444
32 1457136147.591399
121 1457136147.871445
101 1457136148.015368
32 1457136148.135428
115 1457136148.511492
104 1457136148.623379
97 1457136148.719363
108 1457136148.839332
108 1457136148.967365
32 1457136149.095691
107 1457136149.223428
110 1457136149.287369
111 1457136149.335333
119 1457136149.423346
32 1457136149.511430
116 1457136149.615326
104 1457136149.661037
101 1457136149.775375
32 1457136149.820176
116 1457136149.935349
114 1457136150.087332
117 1457136150.151375
116 1457136150.319345
104 1457136150.407350
44 1457136150.647385
32 1457136150.743374
97 1457136150.791219
110 1457136150.911359
100 1457136150.983336
32 1457136151.031267
116 1457136151.111466
104 1457136151.167331
101 1457136151.223403
32 1457136151.311383
116 1457136151.511381
114 1457136151.671434
117 1457136151.791335
103 1457136151.911345
104 1457136152.015351
116 1457136152.087292
32 1457136152.175359
8 1457136152.583337
8 1457136152.727409
8 1457136152.871310
8 1457136152.983303
116 1457136153.391464
104 1457136153.511406
32 1457136153.639294
115 1457136153.783280
104 1457136153.871407
97 1457136153.975258
108 1457136154.095431
108 1457136154.223286
32 1457136154.367375
97 1457136154.599395
107 1457136154.719352
101 1457136154.823302
32 1457136154.895308
8 1457136155.295392
8 1457136155.439330
8 1457136155.583287
8 1457136156.183411
109 1457136156.407396
97 1457136156.719364
107 1457136156.887324
101 1457136157.023266
32 1457136157.119269
121 1457136157.263347
111 1457136157.327284
117 1457136157.423335
32 1457136157.847348
102 1457136157.959279
114 1457136158.151315
101 1457136158.223416
101 1457136158.367342
34 1457136158.815235
32 1457136159.031369
40 1457136159.287343
32 1457136159.479391
8 1457136159.983284
74 1457136160.199493
111 1457136160.407308
104 1457136161.199314
110 1457136161.487272
32 1457136161.823392
56 1457136162.791294
58 1457136163.063162
51 1457136164.151314
49 1457136164.255238
45 1457136164.671361
51 1457136164.903310
50 1457136165.399253
41 1457136165.799101
46 1457136166.087207
32 1457136166.255232
71 1457136166.711435
111 1457136166.871311
100 1457136166.951215
32 1457136167.103268
103 1457136167.303192
105 1457136167.399312
118 1457136167.543260
101 1457136167.703207
115 1457136167.847245
32 1457136167.967192
99 1457136168.343324
111 1457136168.439315
109 1457136168.703228
109 1457136168.975251
97 1457136169.111308
110 1457136169.351243
100 1457136169.599215
109 1457136169.775339
101 1457136169.895173
110 1457136170.071280
116 1457136170.135214
115 1457136170.495198
32 1457136170.839229
102 1457136171.031198
111 1457136171.103301
114 1457136171.223112
32 1457136171.343148
111 1457136171.463242
117 1457136171.543220
114 1457136171.671193
32 1457136171.727088
98 1457136171.943180
101 1457136172.103191
110 1457136172.167138
101 1457136172.311122
102 1457136172.415181
105 1457136172.535221
116 1457136172.647122
46 1457136172.903197
32 1457136173.103248
84 1457136173.327039
104 1457136173.463169
101 1457136173.535223
121 1457136173.775198
32 1457136173.983185
97 1457136174.135240
114 1457136174.207307
101 1457136174.319134
32 1457136174.399137
108 1457136174.495273
111 1457136174.671223
118 1457136174.775194
105 1457136174.887166
110 1457136174.943033
103 1457136175.007227
32 1457136175.071151
105 1457136175.191189
110 1457136175.287133
115 1457136175.359198
116 1457136175.439181
114 1457136175.591123
117 1457136175.703140
99 1457136175.823085
116 1457136175.983140
105 1457136176.039097
111 1457136176.151201
110 1457136176.247207
115 1457136176.447144
32 1457136176.583116
102 1457136177.375155
111 1457136177.471131
114 1457136177.583125
32 1457136177.935145
111 1457136178.039101
117 1457136178.111094
114 1457136178.199035
32 1457136178.295066
104 1457136178.711205
97 1457136178.767070
112 1457136178.879089
112 1457136179.103207
112 1457136179.178910
105 1457136179.407160
110 1457136179.535222
8 1457136179.919237
8 1457136180.047061
8 1457136180.191171
105 1457136180.463177
110 1457136180.527141
101 1457136180.663101
101 1457136180.799048
8 1457136181.199132
115 1457136181.319076
115 1457136181.447295
32 1457136181.639069
97 1457136181.767156
110 1457136181.951123
100 1457136182.039090
32 1457136182.127143
102 1457136182.215052
111 1457136182.327095
114 1457136182.415116
32 1457136182.479023
111 1457136182.583055
117 1457136182.671019
114 1457136182.751001
32 1457136182.806977
112 1457136183.679079
104 1457136183.807042
121 1457136183.959091
115 1457136184.039035
105 1457136184.223029
105 1457136184.286945
99 1457136184.415090
97 1457136184.519047
8 1457136184.839146
8 1457136184.991037
8 1457136185.127164
99 1457136185.311054
97 1457136185.383075
108 1457136185.487057
32 1457136185.623009
97 1457136185.751060
110 1457136185.862956
100 1457136185.967062
32 1457136186.030685
115 1457136186.167102
112 1457136186.255031
105 1457136186.351026
114 1457136186.455018
105 1457136186.815110
116 1457136187.239036
117 1457136187.334961
97 1457136187.447038
108 1457136187.543040
32 1457136187.671085
119 1457136187.791063
101 1457136188.007006
108 1457136188.239118
108 1457136188.399043
45 1457136188.639112
98 1457136189.007084
101 1457136189.183066
105 1457136189.271023
110 1457136189.375011
103 1457136189.559039
46 1457136189.775060
10 1457136190.167069
10 1457136190.375033
73 1457136190.782870
110 1457136190.982955
32 1457136191.086930
116 1457136191.162155
104 1457136191.230922
101 1457136191.351024
32 1457136191.407017
112 1457136191.559067
114 1457136191.679037
101 1457136191.734939
111 1457136191.871007
8 1457136192.231092
109 1457136192.431023
111 1457136192.494962
114 1457136192.574981
116 1457136192.702991
97 1457136192.830931
108 1457136192.990991
32 1457136193.183117
101 1457136193.294996
120 1457136193.471033
105 1457136193.599000
115 1457136194.047445
116 1457136194.222955
101 1457136194.342949
110 1457136194.478985
99 1457136194.606923
101 1457136194.783049
44 1457136194.951001
32 1457136195.086940
72 1457136195.310882
101 1457136195.438932
97 1457136195.534992
118 1457136196.015082
101 1457136196.166978
110 1457136196.294877
108 1457136196.455134
121 1457136196.575008
32 1457136196.686933
70 1457136196.894870
97 1457136196.999044
116 1457136197.191011
104 1457136197.382972
101 1457136197.510900
114 1457136197.582909
32 1457136197.646884
112 1457136197.774923
114 1457136197.870953
101 1457136197.958954
115 1457136198.030881
105 1457136198.142996
100 1457136198.214916
101 1457136198.374981
100 1457136198.550958
32 1457136198.654868
111 1457136198.814893
118 1457136198.910923
101 1457136199.062921
114 1457136199.130144
32 1457136199.190837
97 1457136199.254885
32 1457136199.366879
103 1457136199.462947
114 1457136199.694997
101 1457136199.774941
97 1457136199.966919
116 1457136200.166952
32 1457136200.486983
67 1457136200.750872
111 1457136200.918892
117 1457136200.998928
110 1457136201.151002
99 1457136201.230887
105 1457136201.582980
108 1457136201.631119
32 1457136202.006919
105 1457136202.158932
110 1457136202.239003
32 1457136202.326848
72 1457136202.878795
101 1457136202.990878
97 1457136203.102918
118 1457136203.215034
101 1457136203.358889
110 1457136203.454893
46 1457136203.654824
32 1457136203.838924
84 1457136204.078789
104 1457136204.206887
101 1457136204.294888
114 1457136204.374965
101 1457136204.502958
32 1457136204.566870
119 1457136204.822899
101 1457136204.966906
32 1457136205.078830
108 1457136205.206838
101 1457136205.294839
97 1457136205.406917
114 1457136205.606862
110 1457136205.710879
101 1457136205.838850
100 1457136206.014887
32 1457136206.126911
111 1457136206.239075
102 1457136206.358789
32 1457136206.406603
116 1457136206.494866
104 1457136206.590824
8 1457136207.062906
8 1457136207.190850
72 1457136207.878808
105 1457136208.134906
115 1457136208.294878
32 1457136208.358776
112 1457136208.478846
108 1457136208.574872
97 1457136208.670785
110 1457136208.782828
32 1457136208.878812
102 1457136209.014811
111 1457136209.126951
114 1457136209.222896
32 1457136209.299041
111 1457136209.382791
117 1457136209.470811
114 1457136209.542910
32 1457136209.606814
115 1457136209.742846
97 1457136209.886814
108 1457136209.982769
118 1457136210.110862
97 1457136210.198752
116 1457136210.358736
105 1457136210.462799
111 1457136210.534950
110 1457136210.590832
44 1457136210.822864
32 1457136210.934828
119 1457136211.022739
104 1457136211.110842
105 1457136211.158702
99 1457136211.238736
104 1457136211.334771
32 1457136211.446846
105 1457136211.654821
110 1457136211.758806
99 1457136211.854811
108 1457136211.982757
117 1457136212.102800
100 1457136212.422877
101 1457136213.086864
100 1457136213.398834
32 1457136213.566836
97 1457136213.654768
32 1457136213.822773
116 1457136214.007294
105 1457136214.382913
109 1457136214.462868
101 1457136214.622818
32 1457136214.702980
111 1457136215.190864
102 1457136215.262790
32 1457136215.422784
116 1457136215.486677
101 1457136215.614755
115 1457136215.678696
116 1457136215.790862
105 1457136215.838664
110 1457136215.910747
103 1457136216.038818
32 1457136216.086740
111 1457136216.182882
110 1457136216.262858
32 1457136216.366738
116 1457136216.438780
104 1457136216.526733
101 1457136216.590726
32 1457136216.654673
101 1457136216.838796
97 1457136216.942887
114 1457136216.998683
116 1457136217.158808
104 1457136217.238737
58 1457136217.590657
32 1457136217.950772
34 1457136218.222847
87 1457136218.590786
101 1457136218.790823
32 1457136219.134827
119 1457136219.214814
105 1457136219.318909
108 1457136219.502789
108 1457136219.638706
32 1457136219.766743
109 1457136219.878716
97 1457136219.974737
107 1457136220.094819
101 1457136220.206748
32 1457136220.277195
97 1457136220.334817
110 1457136220.446762
32 1457136220.590734
101 1457136220.790722
97 1457136220.878699
114 1457136220.998691
116 1457136221.102759
104 1457136221.198806
32 1457136221.302824
119 1457136221.446719
104 1457136221.598814
101 1457136221.758927
114 1457136221.826338
111 1457136221.998692
8 1457136222.638789
101 1457136222.750748
111 1457136222.870659
110 1457136222.998670
32 1457136223.110708
116 1457136223.222696
104 1457136223.278723
101 1457136223.422734
115 1457136223.574816
101 1457136223.926775
32 1457136224.214776
109 1457136224.342662
97 1457136224.398658
121 1457136224.678763
32 1457136224.814725
119 1457136224.942642
100 1457136225.166731
8 1457136225.366715
8 1457136225.478695
100 1457136225.566688
119 1457136225.742694
101 1457136226.102940
108 1457136226.262705
108 1457136226.518749
59 1457136226.750749
32 1457136226.950673
97 1457136227.054685
110 1457136227.150678
100 1457136227.230793
32 1457136227.310637
119 1457136227.398798
101 1457136227.486666
32 1457136227.582728
119 1457136227.806681
105 1457136227.902658
108 1457136228.118733
108 1457136228.262634
32 1457136228.406703
112 1457136228.542648
114 1457136228.638572
111 1457136228.734740
118 1457136228.854618
101 1457136229.126669
32 1457136229.286641
116 1457136229.382569
104 1457136229.478570
101 1457136229.606625
109 1457136229.742691
32 1457136229.822542
104 1457136229.974670
101 1457136230.078646
114 1457136230.150640
101 1457136230.262717
119 1457136230.430679
105 1457136230.606688
116 1457136230.718687
104 1457136230.830609
44 1457136231.086630
32 1457136231.174608
116 1457136231.224079
111 1457136231.302524
32 1457136231.414634
115 1457136231.502665
101 1457136231.630738
101 1457136231.758693
32 1457136231.894691
105 1457136232.046706
102 1457136232.134638
32 1457136232.198580
116 1457136232.286632
104 1457136232.337548
101 1457136232.470655
121 1457136232.534574
32 1457136232.646598
119 1457136232.695146
105 1457136232.782651
108 1457136232.974644
108 1457136233.110648
32 1457136233.278712
103 1457136233.398668
8 1457136233.718688
100 1457136233.902613
111 1457136233.998616
32 1457136234.118635
97 1457136234.302638
108 1457136234.454685
108 1457136234.582627
32 1457136234.726688
116 1457136234.806551
104 1457136234.926567
105 1457136235.006641
110 1457136235.126627
103 1457136235.206645
115 1457136235.406638
32 1457136235.478642
119 1457136235.590642
97 1457136235.702600
104 1457136235.790693
8 1457136236.086615
8 1457136236.206702
104 1457136236.726636
97 1457136236.814540
116 1457136236.894611
115 1457136237.078560
111 1457136237.190591
101 1457136237.358569
118 1457136237.518579
101 1457136237.670548
114 1457136237.733359
32 1457136237.838524
116 1457136237.942530
104 1457136238.006518
101 1457136238.110586
32 1457136238.158469
76 1457136238.390456
111 1457136238.558628
114 1457136238.662550
100 1457136238.854590
32 1457136238.982625
116 1457136239.110568
104 1457136239.182637
101 1457136239.278543
105 1457136239.390510
114 1457136239.494508
32 1457136239.566570
71 1457136239.854438
111 1457136240.014569
100 1457136240.134616
32 1457136240.206509
115 1457136240.702528
104 1457136240.782468
97 1457136240.870443
108 1457136241.022521
108 1457136241.142580
32 1457136241.270537
99 1457136241.382454
111 1457136241.446504
109 1457136241.686573
109 1457136241.830522
97 1457136242.006499
110 1457136242.286604
100 1457136242.454522
32 1457136242.534496
116 1457136242.614469
104 1457136242.694501
101 1457136242.790610
109 1457136242.918512
34 1457136243.158626
32 1457136243.366492
40 1457136243.558503
32 1457136243.734539
8 1457136244.182653
65 1457136244.438537
98 1457136244.614516
114 1457136244.798592
97 1457136244.886424
104 1457136244.998456
97 1457136245.078438
109 1457136245.222577
32 1457136245.606576
51 1457136246.030532
58 1457136246.358369
50 1457136247.078645
52 1457136247.878537
45 1457136248.030538
50 1457136248.422547
53 1457136248.934607
41 1457136249.318380
46 1457136249.606491
32 1457136249.758515
79 1457136250.006340
110 1457136250.198470
101 1457136250.414562
32 1457136250.494439
114 1457136250.678482
101 1457136250.798455
97 1457136250.974423
115 1457136251.030378
111 1457136251.118468
110 1457136251.214487
32 1457136251.374421
119 1457136251.510530
101 1457136251.622393
32 1457136251.710506
97 1457136251.814476
114 1457136251.910457
101 1457136251.990426
32 1457136252.118524
104 1457136252.630466
101 1457136252.742424
114 1457136252.822410
101 1457136252.934381
32 1457136253.030425
111 1457136253.142401
110 1457136253.222353
32 1457136253.326481
116 1457136253.414403
104 1457136253.542411
101 1457136253.646526
32 1457136253.734404
119 1457136254.374518
101 1457136254.486459
8 1457136254.782418
8 1457136254.910360
101 1457136255.078357
97 1457136255.174413
114 1457136255.270345
116 1457136255.406416
104 1457136255.518405
32 1457136255.654373
105 1457136255.806409
115 1457136255.934381
32 1457136256.006548
116 1457136256.078353
111 1457136256.166506
32 1457136256.270431
115 1457136256.446466
104 1457136256.526377
111 1457136256.694382
119 1457136256.822361
32 1457136256.934387
111 1457136257.014337
117 1457136257.110422
114 1457136257.166417
32 1457136257.254355
101 1457136257.398341
8 1457136257.654420
119 1457136257.854412
105 1457136257.958368
108 1457136258.126445
108 1457136258.262336
105 1457136258.350330
110 1457136258.446440
103 1457136258.534377
110 1457136258.638363
101 1457136258.766374
115 1457136258.910363
115 1457136259.062347
32 1457136259.206411
116 1457136259.294330
111 1457136259.390313
32 1457136259.510439
111 1457136259.726437
98 1457136259.830351
121 1457136260.134387
8 1457136260.454407
101 1457136260.550340
121 1457136260.654333
32 1457136260.750384
72 1457136261.046254
101 1457136261.134350
97 1457136261.278367
118 1457136261.454383
101 1457136261.878458
110 1457136262.206438
108 1457136262.374361
121 1457136262.526421
32 1457136262.638474
70 1457136262.838248
97 1457136262.934281
116 1457136263.038380
104 1457136263.134393
101 1457136263.254415
114 1457136263.315403
39 1457136263.430410
115 1457136263.646367
32 1457136263.742364
99 1457136263.982327
111 1457136264.070375
109 1457136264.262444
109 1457136264.382326
97 1457136264.558304
110 1457136264.686292
100 1457136264.798328
109 1457136264.918287
101 1457136265.046325
110 1457136265.142302
116 1457136265.254298
115 1457136265.470327
46 1457136265.670317
10 1457136266.102377
10 1457136266.294379
84 1457136266.918195
104 1457136267.070307
101 1457136267.142339
32 1457136267.270288
80 1457136267.446320
114 1457136267.646297
112 1457136267.990341
8 1457136268.486327
111 1457136268.694310
112 1457136268.790329
104 1457136268.878265
101 1457136269.014210
116 1457136269.094261
32 1457136269.206364
74 1457136269.454278
111 1457136269.582283
115 1457136269.670224
101 1457136269.798242
112 1457136269.902277
104 1457136270.038304
32 1457136270.230246
83 1457136270.518188
109 1457136270.630300
105 1457136270.766341
103 1457136270.894325
104 1457136271.022268
116 1457136271.142287
32 1457136271.254376
8 1457136271.566319
8 1457136271.718259
8 1457136271.870267
8 1457136272.014297
116 1457136272.166301
104 1457136272.286263
32 1457136272.422280
116 1457136272.782298
97 1457136272.902232
117 1457136273.006175
103 1457136273.102255
104 1457136273.214229
116 1457136273.310157
32 1457136273.406210
116 1457136273.542247
104 1457136273.614177
97 1457136273.718200
116 1457136273.798222
32 1457136273.894256
111 1457136274.078177
98 1457136274.238231
101 1457136274.438295
100 1457136274.590258
105 1457136274.726162
101 1457136274.782152
99 1457136274.998204
110 1457136275.158283
101 1457136275.294199
8 1457136275.622198
8 1457136275.758249
8 1457136275.894206
110 1457136276.166288
99 1457136276.238304
101 1457136276.422224
32 1457136276.510204
116 1457136276.590306
111 1457136276.694184
32 1457136276.750198
116 1457136276.806221
104 1457136276.902216
101 1457136276.982145
32 1457136277.038201
99 1457136277.246202
111 1457136277.350235
109 1457136277.494301
109 1457136277.606299
97 1457136277.702210
110 1457136277.822204
100 1457136277.871142
109 1457136278.046215
101 1457136278.182264
110 1457136278.294186
116 1457136278.382156
115 1457136278.782170
32 1457136278.998241
108 1457136279.134276
101 1457136279.230177
97 1457136279.318151
100 1457136279.438231
115 1457136279.622214
32 1457136279.734252
116 1457136279.798113
111 1457136279.918109
32 1457136280.006139
98 1457136280.518205
108 1457136280.718249
101 1457136280.830229
115 1457136280.998158
115 1457136281.118207
105 1457136281.254215
110 1457136281.358154
103 1457136281.470168
32 1457136281.574206
8 1457136282.094209
115 1457136282.166101
32 1457136282.246244
102 1457136282.334177
114 1457136282.478185
111 1457136282.536234
109 1457136282.622164
32 1457136282.694055
71 1457136282.910034
111 1457136283.070175
100 1457136283.174171
46 1457136283.294156
32 1457136283.470194
72 1457136283.774166
101 1457136283.910118
115 1457136284.190224
32 1457136284.406186
8 1457136284.718174
8 1457136284.846141
32 1457136284.998157
115 1457136285.374228
97 1457136285.766144
105 1457136285.894103
100 1457136286.006108
58 1457136286.382051
32 1457136286.614115
34 1457136286.941992
84 1457136287.446096
104 1457136287.582158
101 1457136287.646148
114 1457136287.782117
101 1457136287.843992
32 1457136288.566113
105 1457136288.918202
115 1457136289.062083
32 1457136289.126089
105 1457136289.262095
97 1457136289.331264
32 1457136289.398074
8 1457136290.006095
8 1457136290.150155
8 1457136290.302107
97 1457136290.494108
32 1457136290.614082
108 1457136291.134165
97 1457136291.230082
119 1457136291.318122
44 1457136291.470124
32 1457136291.582123
105 1457136291.966151
114 1457136292.062064
101 1457136292.189975
8 1457136292.678069
114 1457136292.742048
101 1457136292.814210
118 1457136293.022044
111 1457136293.214170
99 1457136293.390083
97 1457136293.526026
98 1457136293.638046
108 1457136293.902142
121 1457136294.094182
32 1457136294.317984
100 1457136294.430037
101 1457136294.662076
99 1457136294.838053
114 1457136295.014030
101 1457136295.086100
101 1457136295.238039
100 1457136295.582079
32 1457136295.686008
105 1457136295.838132
110 1457136295.918063
32 1457136295.989986
104 1457136296.406058
101 1457136296.526038
97 1457136296.662030
118 1457136296.733918
101 1457136297.254074
110 1457136297.422018
32 1457136298.422104
98 1457136298.710087
101 1457136298.886044
102 1457136298.974005
111 1457136299.110033
114 1457136299.198019
101 1457136299.293955
32 1457136299.366060
116 1457136299.429958
104 1457136299.510066
101 1457136299.565943
32 1457136299.621928
102 1457136299.830067
111 1457136299.893991
117 1457136299.965969
100 1457136300.070048
110 1457136300.181982
97 1457136300.253973
116 1457136300.334010
105 1457136300.421975
111 1457136300.493959
8 1457136300.798027
8 1457136300.941998
8 1457136301.085979
8 1457136301.245917
8 1457136301.397903
8 1457136301.557995
110 1457136301.846034
100 1457136301.901901
97 1457136302.037986
116 1457136302.118012
105 1457136302.198111
111 1457136302.269962
110 1457136302.341909
115 1457136302.461959
32 1457136302.557935
111 1457136302.669934
102 1457136302.798005
32 1457136302.861979
116 1457136302.949945
104 1457136303.000401
101 1457136303.094076
32 1457136303.173905
116 1457136303.225918
8 1457136303.542014
8 1457136303.686023
8 1457136303.806031
105 1457136304.054010
115 1457136304.109946
32 1457136304.197901
119 1457136304.261888
111 1457136304.342054
114 1457136304.462008
108 1457136304.541912
100 1457136304.709902
44 1457136304.853941
32 1457136304.973919
117 1457136305.126016
112 1457136305.206102
32 1457136305.421930
8 1457136305.821988
111 1457136306.037988
110 1457136306.093975
32 1457136306.205905
119 1457136306.254751
104 1457136306.357857
105 1457136306.407475
99 1457136306.461903
104 1457136306.565886
32 1457136306.677938
115 1457136306.949988
8 1457136307.245958
97 1457136307.326047
108 1457136307.493933
108 1457136307.605933
32 1457136307.717896
98 1457136307.829909
108 1457136307.909914
101 1457136308.117958
115 1457136308.269982
115 1457136308.397890
105 1457136308.533927
110 1457136308.637995
103 1457136308.725940
115 1457136308.933995
32 1457136309.014063
97 1457136309.126005
114 1457136309.221929
101 1457136309.302054
32 1457136309.389869
112 1457136309.669950
114 1457136309.750064
101 1457136309.837941
100 1457136309.981869
105 1457136310.077922
99 1457136310.189872
97 1457136310.277874
116 1457136310.389870
101 1457136310.485886
100 1457136310.661950
45 1457136310.797926
97 1457136311.021886
110 1457136311.277956
100 1457136311.405890
32 1457136311.533859
119 1457136311.661929
104 1457136311.757920
101 1457136311.869942
110 1457136311.989877
32 1457136312.189955
119 1457136312.405872
101 1457136312.517831
32 1457136312.677848
111 1457136312.869826
98 1457136312.957835
116 1457136313.125890
97 1457136313.189824
105 1457136313.285943
110 1457136313.365977
103 1457136313.533849
8 1457136314.045888
32 1457136314.165853
110 1457136314.301862
8 1457136314.733985
97 1457136314.853872
109 1457136314.981847
8 1457136315.549908
110 1457136315.757855
121 1457136315.997887
32 1457136316.141890
98 1457136316.317844
108 1457136316.429866
101 1457136316.509800
115 1457136316.653853
115 1457136316.773897
105 1457136316.965865
110 1457136317.061863
103 1457136317.285905
32 1457136317.381823
102 1457136317.701900
114 1457136317.861847
111 1457136317.949760
109 1457136318.053824
32 1457136318.133920
71 1457136318.357753
111 1457136318.501889
100 1457136318.613909
44 1457136318.741833
32 1457136319.053809
105 1457136319.253819
116 1457136319.381791
32 1457136319.485962
105 1457136319.621920
115 1457136319.701886
32 1457136319.789786
98 1457136319.909794
121 1457136320.045783
32 1457136320.149834
111 1457136320.277829
98 1457136320.341735
101 1457136320.517849
101 1457136320.669843
8 1457136321.085920
100 1457136321.189756
105 1457136321.357818
101 1457136321.477805
110 1457136321.893822
99 1457136322.005790
101 1457136322.197808
32 1457136322.309863
116 1457136322.397824
111 1457136322.450186
32 1457136322.509880
116 1457136322.573758
97 1457136322.685751
104 1457136322.744017
116 1457136322.795354
32 1457136322.845398
108 1457136323.333819
97 1457136323.445792
8 1457136323.829836
8 1457136323.989747
8 1457136324.141901
8 1457136324.293770
8 1457136324.461804
8 1457136324.861847
104 1457136325.229833
97 1457136325.365730
116 1457136325.461782
32 1457136325.661801
108 1457136325.853755
97 1457136325.957766
119 1457136326.157825
32 1457136326.285679
117 1457136326.485775
112 1457136326.589739
111 1457136326.685802
110 1457136326.765855
32 1457136326.901703
119 1457136326.997782
104 1457136327.093801
105 1457136327.173831
99 1457136327.222335
104 1457136327.333732
32 1457136327.797751
105 1457136327.941738
116 1457136328.069770
32 1457136328.157792
105 1457136328.301693
115 1457136328.389691
32 1457136328.477790
112 1457136328.749737
114 1457136328.837709
101 1457136328.917756
100 1457136329.077726
105 1457136329.153242
99 1457136329.237743
97 1457136329.349739
116 1457136329.437748
101 1457136329.541780
100 1457136329.741745
34 1457136330.005656
32 1457136330.901788
40 1457136331.125818
68 1457136331.581765
38 1457136332.109807
67 1457136332.541732
32 1457136332.829728
49 1457136333.085692
51 1457136333.245660
48 1457136333.405719
58 1457136333.629653
50 1457136333.909725
48 1457136334.053760
45 1457136334.702048
50 1457136335.109755
48 1457136335.285718
8 1457136335.605724
49 1457136335.725656
41 1457136336.101758
46 1457136336.429677
32 1457136336.629705
75 1457136336.901580
105 1457136337.077688
110 1457136337.133566
103 1457136337.237631
32 1457136337.301519
66 1457136337.565609
101 1457136337.733633
110 1457136337.829598
106 1457136338.293712
97 1457136338.549748
109 1457136338.661588
105 1457136338.773660
110 1457136338.885634
32 1457136339.149732
97 1457136339.245692
108 1457136339.333635
115 1457136339.413630
111 1457136339.525645
32 1457136339.637657
116 1457136339.693611
104 1457136339.797580
8 1457136340.117676
97 1457136340.285605
117 1457136340.453609
103 1457136340.549544
104 1457136340.653616
116 1457136340.757591
32 1457136340.837627
116 1457136341.133730
104 1457136341.197600
105 1457136341.285612
115 1457136341.405626
32 1457136341.469644
112 1457136341.557625
114 1457136341.629735
105 1457136341.765658
99 1457136341.885629
110 1457136341.930285
8 1457136342.421678
8 1457136342.557648
110 1457136342.757648
99 1457136342.869567
105 1457136343.029613
112 1457136343.109684
108 1457136343.341566
101 1457136343.637626
46 1457136343.821618
32 1457136344.229647
34 1457136344.429498
73 1457136344.725572
32 1457136344.925570
119 1457136345.069555
111 1457136345.405659
117 1457136345.485696
108 1457136345.621671
100 1457136345.749509
32 1457136345.869623
102 1457136346.053554
8 1457136346.365605
100 1457136346.437561
101 1457136346.573558
115 1457136346.701504
105 1457136346.853556
114 1457136346.997531
101 1457136347.453667
32 1457136347.549570
116 1457136347.669605
104 1457136347.757527
97 1457136347.837498
116 1457136347.909459
32 1457136347.955946
121 1457136348.069473
101 1457136348.173499
32 1457136348.253491
115 1457136348.581628
104 1457136348.653530
111 1457136348.741496
117 1457136348.821516
108 1457136348.941501
100 1457136349.021554
32 1457136349.101546
99 1457136349.277505
111 1457136349.373536
110 1457136349.422519
115 1457136349.501577
105 1457136349.629599
100 1457136349.893543
101 1457136350.069541
114 1457136350.157660
32 1457136350.224788
111 1457136350.573536
110 1457136350.661500
32 1457136350.757478
116 1457136350.821468
104 1457136350.901423
101 1457136350.957394
32 1457136351.013418
98 1457136351.165564
108 1457136351.261541
101 1457136351.357560
115 1457136351.509535
115 1457136351.629529
101 1457136351.749493
100 1457136351.933493
32 1457136352.005471
97 1457136352.133571
110 1457136352.229479
100 1457136352.333536
32 1457136352.421528
104 1457136352.637537
97 1457136352.757546
112 1457136352.861531
112 1457136353.069561
121 1457136353.325479
32 1457136353.549465
115 1457136353.645489
116 1457136353.725531
97 1457136353.821480
116 1457136353.893449
101 1457136353.997506
32 1457136354.077571
111 1457136354.189558
32 1457136354.349466
116 1457136354.461515
8 1457136354.917496
8 1457136355.053488
102 1457136355.165496
32 1457136355.285475
116 1457136355.349440
104 1457136355.445438
111 1457136355.589423
101 1457136356.109461
8 1457136356.405567
115 1457136356.485549
101 1457136356.565549
32 1457136356.669553
116 1457136356.789521
104 1457136356.845443
97 1457136356.941489
116 1457136357.011708
32 1457136357.077386
107 1457136357.237464
101 1457136357.349404
101 1457136357.469451
112 1457136357.573430
32 1457136357.717464
116 1457136357.789524
104 1457136357.885450
101 1457136358.013440
32 1457136358.060421
99 1457136358.237403
111 1457136358.325423
109 1457136358.557463
109 1457136358.701652
97 1457136358.829449
110 1457136358.981415
100 1457136359.077443
109 1457136359.213481
101 1457136359.333426
110 1457136359.429472
116 1457136359.533469
115 1457136359.869499
32 1457136359.965502
111 1457136360.117540
102 1457136360.205426
32 1457136360.261399
71 1457136360.565396
111 1457136360.749471
100 1457136360.885416
44 1457136361.069486
39 1457136361.381429
8 1457136361.765457
34 1457136361.973332
32 1457136362.293414
104 1457136362.445430
101 1457136362.525528
32 1457136362.605415
99 1457136362.741413
111 1457136362.786856
117 1457136362.837334
110 1457136363.005412
115 1457136363.181427
101 1457136363.317350
108 1457136363.605462
101 1457136363.741368
100 1457136364.021394
46 1457136364.213403
32 1457136364.621408
34 1457136364.845393
70 1457136365.213448
111 1457136365.405387
114 1457136365.533366
32 1457136365.613505
104 1457136365.893410
8 1457136366.285507
98 1457136366.381378
101 1457136366.573407
104 1457136366.709381
111 1457136366.773264
108 1457136366.973303
100 1457136367.229525
44 1457136367.421366
32 1457136367.573370
116 1457136367.677351
104 1457136367.749257
101 1457136367.877275
121 1457136367.965271
32 1457136368.069306
97 1457136368.157357
114 1457136368.237458
101 1457136368.317390
32 1457136368.397431
98 1457136368.517369
108 1457136368.605336
101 1457136368.701373
115 1457136368.837420
115 1457136368.965371
101 1457136369.069332
100 1457136369.229358
32 1457136369.309372
105 1457136369.437387
110 1457136369.493435
32 1457136369.557348
97 1457136369.653302
108 1457136369.805387
108 1457136369.925353
32 1457136370.061349
116 1457136370.117321
104 1457136370.197278
105 1457136370.293293
110 1457136370.389335
103 1457136370.573282
115 1457136370.797472
44 1457136370.933346
32 1457136371.069384
98 1457136371.261392
111 1457136371.309286
116 1457136371.445326
104 1457136371.557315
32 1457136371.653347
116 1457136371.725404
101 1457136371.861408
109 1457136371.917289
112 1457136371.989302
111 1457136372.085311
114 1457136372.213353
97 1457136372.389360
108 1457136372.509327
32 1457136372.741383
97 1457136372.845351
100 1457136373.029299
110 1457136373.072037
32 1457136373.133324
8 1457136373.669322
8 1457136373.821392
8 1457136373.941330
110 1457136374.293397
100 1457136374.365493
32 1457136374.429257
115 1457136374.525367
112 1457136374.629385
105 1457136374.757310
114 1457136374.829419
105 1457136374.957281
116 1457136375.205368
117 1457136375.413327
97 1457136375.565377
108 1457136375.685369
59 1457136375.909333
32 1457136376.061292
97 1457136376.245368
110 1457136376.397310
100 1457136376.501312
32 1457136376.557245
105 1457136376.669346
102 1457136376.773280
32 1457136376.837280
116 1457136377.029282
104 1457136377.071177
101 1457136377.181368
121 1457136377.269279
32 1457136377.373350
104 1457136377.469282
111 1457136377.557246
108 1457136377.733351
100 1457136377.821278
32 1457136377.877227
111 1457136377.965304
117 1457136378.053287
116 1457136378.095709
32 1457136378.189409
102 1457136378.325188
97 1457136378.461264
105 1457136378.549217
116 1457136378.661296
104 1457136378.765222
102 1457136378.893243
117 1457136378.997193
108 1457136379.077232
32 1457136379.277233
116 1457136379.381236
111 1457136379.477165
32 1457136379.532381
116 1457136379.597191
104 1457136379.693253
101 1457136379.749197
32 1457136379.973265
101 1457136380.357294
110 1457136380.501285
100 1457136380.613197
32 1457136380.725239
116 1457136380.845259
104 1457136380.894228
101 1457136381.021295
121 1457136381.088226
32 1457136381.461278
97 1457136381.565416
114 1457136381.677234
101 1457136381.773281
32 1457136381.853236
101 1457136382.021236
114 1457136382.101246
8 1457136382.413255
8 1457136382.541236
114 1457136382.613314
101 1457136382.693237
99 1457136382.877273
101 1457136383.037161
105 1457136383.149259
118 1457136383.245234
101 1457136383.381253
100 1457136383.557300
32 1457136383.613163
105 1457136383.813213
110 1457136383.981226
116 1457136384.141265
111 1457136384.261172
32 1457136384.405176
104 1457136384.613171
101 1457136384.661158
97 1457136384.773247
118 1457136384.869269
101 1457136385.021229
110 1457136385.301244
44 1457136385.517215
32 1457136385.661160
116 1457136385.749140
104 1457136385.837190
97 1457136385.949138
116 1457136386.029117
32 1457136386.109369
116 1457136386.189183
104 1457136386.248310
101 1457136386.333189
114 1457136386.405260
101 1457136387.229224
98 1457136387.381172
121 1457136387.501241
32 1457136387.693267
116 1457136387.837285
104 1457136387.917295
101 1457136388.013161
121 1457136388.101221
32 1457136388.189196
109 1457136388.333191
97 1457136388.525227
121 1457136388.645207
32 1457136388.741143
100 1457136388.845157
119 1457136389.125234
101 1457136389.453175
108 1457136389.613107
108 1457136389.741190
32 1457136389.861232
105 1457136389.957151
119 1457136390.125228
8 1457136390.485222
8 1457136390.597158
119 1457136390.693134
105 1457136390.805133
116 1457136390.885052
104 1457136390.989049
32 1457136391.117171
71 1457136391.309075
111 1457136391.469108
100 1457136391.573146
32 1457136391.685147
105 1457136391.789040
110 1457136391.869131
32 1457136391.965095
97 1457136392.037136
32 1457136392.149191
115 1457136392.277118
116 1457136392.357156
97 1457136392.437062
116 1457136392.525178
101 1457136392.591104
32 1457136392.693171
111 1457136392.837080
102 1457136392.941106
32 1457136392.985960
110 1457136393.189179
101 1457136393.245106
118 1457136393.389142
101 1457136393.533135
114 1457136393.582081
45 1457136393.653130
101 1457136393.821149
110 1457136394.133197
100 1457136394.509125
105 1457136394.605139
110 1457136394.693140
103 1457136394.853162
32 1457136394.957141
104 1457136395.053101
97 1457136395.165119
112 1457136395.253110
112 1457136395.413105
105 1457136395.565141
110 1457136395.701158
101 1457136395.845149
115 1457136396.085093
115 1457136396.229071
46 1457136396.613108
32 1457136396.797188
79 1457136397.188950
32 1457136397.365117
114 1457136397.461159
101 1457136397.573063
109 1457136397.685148
101 1457136397.781220
109 1457136397.869102
98 1457136397.965109
101 1457136398.229167
114 1457136398.293062
44 1457136398.589143
