70 1459977033.449133
111 1459977033.641018
117 1459977033.713192
114 1459977033.745291
32 1459977033.978657
115 1459977034.161316
99 1459977034.305261
111 1459977034.400976
114 1459977034.512774
101 1459977034.592955
32 1459977034.672859
97 1459977034.752935
110 1459977034.848771
100 1459977034.976913
32 1459977035.009167
115 1459977035.216928
101 1459977035.360914
118 1459977035.496866
101 1459977035.617005
110 1459977035.664844
32 1459977035.792829
121 1459977035.920912
101 1459977036.016667
97 1459977036.128915
114 1459977036.177132
115 1459977036.593007
32 1459977036.688989
97 1459977036.809050
103 1459977036.881055
111 1459977036.953010
32 1459977037.121035
111 1459977037.288848
117 1459977037.368960
114 1459977037.417048
32 1459977037.544790
102 1459977037.656759
97 1459977037.808782
116 1459977037.865027
104 1459977037.976718
101 1459977038.073721
114 1459977038.137081
32 1459977038.209116
98 1459977038.376749
114 1459977038.505100
8 1459977038.841797
8 1459977038.985161
8 1459977039.113368
115 1459977039.208744
32 1459977039.289139
98 1459977039.377010
114 1459977039.545265
111 1459977039.624975
117 1459977039.713168
103 1459977039.832769
104 1459977040.000728
116 1459977040.105222
32 1459977040.177199
102 1459977040.313091
111 1459977040.385007
114 1459977040.496776
104 1459977040.625074
116 1459977040.648852
32 1459977040.857132
8 1459977041.257256
8 1459977041.392963
8 1459977041.528954
116 1459977041.656887
104 1459977041.744963
32 1459977041.825137
111 1459977042.129492
110 1459977042.233330
32 1459977042.296883
116 1459977042.384944
104 1459977042.448878
105 1459977042.528902
115 1459977042.616776
32 1459977042.657249
99 1459977042.808635
111 1459977042.896858
110 1459977042.984950
116 1459977043.264905
101 1459977043.512811
8 1459977043.920915
105 1459977044.097278
110 1459977044.177131
101 1459977044.209260
101 1459977044.440979
8 1459977045.099533
110 1459977045.256959
116 1459977045.377240
32 1459977045.465127
97 1459977045.632945
32 1459977045.713143
110 1459977046.113514
101 1459977046.233244
119 1459977046.337015
32 1459977046.377113
110 1459977046.464736
97 1459977046.569209
116 1459977046.640898
105 1459977046.696834
111 1459977046.793031
110 1459977046.872963
44 1459977047.040692
32 1459977047.609035
99 1459977047.760808
111 1459977047.825133
110 1459977047.905021
99 1459977047.969139
101 1459977048.145073
105 1459977048.273679
118 1459977048.377028
101 1459977048.496967
100 1459977048.681202
32 1459977048.721062
105 1459977048.824961
110 1459977048.904855
32 1459977048.961072
108 1459977049.064665
105 1459977049.120828
98 1459977049.160990
101 1459977049.312860
114 1459977049.369009
116 1459977049.480780
121 1459977049.560782
44 1459977049.817249
32 1459977049.912805
97 1459977049.992675
110 1459977050.025007
100 1459977050.192944
32 1459977050.209167
100 1459977050.336951
101 1459977050.473070
100 1459977050.633296
105 1459977050.697066
99 1459977050.801191
97 1459977050.905092
116 1459977050.993177
101 1459977051.073553
100 1459977051.240726
32 1459977051.320938
116 1459977051.416904
111 1459977051.473008
32 1459977051.552755
116 1459977051.616753
104 1459977051.657014
101 1459977051.712496
32 1459977051.792807
112 1459977051.888756
114 1459977052.040622
111 1459977052.088930
112 1459977052.176683
111 1459977052.264844
115 1459977052.592659
105 1459977052.696492
116 1459977052.992733
105 1459977053.144840
111 1459977053.249075
110 1459977053.328924
32 1459977053.440986
116 1459977053.521049
104 1459977053.561135
97 1459977053.680989
116 1459977053.728942
32 1459977053.793011
97 1459977053.952979
108 1459977054.057135
108 1459977054.184772
32 1459977054.280899
109 1459977054.345073
101 1459977054.472803
110 1459977054.545022
32 1459977054.713143
119 1459977054.928980
8 1459977055.249201
97 1459977055.304937
114 1459977055.392892
101 1459977055.472697
32 1459977055.544645
99 1459977055.736919
114 1459977055.904928
101 1459977055.985042
97 1459977056.064887
116 1459977056.153060
101 1459977056.224916
100 1459977056.376836
32 1459977056.448923
101 1459977056.592929
113 1459977056.736930
117 1459977056.832749
97 1459977056.936855
108 1459977057.064774
46 1459977057.256833
10 1459977057.544811
10 1459977057.696784
78 1459977058.040824
111 1459977058.376958
119 1459977058.521070
32 1459977058.625096
119 1459977058.720946
32 1459977059.136954
8 1459977059.440783
101 1459977059.552897
32 1459977059.625020
97 1459977059.728808
114 1459977059.824984
101 1459977059.920720
32 1459977059.984893
101 1459977060.129181
110 1459977060.225055
103 1459977060.304794
97 1459977060.432883
103 1459977060.496873
101 1459977060.632765
100 1459977060.800887
32 1459977060.841023
105 1459977060.936657
110 1459977061.008891
32 1459977061.088979
97 1459977061.208811
32 1459977061.651377
103 1459977061.785555
114 1459977061.936532
101 1459977062.025033
97 1459977062.097085
116 1459977062.169009
32 1459977062.248965
99 1459977062.560928
105 1459977062.761284
118 1459977062.848940
105 1459977062.929109
108 1459977063.032958
32 1459977063.409085
119 1459977063.497235
97 1459977063.617007
114 1459977063.697004
44 1459977063.816753
32 1459977063.920957
116 1459977064.000804
101 1459977064.160928
115 1459977064.241026
116 1459977064.304850
105 1459977064.376803
110 1459977064.464924
103 1459977064.552927
32 1459977064.608962
119 1459977064.728921
104 1459977064.825009
101 1459977064.944747
116 1459977065.025012
104 1459977065.208803
101 1459977065.560681
114 1459977065.673084
32 1459977065.752838
116 1459977065.857186
104 1459977065.961047
97 1459977066.048892
116 1459977066.122509
32 1459977066.176866
110 1459977066.304954
97 1459977066.433007
116 1459977066.489032
105 1459977066.544940
111 1459977066.656957
110 1459977066.713150
44 1459977066.920944
32 1459977067.008824
111 1459977067.120971
114 1459977067.257016
32 1459977067.321070
97 1459977067.553127
110 1459977067.680876
121 1459977067.881160
32 1459977067.985017
110 1459977068.192756
97 1459977068.296860
116 1459977068.376803
105 1459977068.440829
111 1459977068.545012
110 1459977068.617068
32 1459977068.777037
115 1459977068.872795
111 1459977068.968617
32 1459977069.056952
99 1459977069.217098
111 1459977069.289274
110 1459977069.368681
99 1459977069.408941
101 1459977069.584827
105 1459977069.704916
118 1459977069.832964
101 1459977069.969053
100 1459977070.153257
32 1459977070.249307
97 1459977070.376882
110 1459977070.393054
100 1459977070.569052
32 1459977070.625126
115 1459977070.728942
111 1459977070.808977
32 1459977070.913037
100 1459977071.024939
101 1459977071.169039
100 1459977071.345162
105 1459977071.449076
99 1459977071.537162
97 1459977071.664854
116 1459977071.744940
101 1459977071.832950
100 1459977072.024740
44 1459977072.136900
32 1459977072.240962
99 1459977072.440987
97 1459977072.544991
110 1459977072.601084
32 1459977072.696909
108 1459977072.824958
111 1459977072.976941
110 1459977073.024857
103 1459977073.128849
32 1459977073.192917
101 1459977073.296944
110 1459977073.417114
100 1459977073.480831
117 1459977073.656700
114 1459977073.816764
101 1459977073.904891
46 1459977074.056852
32 1459977074.296909
87 1459977074.584897
32 1459977074.752919
8 1459977075.305001
101 1459977075.400924
32 1459977075.481041
97 1459977075.777201
114 1459977075.848817
101 1459977075.976993
32 1459977076.049119
109 1459977076.169121
101 1459977076.216681
116 1459977076.352820
32 1459977076.449048
111 1459977076.633153
110 1459977076.697039
32 1459977076.784898
97 1459977076.864965
32 1459977076.944992
103 1459977077.025085
114 1459977077.200770
101 1459977077.297183
97 1459977077.377124
116 1459977077.457078
32 1459977077.528952
98 1459977077.689123
97 1459977077.784841
116 1459977077.912972
116 1459977078.024926
108 1459977078.184679
101 1459977078.264947
102 1459977078.497068
105 1459977078.608861
101 1459977078.697003
108 1459977078.816870
100 1459977078.896785
32 1459977079.001064
111 1459977079.104727
102 1459977079.208672
32 1459977079.264817
116 1459977079.384742
104 1459977079.400797
97 1459977079.608677
116 1459977079.688704
32 1459977079.776842
119 1459977079.912725
97 1459977080.040715
114 1459977080.248899
46 1459977080.592865
32 1459977080.801157
87 1459977081.240742
32 1459977081.384733
101 1459977081.489025
104 1459977081.584732
8 1459977082.035287
8 1459977082.160780
8 1459977082.272774
101 1459977082.344703
32 1459977082.416723
104 1459977082.496652
97 1459977082.616561
118 1459977082.657039
101 1459977082.808498
32 1459977082.872779
99 1459977083.008491
111 1459977083.064541
109 1459977083.144671
101 1459977083.224707
32 1459977083.289032
116 1459977083.344840
111 1459977083.376660
32 1459977083.472744
100 1459977083.640788
101 1459977083.792757
105 1459977083.896658
100 1459977083.968762
99 1459977084.104829
97 1459977084.272778
8 1459977084.528771
8 1459977084.672867
8 1459977084.832948
8 1459977084.968926
100 1459977085.120873
105 1459977085.224640
99 1459977085.312764
97 1459977085.480839
116 1459977085.544909
101 1459977085.656822
32 1459977085.896920
97 1459977086.072965
32 1459977086.161011
112 1459977086.264978
111 1459977086.312775
114 1459977086.400783
116 1459977086.528982
105 1459977086.536563
111 1459977086.648763
110 1459977086.712934
32 1459977086.816768
111 1459977086.928694
102 1459977087.048693
32 1459977087.096893
104 1459977087.192711
116 1459977087.200814
97 1459977087.344629
116 1459977087.424835
32 1459977087.456970
8 1459977087.809080
8 1459977087.960989
8 1459977088.113075
8 1459977088.264881
8 1459977088.408904
116 1459977088.481031
104 1459977088.616908
97 1459977088.720990
116 1459977088.792822
32 1459977088.880840
102 1459977089.056952
105 1459977089.169103
101 1459977089.264428
108 1459977089.360797
100 1459977089.489081
44 1459977089.592694
32 1459977089.688874
97 1459977089.808921
115 1459977089.896916
32 1459977089.960839
97 1459977090.056730
32 1459977090.129091
102 1459977090.897199
105 1459977090.960902
110 1459977091.016865
97 1459977091.104847
108 1459977091.192897
32 1459977091.288968
114 1459977091.392781
101 1459977091.472867
115 1459977091.544829
116 1459977091.648731
105 1459977091.816749
110 1459977091.905033
103 1459977092.048685
32 1459977092.113013
112 1459977092.248960
108 1459977092.368920
97 1459977092.449057
99 1459977092.592884
101 1459977092.769827
32 1459977092.825089
102 1459977092.952931
111 1459977093.056694
114 1459977093.192871
32 1459977093.272842
116 1459977093.368687
104 1459977093.440796
111 1459977093.584774
115 1459977093.721035
101 1459977093.784797
32 1459977093.872692
119 1459977093.984672
104 1459977094.136928
111 1459977094.288930
32 1459977094.449087
104 1459977094.616675
101 1459977094.744919
114 1459977094.809031
101 1459977094.912807
32 1459977094.984907
103 1459977095.328888
97 1459977095.424943
118 1459977095.520919
101 1459977095.672989
32 1459977095.769019
116 1459977095.832763
104 1459977095.912968
101 1459977096.193054
105 1459977096.392894
114 1459977096.496941
32 1459977096.840743
108 1459977096.928711
105 1459977097.008876
118 1459977097.121032
101 1459977097.256973
115 1459977097.769053
32 1459977097.936902
116 1459977098.056967
104 1459977098.120856
97 1459977098.232975
116 1459977098.296623
32 1459977098.352826
104 1459977098.512866
116 1459977098.689050
97 1459977098.753027
8 1459977099.169263
8 1459977099.320883
8 1459977099.440866
116 1459977099.536584
104 1459977099.648807
97 1459977099.697162
116 1459977099.776933
32 1459977099.864962
110 1459977100.000732
97 1459977100.104892
116 1459977100.160723
105 1459977100.208647
111 1459977100.304789
110 1459977100.376821
32 1459977100.696498
109 1459977101.009065
105 1459977101.064814
103 1459977101.136812
104 1459977101.264809
116 1459977101.305024
32 1459977101.424721
108 1459977101.528824
105 1459977101.592590
118 1459977101.680531
101 1459977101.784668
46 1459977101.864734
32 1459977102.056640
73 1459977102.448811
116 1459977102.561009
32 1459977102.624829
105 1459977102.712418
115 1459977102.792716
32 1459977102.872669
97 1459977103.241007
108 1459977103.304953
116 1459977103.752779
111 1459977103.816821
103 1459977103.920542
101 1459977104.144811
116 1459977104.208987
104 1459977104.376511
101 1459977104.465085
114 1459977104.536988
32 1459977104.616798
116 1459977104.720971
8 1459977105.224982
102 1459977105.353060
105 1459977105.448956
116 1459977105.544928
116 1459977105.672734
105 1459977105.792965
110 1459977105.888818
103 1459977105.953083
32 1459977106.088755
97 1459977106.296603
110 1459977106.384786
100 1459977106.496735
32 1459977106.576806
112 1459977106.680785
114 1459977106.800583
111 1459977106.880747
112 1459977106.976855
101 1459977107.048759
114 1459977107.152674
32 1459977107.304611
116 1459977107.448960
104 1459977107.512787
97 1459977107.592766
116 1459977107.664735
32 1459977107.720762
119 1459977107.848512
101 1459977107.936751
32 1459977108.016686
115 1459977108.112779
104 1459977108.153016
111 1459977108.240963
117 1459977108.328719
108 1459977108.456840
100 1459977108.544599
32 1459977108.592859
100 1459977108.712649
111 1459977108.792837
32 1459977108.960602
116 1459977109.176785
104 1459977109.241570
105 1459977109.321012
115 1459977109.424602
46 1459977109.560419
10 1459977109.872591
10 1459977110.056845
66 1459977110.344900
117 1459977110.520780
116 1459977110.592856
44 1459977110.784800
32 1459977110.928739
105 1459977111.016859
110 1459977111.096721
32 1459977111.160881
97 1459977111.288705
32 1459977111.392879
108 1459977111.496728
97 1459977111.616704
114 1459977111.688838
103 1459977111.840721
101 1459977111.984598
114 1459977112.048815
32 1459977112.105054
115 1459977112.216778
101 1459977112.312703
110 1459977112.424669
115 1459977112.560566
101 1459977112.624666
44 1459977112.720836
32 1459977112.832672
119 1459977112.936570
101 1459977113.096914
32 1459977113.144932
99 1459977113.625089
97 1459977113.688740
110 1459977113.800781
110 1459977113.968748
32 1459977114.232700
8 1459977114.504784
8 1459977114.616771
32 1459977114.760608
110 1459977114.848665
111 1459977114.952772
116 1459977115.288712
32 1459977115.360783
100 1459977115.528902
105 1459977115.640609
101 1459977115.704893
8 1459977116.104816
8 1459977116.208650
101 1459977116.312701
100 1459977116.456493
105 1459977116.568488
99 1459977116.672630
97 1459977116.776789
116 1459977116.864682
101 1459977116.976730
44 1459977117.080785
32 1459977117.184897
119 1459977117.336604
101 1459977117.416782
32 1459977117.496631
99 1459977117.680621
97 1459977117.776857
110 1459977117.848674
32 1459977118.232626
110 1459977118.328503
111 1459977118.440600
116 1459977118.536387
32 1459977118.600475
99 1459977118.776992
111 1459977118.880655
110 1459977118.984627
115 1459977119.312613
101 1459977119.384630
99 1459977119.584609
114 1459977119.890446
114 1459977119.976667
97 1459977120.128816
116 1459977120.200947
8 1459977120.528831
8 1459977120.664791
8 1459977120.792778
97 1459977120.856892
116 1459977120.912801
101 1459977121.000695
44 1459977121.080818
32 1459977121.168599
119 1459977121.336416
101 1459977121.408693
32 1459977121.464529
99 1459977121.616691
97 1459977121.768476
110 1459977121.936692
32 1459977122.128665
110 1459977122.224690
111 1459977122.344750
116 1459977122.488715
32 1459977122.552701
104 1459977122.912880
97 1459977123.016801
108 1459977123.112624
108 1459977123.232747
108 1459977123.400651
111 1459977123.568738
8 1459977123.960968
8 1459977124.096796
111 1459977124.296702
119 1459977124.392624
32 1459977124.448717
104 1459977124.544714
116 1459977124.560932
105 1459977124.624856
115 1459977124.792796
32 1459977124.808667
8 1459977125.160930
8 1459977125.304823
8 1459977125.472862
8 1459977125.624726
8 1459977125.785028
116 1459977125.944634
104 1459977126.065756
105 1459977126.128992
115 1459977126.256805
32 1459977126.304681
103 1459977126.456757
114 1459977126.624812
111 1459977126.680833
117 1459977126.744671
110 1459977126.920739
100 1459977127.089042
46 1459977127.200603
32 1459977127.568573
84 1459977128.264976
104 1459977128.408929
101 1459977128.488903
32 1459977128.584821
98 1459977128.688835
114 1459977128.856490
97 1459977128.920707
118 1459977129.112876
101 1459977129.240808
32 1459977129.424800
109 1459977129.544680
101 1459977129.648472
110 1459977129.720789
44 1459977129.968536
32 1459977130.112903
108 1459977130.392649
118 1459977130.520693
105 1459977130.538059
8 1459977131.033247
8 1459977131.152754
105 1459977131.304749
118 1459977131.376747
105 1459977131.456411
110 1459977131.528684
103 1459977131.584702
32 1459977131.664576
97 1459977131.752693
110 1459977131.816602
100 1459977131.912659
32 1459977131.968584
100 1459977132.088676
101 1459977132.224741
97 1459977132.312674
100 1459977132.424608
44 1459977132.496765
32 1459977132.592575
119 1459977132.736746
104 1459977132.744636
111 1459977132.864771
32 1459977133.056746
115 1459977133.224762
116 1459977133.304749
114 1459977133.481028
117 1459977133.600916
103 1459977133.704982
103 1459977133.816503
108 1459977133.992923
101 1459977134.081288
100 1459977134.272738
32 1459977134.360975
104 1459977134.440721
101 1459977134.520819
114 1459977134.592660
101 1459977134.696728
44 1459977134.768802
32 1459977134.864692
104 1459977135.048835
97 1459977135.128898
118 1459977135.232581
101 1459977135.368695
32 1459977135.448761
99 1459977135.616716
111 1459977135.689149
110 1459977135.760788
115 1459977135.896880
101 1459977136.032666
99 1459977136.216908
114 1459977136.416924
97 1459977136.584718
116 1459977136.656849
101 1459977136.760590
100 1459977136.944710
32 1459977137.016825
105 1459977137.128553
116 1459977137.224657
44 1459977137.368725
32 1459977137.448829
102 1459977137.600821
97 1459977137.800910
114 1459977137.880658
32 1459977137.968642
97 1459977138.096741
98 1459977138.208641
111 1459977138.304672
118 1459977138.424929
101 1459977138.560637
32 1459977138.640723
111 1459977138.744643
117 1459977138.840722
114 1459977138.912524
32 1459977138.976851
112 1459977139.040661
111 1459977139.296748
111 1459977139.457032
114 1459977139.600651
32 1459977139.705012
112 1459977139.832907
111 1459977139.936574
119 1459977140.064777
101 1459977140.128797
114 1459977140.217019
32 1459977140.296862
116 1459977140.384789
111 1459977140.456458
32 1459977140.560545
97 1459977140.704607
100 1459977140.872616
32 1459977140.960765
8 1459977141.353529
100 1459977141.456855
32 1459977141.512657
111 1459977141.616659
114 1459977141.744706
32 1459977141.824581
100 1459977141.976662
101 1459977142.192695
116 1459977142.464642
114 1459977142.680802
97 1459977142.784709
99 1459977142.928622
116 1459977143.088896
46 1459977143.216590
32 1459977143.368566
84 1459977143.656723
104 1459977143.808835
101 1459977143.872631
32 1459977143.968749
119 1459977144.048721
111 1459977144.152600
114 1459977144.264653
108 1459977144.344578
100 1459977144.496628
32 1459977144.576591
119 1459977144.712380
105 1459977144.808509
108 1459977145.000548
108 1459977145.112965
32 1459977145.304640
108 1459977145.744891
105 1459977145.856814
116 1459977145.984663
116 1459977146.120697
108 1459977146.216692
101 1459977146.320901
32 1459977146.384624
110 1459977146.496759
111 1459977146.568672
116 1459977146.640696
101 1459977146.752619
44 1459977146.792906
32 1459977146.896625
110 1459977146.976705
111 1459977147.074691
114 1459977147.152625
101 1459977147.240446
32 1459977147.296597
108 1459977147.432558
111 1459977147.584549
8 1459977147.944953
8 1459977148.098911
8 1459977148.249097
8 1459977148.392429
32 1459977148.520553
108 1459977148.680615
111 1459977148.840600
110 1459977148.912438
103 1459977148.984607
32 1459977149.040605
114 1459977149.184863
101 1459977149.232551
109 1459977149.336542
101 1459977149.440756
98 1459977149.834981
8 1459977150.144776
109 1459977150.320431
98 1459977150.376463
101 1459977150.544441
114 1459977150.600504
32 1459977150.664526
116 1459977150.752415
104 1459977150.832378
8 1459977151.160496
8 1459977151.264383
119 1459977151.368700
104 1459977151.480653
97 1459977151.544685
116 1459977151.608579
32 1459977151.704438
119 1459977151.832493
101 1459977151.952455
32 1459977152.040418
115 1459977152.224571
97 1459977152.328550
121 1459977152.416885
32 1459977152.504667
104 1459977152.632619
101 1459977152.720904
114 1459977152.768703
101 1459977152.896649
44 1459977152.952998
32 1459977153.104986
98 1459977153.232858
117 1459977153.304839
116 1459977153.424686
32 1459977153.496848
105 1459977153.592559
116 1459977153.632708
32 1459977153.752534
99 1459977153.936741
97 1459977154.000592
110 1459977154.088694
32 1459977154.176632
110 1459977154.288605
101 1459977154.360687
118 1459977154.512579
101 1459977154.656657
114 1459977154.720944
32 1459977154.800715
102 1459977154.936698
111 1459977155.064409
114 1459977155.153020
103 1459977155.304793
101 1459977155.384544
116 1459977155.464809
32 1459977155.576569
119 1459977155.728780
104 1459977155.832764
97 1459977155.904763
116 1459977155.984768
32 1459977156.056796
116 1459977156.216513
104 1459977156.256917
101 1459977156.392503
121 1459977156.456758
32 1459977156.568599
100 1459977156.680755
105 1459977156.760706
100 1459977156.872917
32 1459977157.096703
104 1459977157.248826
101 1459977157.440718
114 1459977157.632761
101 1459977157.760666
46 1459977157.936730
32 1459977158.128891
73 1459977159.008843
116 1459977159.232759
32 1459977159.408598
105 1459977159.616551
115 1459977159.704821
32 1459977159.784837
102 1459977159.880635
111 1459977159.976388
114 1459977160.056479
32 1459977160.112711
117 1459977160.240567
115 1459977160.352728
32 1459977160.416687
116 1459977160.464609
104 1459977160.528687
101 1459977160.632668
32 1459977160.696560
108 1459977160.776507
105 1459977160.872670
118 1459977160.944566
105 1459977161.072411
110 1459977161.256674
103 1459977161.720642
44 1459977161.888626
32 1459977161.976662
114 1459977162.160986
97 1459977162.288557
116 1459977162.360677
104 1459977162.472701
101 1459977162.560621
114 1459977162.696635
32 1459977162.704577
8 1459977163.208858
44 1459977163.376797
32 1459977163.456746
116 1459977163.504553
111 1459977163.608454
32 1459977163.704630
98 1459977163.768519
101 1459977163.928811
32 1459977163.992574
100 1459977164.104889
101 1459977164.264354
100 1459977164.472648
105 1459977164.608442
99 1459977164.704641
97 1459977164.832452
116 1459977164.912553
101 1459977165.000561
100 1459977165.192882
32 1459977165.272800
116 1459977165.392546
8 1459977165.873523
104 1459977166.072441
101 1459977166.208652
114 1459977166.272790
101 1459977166.392712
32 1459977166.496876
116 1459977166.600656
32 1459977166.776887
116 1459977166.824904
111 1459977166.856828
8 1459977167.232792
8 1459977167.368554
8 1459977167.496708
111 1459977167.696645
32 1459977167.800726
116 1459977167.872742
104 1459977167.992609
101 1459977168.112760
32 1459977168.192713
117 1459977168.976787
110 1459977169.144853
102 1459977169.240634
105 1459977169.320647
110 1459977169.408720
105 1459977169.496537
115 1459977169.576491
104 1459977169.696236
101 1459977169.752468
100 1459977169.992683
32 1459977170.048439
119 1459977170.224528
111 1459977170.312448
114 1459977170.400773
107 1459977170.496492
32 1459977170.608599
119 1459977170.680334
104 1459977170.792207
105 1459977170.840739
99 1459977170.896527
104 1459977171.000381
32 1459977171.064406
116 1459977171.136583
104 1459977171.216709
101 1459977171.280655
121 1459977171.408498
32 1459977171.520439
119 1459977171.656614
104 1459977171.672548
111 1459977172.355568
32 1459977172.449081
102 1459977172.512484
111 1459977172.648598
117 1459977172.704599
103 1459977172.808628
104 1459977172.880622
116 1459977173.008610
32 1459977173.064821
104 1459977173.184563
101 1459977173.264621
114 1459977173.336434
101 1459977173.456687
32 1459977173.520808
104 1459977173.608729
97 1459977173.728640
118 1459977173.832750
101 1459977174.376782
32 1459977174.456761
116 1459977174.560560
104 1459977174.608425
117 1459977174.808573
115 1459977174.864789
32 1459977174.944623
102 1459977174.992507
97 1459977175.112542
114 1459977175.200618
32 1459977175.288667
115 1459977175.456519
111 1459977175.568537
32 1459977175.648635
110 1459977175.858805
111 1459977175.938074
98 1459977176.017530
108 1459977176.176446
121 1459977176.272606
32 1459977176.496216
100 1459977176.608535
97 1459977176.712496
118 1459977176.808457
8 1459977177.304822
8 1459977177.432636
8 1459977177.560365
97 1459977177.632524
100 1459977177.680417
118 1459977177.808396
97 1459977177.936532
110 1459977178.088585
99 1459977178.216617
101 1459977178.376566
100 1459977178.576482
46 1459977178.720638
32 1459977178.920421
73 1459977179.272700
116 1459977179.488540
32 1459977179.568520
115 1459977180.056716
32 1459977180.392717
105 1459977180.520812
8 1459977180.929296
8 1459977181.072792
8 1459977181.224494
105 1459977181.400218
115 1459977181.464605
32 1459977181.536489
114 1459977181.576648
97 1459977181.696568
116 1459977181.784827
104 1459977181.872510
101 1459977181.992508
114 1459977182.056477
32 1459977182.120661
102 1459977182.368386
111 1459977182.528316
114 1459977182.792325
32 1459977182.912462
117 1459977183.056504
115 1459977183.152546
32 1459977183.232379
116 1459977183.296531
111 1459977183.336535
32 1459977183.472407
98 1459977183.528506
101 1459977183.688487
32 1459977183.760525
114 1459977183.832205
104 1459977183.912403
101 1459977183.952457
114 1459977184.024457
101 1459977184.128546
32 1459977184.184753
8 1459977184.480618
8 1459977184.640670
8 1459977184.800570
8 1459977184.960709
8 1459977185.128712
8 1459977185.368712
104 1459977185.656416
101 1459977185.728588
114 1459977185.792670
101 1459977185.912430
32 1459977185.976774
100 1459977186.136194
101 1459977186.312333
100 1459977186.472498
105 1459977186.552595
99 1459977186.648735
97 1459977186.760602
116 1459977186.840806
101 1459977186.912745
100 1459977187.096753
32 1459977187.160788
116 1459977187.736496
111 1459977187.800710
32 1459977187.896584
116 1459977187.944599
104 1459977188.000519
101 1459977188.088368
32 1459977188.144494
103 1459977188.256392
114 1459977188.376383
101 1459977188.504658
97 1459977188.864451
116 1459977188.944496
32 1459977189.064336
116 1459977189.184732
97 1459977189.448354
115 1459977189.552510
107 1459977189.672432
32 1459977189.768495
114 1459977190.320415
101 1459977190.384467
109 1459977190.976460
97 1459977191.104292
105 1459977191.200466
110 1459977191.296484
105 1459977191.384508
110 1459977191.464476
103 1459977191.608296
32 1459977191.664464
98 1459977191.816408
101 1459977191.960380
102 1459977192.040627
111 1459977192.152397
114 1459977192.256655
101 1459977192.360345
32 1459977192.448646
117 1459977192.888438
115 1459977192.992651
45 1459977193.136554
32 1459977193.360457
116 1459977193.464543
104 1459977193.536582
97 1459977193.648439
116 1459977193.704326
32 1459977193.768478
8 1459977194.104642
8 1459977194.248815
8 1459977194.400527
8 1459977194.568404
8 1459977194.688165
8 1459977194.864334
116 1459977194.968530
104 1459977195.144609
97 1459977195.184641
116 1459977195.240518
32 1459977195.344600
114 1459977195.608335
8 1459977195.984813
102 1459977196.056726
114 1459977196.192561
111 1459977196.240779
109 1459977196.328530
32 1459977196.400260
116 1459977196.440700
104 1459977196.560351
101 1459977196.712320
115 1459977196.816478
101 1459977196.888527
32 1459977196.960519
104 1459977197.112259
111 1459977197.208565
110 1459977197.296465
111 1459977197.384341
114 1459977197.488277
101 1459977197.624451
100 1459977197.824519
32 1459977197.904513
100 1459977198.000471
101 1459977198.168536
97 1459977198.256467
100 1459977198.368393
32 1459977198.480266
119 1459977198.592613
101 1459977198.680155
32 1459977198.752436
116 1459977198.840501
97 1459977198.944529
107 1459977199.040516
101 1459977199.152350
32 1459977199.232337
105 1459977199.336333
110 1459977199.424404
99 1459977199.472464
114 1459977199.680532
101 1459977199.776731
97 1459977199.888350
115 1459977199.968643
101 1459977200.048741
100 1459977200.240464
32 1459977200.328538
100 1459977200.448509
101 1459977200.568528
118 1459977200.720627
111 1459977200.808842
116 1459977200.960455
105 1459977201.024554
111 1459977201.128640
110 1459977201.256695
32 1459977201.400504
116 1459977201.472645
111 1459977201.512649
32 1459977201.616348
116 1459977201.680308
104 1459977201.728817
97 1459977201.824461
116 1459977201.888402
32 1459977201.952337
99 1459977202.160440
97 1459977202.264443
117 1459977202.432374
115 1459977202.568471
101 1459977202.624614
32 1459977202.720431
102 1459977202.848512
111 1459977203.008463
114 1459977203.104712
32 1459977203.184427
119 1459977203.520365
104 1459977203.616651
105 1459977203.704379
99 1459977203.720636
104 1459977203.864457
32 1459977203.968498
116 1459977204.024169
104 1459977204.160450
101 1459977204.240736
121 1459977204.384558
32 1459977204.512542
103 1459977204.744635
97 1459977205.232635
118 1459977205.624470
101 1459977205.808556
32 1459977205.896465
116 1459977205.976437
104 1459977206.017225
101 1459977206.168077
32 1459977206.200668
108 1459977206.264597
97 1459977206.424487
115 1459977206.464682
116 1459977206.536525
32 1459977206.616459
102 1459977206.808581
117 1459977206.904553
108 1459977207.112676
108 1459977207.224656
32 1459977207.336669
109 1459977207.408650
101 1459977207.504487
97 1459977207.600568
115 1459977207.664479
117 1459977207.760673
114 1459977207.832608
101 1459977207.936460
32 1459977207.992355
111 1459977208.056546
102 1459977208.200125
32 1459977208.240620
100 1459977208.408481
101 1459977208.576524
118 1459977208.736377
105 1459977208.840456
8 1459977209.216649
111 1459977209.400505
116 1459977209.496416
105 1459977209.560566
111 1459977209.616457
110 1459977209.688379
45 1459977209.984303
32 1459977210.136326
116 1459977210.184522
104 1459977210.304369
8 1459977210.688352
8 1459977210.912442
116 1459977211.040494
8 1459977211.360437
8 1459977211.480538
116 1459977211.584304
104 1459977211.688338
97 1459977211.776593
116 1459977211.832526
32 1459977211.904034
119 1459977212.016377
101 1459977212.112332
32 1459977212.208373
8 1459977212.592282
32 1459977213.072787
104 1459977213.240411
101 1459977213.328450
114 1459977213.400208
101 1459977213.512191
32 1459977213.584335
104 1459977213.728187
105 1459977213.816507
103 1459977213.896438
104 1459977213.936681
108 1459977214.088406
121 1459977214.208519
32 1459977214.472070
114 1459977214.696139
101 1459977214.776469
115 1459977214.864475
111 1459977214.968406
108 1459977215.128473
118 1459977215.224376
101 1459977215.336120
32 1459977215.417763
116 1459977215.497276
104 1459977215.544600
97 1459977215.688437
116 1459977215.728572
32 1459977215.792401
104 1459977215.888321
116 1459977216.032308
8 1459977216.456440
8 1459977216.584400
116 1459977216.728069
104 1459977216.936354
101 1459977217.184331
115 1459977217.376498
101 1459977217.448526
32 1459977217.632223
100 1459977217.816407
101 1459977217.968105
97 1459977218.096642
100 1459977218.192562
32 1459977218.272353
115 1459977218.376496
104 1459977218.440556
97 1459977218.584410
108 1459977218.664379
108 1459977218.808393
32 1459977218.912538
110 1459977218.968374
111 1459977219.072136
32 1459977219.216472
116 1459977219.232304
104 1459977219.328403
8 1459977219.784840
8 1459977219.912589
8 1459977220.032447
116 1459977220.136040
32 1459977220.208316
104 1459977220.376416
97 1459977220.544636
118 1459977220.632750
101 1459977220.792552
32 1459977220.856679
100 1459977220.960599
105 1459977221.064576
101 1459977221.152721
100 1459977221.360340
32 1459977221.440513
105 1459977221.528290
110 1459977221.600475
32 1459977221.672352
118 1459977221.776590
97 1459977221.880522
105 1459977221.936576
110 1459977222.024395
45 1459977222.200547
32 1459977222.384376
98 1459977222.504286
8 1459977222.872313
8 1459977222.976305
116 1459977223.088612
104 1459977223.192561
97 1459977223.264584
116 1459977223.320556
32 1459977223.392372
116 1459977223.464303
104 1459977223.504569
105 1459977223.616484
115 1459977223.720496
32 1459977223.776219
110 1459977223.888473
97 1459977224.000334
116 1459977224.048409
105 1459977224.096621
111 1459977224.176537
110 1459977224.240518
44 1459977224.440616
32 1459977224.544700
117 1459977224.680517
110 1459977224.840373
100 1459977224.912537
101 1459977225.024201
114 1459977225.104749
32 1459977225.192446
71 1459977225.456491
111 1459977225.664497
100 1459977225.760533
44 1459977225.960267
32 1459977226.096502
115 1459977226.280361
104 1459977226.440454
97 1459977226.608417
108 1459977226.680504
108 1459977226.800389
32 1459977226.912580
104 1459977227.096777
97 1459977227.192531
118 1459977227.280381
101 1459977227.416487
32 1459977227.520466
97 1459977227.640320
32 1459977227.736280
110 1459977227.840403
101 1459977227.960431
119 1459977228.040153
32 1459977228.080909
98 1459977228.272062
105 1459977228.400260
114 1459977228.464514
116 1459977228.680455
104 1459977228.752401
32 1459977228.928172
111 1459977229.088122
102 1459977229.128566
32 1459977229.184509
102 1459977229.384142
114 1459977229.560320
101 1459977229.696447
101 1459977229.824389
100 1459977230.016546
111 1459977230.088681
109 1459977230.184599
45 1459977230.296535
110 1459977230.480475
97 1459977230.600297
8 1459977231.073250
8 1459977231.184423
97 1459977231.360207
110 1459977231.448355
100 1459977231.576346
32 1459977231.832795
116 1459977231.912555
104 1459977232.000323
97 1459977232.112655
116 1459977232.152623
32 1459977232.224419
103 1459977232.384239
111 1459977232.416657
118 1459977232.544287
101 1459977232.672291
114 1459977232.736476
110 1459977232.800417
109 1459977233.000430
101 1459977233.136517
110 1459977233.152268
116 1459977233.344342
32 1459977233.408394
111 1459977233.664227
102 1459977233.736592
32 1459977233.816419
116 1459977233.888401
104 1459977233.896424
101 1459977234.024380
32 1459977234.096426
112 1459977234.208316
101 1459977234.456477
111 1459977234.544040
112 1459977234.648207
108 1459977234.776432
101 1459977234.960546
44 1459977235.104298
32 1459977235.288177
98 1459977235.416579
117 1459977235.527813
116 1459977235.648155
32 1459977235.752126
8 1459977236.128524
8 1459977236.248491
8 1459977236.352296
121 1459977236.512406
32 1459977236.600494
116 1459977236.640589
104 1459977236.720507
101 1459977236.832380
32 1459977236.904384
112 1459977237.008362
101 1459977237.136583
111 1459977237.184403
112 1459977237.264526
44 1459977237.464275
101 1459977237.552401
8 1459977237.928623
8 1459977238.064445
108 1459977238.320465
101 1459977238.440323
44 1459977238.520415
32 1459977238.680417
102 1459977239.128631
111 1459977239.208648
114 1459977239.312561
32 1459977239.384343
104 1459977239.480437
116 1459977239.488479
101 1459977239.576593
32 1459977239.664283
112 1459977239.736260
101 1459977239.880373
8 1459977240.176653
8 1459977240.336353
8 1459977240.496316
8 1459977240.664273
8 1459977240.824333
8 1459977240.944394
116 1459977241.056396
104 1459977241.168397
101 1459977241.272300
32 1459977241.384369
112 1459977241.544399
101 1459977241.688350
111 1459977241.744356
112 1459977241.832327
108 1459977241.944538
101 1459977242.120359
44 1459977242.176408
32 1459977242.360390
115 1459977242.496423
104 1459977242.576280
97 1459977242.720301
108 1459977242.816343
108 1459977242.912230
32 1459977243.200265
110 1459977243.280255
111 1459977243.368017
116 1459977243.448378
32 1459977243.528128
112 1459977243.648300
101 1459977243.784137
114 1459977243.848334
105 1459977243.896240
115 1459977244.032150
104 1459977244.104329
32 1459977244.304297
102 1459977244.440349
114 1459977244.584302
111 1459977244.664384
109 1459977244.736315
32 1459977244.872037
104 1459977244.960427
116 1459977244.968200
101 1459977245.104163
32 1459977245.168254
8 1459977245.560561
8 1459977245.720596
8 1459977245.880252
8 1459977246.032164
116 1459977246.088444
104 1459977246.216314
101 1459977246.296142
32 1459977246.360440
101 1459977246.488357
97 1459977246.664328
114 1459977246.736295
116 1459977246.904214
104 1459977247.008196
46 1459977247.256296
