83 1460084462.735789
111 1460084462.985464
109 1460084463.065191
101 1460084463.177185
32 1460084463.305138
112 1460084463.488963
101 1460084463.601303
111 1460084463.690539
112 1460084463.753244
108 1460084463.865191
101 1460084463.961384
32 1460084464.065285
102 1460084464.216874
101 1460084464.329205
101 1460084464.481183
108 1460084464.545717
32 1460084464.673207
116 1460084464.753404
104 1460084464.825457
97 1460084464.929156
116 1460084464.969203
32 1460084465.049272
116 1460084465.177247
104 1460084465.224854
101 1460084465.321279
32 1460084465.408861
99 1460084465.585107
111 1460084465.689162
109 1460084465.761147
109 1460084465.905215
97 1460084466.025467
110 1460084466.129381
100 1460084466.218215
109 1460084466.385228
101 1460084466.512999
110 1460084466.576963
116 1460084466.665330
115 1460084466.777185
32 1460084466.881327
97 1460084466.986463
114 1460084467.041206
101 1460084467.145256
32 1460084467.249131
98 1460084467.393144
117 1460084467.553377
114 1460084467.753230
100 1460084468.177347
101 1460084468.481262
110 1460084468.601258
115 1460084468.769444
111 1460084468.841220
109 1460084469.057277
101 1460084469.657328
32 1460084469.817101
97 1460084469.977275
110 1460084470.049052
100 1460084470.113562
32 1460084470.241309
116 1460084470.376925
104 1460084470.473315
97 1460084470.545029
116 1460084470.617200
32 1460084470.729113
116 1460084470.841190
104 1460084470.920998
101 1460084471.033025
121 1460084471.121069
32 1460084471.217065
102 1460084471.369891
8 1460084471.705298
108 1460084471.873523
105 1460084471.985236
109 1460084472.129304
105 1460084472.281275
116 1460084472.529162
32 1460084472.825286
102 1460084473.065013
114 1460084473.257230
101 1460084473.337192
101 1460084473.497174
100 1460084473.665049
111 1460084473.753003
109 1460084473.809035
32 1460084473.937277
97 1460084474.000956
110 1460084474.088841
100 1460084474.161228
32 1460084474.257269
112 1460084474.393007
101 1460084474.497068
114 1460084474.585511
115 1460084474.777114
111 1460084474.866717
110 1460084474.921009
97 1460084475.049248
108 1460084475.145112
32 1460084475.241351
103 1460084475.345135
114 1460084475.521262
111 1460084475.665226
119 1460084475.769254
116 1460084476.065062
104 1460084476.224964
46 1460084476.553051
32 1460084476.641138
32 1460084476.776981
8 1460084477.257139
66 1460084477.569345
117 1460084477.745024
116 1460084477.840697
32 1460084477.960915
116 1460084478.105169
104 1460084478.200987
101 1460084478.329148
32 1460084478.425157
115 1460084478.553222
97 1460084478.713115
8 1460084478.993240
8 1460084479.137015
83 1460084479.416854
97 1460084479.593027
118 1460084479.672713
105 1460084479.833122
111 1460084479.952841
114 1460084480.073110
32 1460084480.217299
116 1460084480.377085
97 1460084480.497107
117 1460084480.648916
103 1460084480.785151
104 1460084480.888675
116 1460084481.001003
32 1460084481.112964
116 1460084481.233093
104 1460084481.328889
97 1460084481.408803
116 1460084481.473169
32 1460084481.569149
116 1460084481.776958
114 1460084481.985017
117 1460084482.096836
101 1460084482.225074
32 1460084482.353191
102 1460084482.455543
114 1460084482.633028
101 1460084482.689088
101 1460084482.865274
100 1460084483.184909
111 1460084483.273128
109 1460084483.344784
32 1460084483.624883
99 1460084483.752685
111 1460084483.848451
109 1460084483.905183
101 1460084484.008912
115 1460084484.073041
32 1460084484.192919
111 1460084484.305119
110 1460084484.457027
108 1460084484.560856
121 1460084484.728961
32 1460084484.848808
102 1460084484.945068
114 1460084485.120866
111 1460084485.168725
109 1460084485.248722
32 1460084485.376757
102 1460084485.537076
111 1460084485.665098
108 1460084485.848864
108 1460084486.000838
119 1460084486.194162
111 1460084486.233422
8 1460084486.777031
8 1460084487.321056
111 1460084487.553007
119 1460084487.657024
105 1460084487.800615
110 1460084487.879770
103 1460084487.937053
32 1460084488.080954
72 1460084488.361050
105 1460084488.569048
109 1460084488.662663
58 1460084488.904973
32 1460084489.033007
34 1460084489.360992
73 1460084489.776714
102 1460084489.960982
32 1460084490.248973
121 1460084490.464782
101 1460084490.512412
32 1460084490.946093
99 1460084491.112863
111 1460084491.184809
110 1460084491.273048
116 1460084491.448588
105 1460084491.545037
110 1460084491.616643
117 1460084491.824941
101 1460084491.920983
32 1460084491.976933
105 1460084492.113016
110 1460084492.192523
32 1460084492.320853
109 1460084492.440868
121 1460084492.664955
32 1460084492.752949
119 1460084492.872286
111 1460084492.944367
114 1460084493.040262
100 1460084493.160745
44 1460084493.392694
32 1460084493.496982
116 1460084493.624631
104 1460084493.705315
101 1460084493.816599
110 1460084493.903344
32 1460084493.992712
97 1460084494.376508
114 1460084494.464722
101 1460084494.536935
32 1460084494.632690
121 1460084494.792789
101 1460084494.896846
32 1460084495.232944
109 1460084495.384876
121 1460084495.632910
32 1460084495.720411
100 1460084495.848685
101 1460084496.328972
115 1460084496.560816
8 1460084496.928910
8 1460084497.072779
105 1460084497.184917
115 1460084497.280734
99 1460084497.608881
105 1460084497.896997
112 1460084498.056687
108 1460084498.168938
101 1460084498.264895
115 1460084498.368936
32 1460084499.184962
105 1460084499.457000
110 1460084499.552957
100 1460084499.848645
101 1460084500.024497
101 1460084500.176829
100 1460084500.344774
59 1460084500.465595
32 1460084500.784447
97 1460084500.888904
110 1460084500.968518
100 1460084501.064633
32 1460084501.192932
121 1460084501.432707
101 1460084501.528905
32 1460084501.721181
115 1460084501.912801
104 1460084501.992507
97 1460084502.112798
108 1460084502.224561
108 1460084502.368844
32 1460084502.480774
107 1460084502.632724
110 1460084502.712424
111 1460084502.784737
119 1460084502.878271
32 1460084503.000665
116 1460084503.096592
104 1460084503.152919
101 1460084503.272845
32 1460084503.344694
116 1460084503.449003
114 1460084503.600808
117 1460084503.697824
116 1460084504.000909
104 1460084504.120689
44 1460084504.424368
32 1460084504.536819
97 1460084504.608689
110 1460084504.696422
100 1460084504.781414
32 1460084504.888446
116 1460084505.008706
104 1460084505.112455
101 1460084505.216685
32 1460084505.288346
116 1460084505.376701
114 1460084505.528830
117 1460084505.632882
116 1460084505.832679
104 1460084505.944696
32 1460084506.096231
104 1460084506.456700
8 1460084506.800688
115 1460084506.864552
104 1460084506.968601
97 1460084507.080572
108 1460084507.184730
108 1460084507.312726
32 1460084507.424754
109 1460084507.528811
97 1460084507.648690
107 1460084507.761131
101 1460084507.848299
32 1460084507.960608
121 1460084508.088722
111 1460084508.216717
117 1460084508.312609
32 1460084508.392313
102 1460084508.560612
114 1460084508.736489
101 1460084508.832678
101 1460084508.944812
34 1460084509.208753
32 1460084509.688654
40 1460084509.920790
74 1460084510.384751
111 1460084510.568518
104 1460084510.744633
110 1460084510.968902
32 1460084511.184785
56 1460084511.584243
58 1460084511.984651
51 1460084512.216737
49 1460084512.456737
45 1460084512.720738
51 1460084512.904651
50 1460084513.144570
8 1460084513.456378
8 1460084513.600625
8 1460084513.912696
45 1460084514.136538
8 1460084514.736654
45 1460084515.960536
8 1460084516.536141
95 1460084516.816515
8 1460084517.328645
45 1460084517.600605
51 1460084518.032610
50 1460084518.368733
8 1460084519.048484
8 1460084519.216532
8 1460084519.528631
95 1460084521.176486
8 1460084521.656727
45 1460084521.928379
51 1460084522.680585
50 1460084522.816473
41 1460084523.248300
46 1460084523.720566
32 1460084523.904430
71 1460084524.288253
111 1460084524.472422
100 1460084524.560050
32 1460084524.704239
103 1460084524.960436
105 1460084525.072404
118 1460084525.154415
101 1460084525.280370
115 1460084525.376464
32 1460084525.480330
99 1460084525.672435
111 1460084525.752441
109 1460084525.792129
109 1460084525.952429
97 1460084526.048190
110 1460084526.144053
100 1460084526.208143
109 1460084526.368421
101 1460084526.488331
110 1460084526.535886
116 1460084526.633014
115 1460084526.728243
32 1460084526.952066
102 1460084527.056331
111 1460084527.154832
114 1460084527.256096
32 1460084527.360480
111 1460084527.512236
117 1460084527.624391
114 1460084527.714908
32 1460084527.792144
98 1460084527.984343
101 1460084528.152396
110 1460084528.237553
101 1460084528.368363
102 1460084528.520519
105 1460084528.648459
116 1460084528.744475
46 1460084528.959952
32 1460084529.136479
84 1460084529.376405
104 1460084529.528565
101 1460084529.640525
121 1460084529.744555
32 1460084529.824500
97 1460084529.944342
114 1460084530.015859
101 1460084530.120028
32 1460084530.184498
108 1460084530.304208
111 1460084530.472545
118 1460084530.536333
105 1460084530.688404
110 1460084530.744413
103 1460084530.832335
32 1460084530.920159
105 1460084531.096323
110 1460084531.167968
115 1460084531.288309
116 1460084531.400337
114 1460084531.569261
117 1460084531.680279
99 1460084531.800391
116 1460084531.937810
105 1460084531.992067
111 1460084532.072279
110 1460084532.112055
115 1460084532.264278
32 1460084532.448233
102 1460084532.825177
111 1460084532.944125
114 1460084533.104129
32 1460084533.288146
111 1460084533.543889
117 1460084533.648363
114 1460084533.736316
32 1460084533.792419
104 1460084534.024308
112 1460084534.208234
97 1460084534.232061
8 1460084534.752291
8 1460084534.888426
97 1460084534.967943
112 1460084535.096164
112 1460084535.255845
105 1460084535.456338
110 1460084535.592222
101 1460084535.712264
115 1460084535.799061
115 1460084535.944342
32 1460084536.032325
97 1460084536.200348
110 1460084536.264166
100 1460084536.368280
32 1460084536.449115
102 1460084536.560243
111 1460084536.639996
114 1460084536.736421
32 1460084536.825295
111 1460084536.944142
117 1460084537.038013
114 1460084537.120333
32 1460084537.167809
112 1460084537.584288
104 1460084537.736295
121 1460084537.951962
115 1460084538.048431
105 1460084538.152424
99 1460084538.248339
97 1460084538.320230
108 1460084538.416244
32 1460084538.503978
97 1460084538.616275
110 1460084538.682817
100 1460084538.768191
32 1460084538.833548
115 1460084538.976264
112 1460084539.088196
105 1460084539.224172
114 1460084539.328299
105 1460084539.440083
116 1460084539.519854
117 1460084539.648275
97 1460084539.728196
108 1460084539.807942
32 1460084539.912177
119 1460084540.072205
101 1460084540.159929
108 1460084540.280093
108 1460084540.424193
45 1460084540.576246
98 1460084540.705127
101 1460084540.871776
105 1460084541.007783
110 1460084541.120078
103 1460084541.200043
46 1460084541.384322
10 1460084541.960091
10 1460084542.336216
10 1460084543.224209
73 1460084543.496059
110 1460084543.720259
8 1460084543.976132
8 1460084544.112033
8 1460084544.240026
73 1460084544.416086
110 1460084544.696283
32 1460084544.912281
116 1460084545.121378
104 1460084545.216261
101 1460084545.312266
32 1460084545.368350
112 1460084545.504285
114 1460084545.831725
101 1460084545.936222
109 1460084546.112046
111 1460084546.296152
114 1460084546.392104
116 1460084546.568326
97 1460084546.655859
108 1460084546.728129
32 1460084546.832241
101 1460084546.984138
120 1460084547.152162
105 1460084547.296119
115 1460084547.399794
116 1460084547.493122
97 1460084547.600044
110 1460084547.687968
99 1460084547.800198
101 1460084547.992136
8 1460084548.288364
8 1460084548.440127
8 1460084548.600197
8 1460084548.727761
101 1460084548.769475
110 1460084548.864195
99 1460084548.992145
101 1460084549.184225
44 1460084549.272028
32 1460084549.376019
72 1460084549.840282
101 1460084549.976110
97 1460084550.288239
118 1460084550.431664
101 1460084551.343913
110 1460084551.472108
108 1460084551.697147
121 1460084551.856163
32 1460084551.960309
102 1460084552.399990
8 1460084552.792048
70 1460084553.095442
97 1460084553.247633
116 1460084553.368034
104 1460084553.447433
101 1460084553.551669
114 1460084553.623738
32 1460084553.695805
112 1460084553.936232
114 1460084554.112074
101 1460084554.239865
115 1460084554.631570
105 1460084554.767974
100 1460084554.871970
101 1460084555.023933
100 1460084555.207996
32 1460084555.296038
111 1460084555.391957
118 1460084555.503984
101 1460084555.656190
114 1460084555.743871
32 1460084555.807638
97 1460084555.992262
32 1460084556.063825
103 1460084556.239857
114 1460084556.408057
101 1460084556.464025
97 1460084556.528126
116 1460084556.585002
32 1460084556.671755
67 1460084556.887811
111 1460084557.047924
117 1460084557.192031
110 1460084557.391956
115 1460084557.496191
8 1460084557.728072
99 1460084557.791876
105 1460084557.896066
108 1460084558.015897
32 1460084558.327554
105 1460084558.464012
110 1460084558.543882
32 1460084558.639942
104 1460084558.944057
8 1460084559.191994
72 1460084559.320070
101 1460084559.440103
97 1460084559.568080
118 1460084559.671984
101 1460084559.799963
110 1460084560.055589
44 1460084560.311820
32 1460084560.431616
8 1460084561.064036
8 1460084561.207826
46 1460084561.448007
32 1460084561.664116
84 1460084562.047705
104 1460084562.191883
101 1460084562.295980
114 1460084562.383864
101 1460084562.488909
32 1460084562.567910
119 1460084562.719868
101 1460084562.807833
32 1460084562.927844
108 1460084563.071909
101 1460084563.199728
97 1460084563.271883
114 1460084563.328395
110 1460084563.415497
101 1460084563.511885
100 1460084563.695685
32 1460084563.775983
111 1460084563.895622
102 1460084563.975618
32 1460084564.087557
72 1460084564.327467
105 1460084564.520011
115 1460084564.607756
32 1460084564.720045
112 1460084564.847640
108 1460084564.951970
97 1460084565.023792
110 1460084565.111817
32 1460084565.239919
102 1460084565.343738
111 1460084565.438270
114 1460084565.543942
32 1460084565.639635
111 1460084565.807786
117 1460084565.887641
114 1460084565.975794
32 1460084566.023602
115 1460084566.183705
97 1460084566.887730
108 1460084567.015347
118 1460084567.240884
97 1460084567.375733
116 1460084567.479816
105 1460084567.571413
111 1460084567.631745
110 1460084567.703736
44 1460084568.103884
32 1460084568.215948
119 1460084568.375835
104 1460084568.463663
105 1460084568.547535
99 1460084568.615819
104 1460084568.727645
32 1460084568.799532
105 1460084570.383904
110 1460084570.503813
99 1460084570.743814
108 1460084570.807787
117 1460084570.911786
100 1460084571.023602
101 1460084571.183875
100 1460084571.351793
32 1460084571.440384
97 1460084571.543740
32 1460084571.610332
116 1460084571.767819
105 1460084571.847426
109 1460084571.903963
101 1460084572.031736
32 1460084572.279708
111 1460084572.623862
8 1460084572.943723
111 1460084573.191703
102 1460084573.287603
32 1460084573.407772
116 1460084573.599720
101 1460084573.711777
115 1460084573.815846
116 1460084573.887474
105 1460084573.991265
110 1460084574.055457
103 1460084574.135460
32 1460084574.263730
111 1460084574.343707
110 1460084574.415916
32 1460084574.511705
116 1460084574.575595
104 1460084574.679312
101 1460084574.783740
32 1460084574.935864
101 1460084575.215744
97 1460084575.319541
114 1460084575.407661
116 1460084575.584025
104 1460084575.695807
58 1460084575.871993
32 1460084575.983498
34 1460084576.360228
87 1460084576.847715
101 1460084577.023830
32 1460084577.119737
119 1460084577.343749
105 1460084577.455855
108 1460084577.535467
108 1460084577.647860
32 1460084577.767644
109 1460084578.351816
97 1460084578.463602
107 1460084578.575870
101 1460084578.679588
32 1460084578.799720
97 1460084578.951503
110 1460084579.032793
32 1460084579.159730
101 1460084579.983277
97 1460084580.103645
114 1460084580.167573
116 1460084580.327612
104 1460084580.415564
32 1460084580.535771
119 1460084580.703628
104 1460084580.807236
101 1460084580.951601
114 1460084581.047794
101 1460084581.175655
111 1460084581.831687
110 1460084581.991483
32 1460084582.175470
116 1460084582.383601
104 1460084582.488000
101 1460084582.578320
115 1460084582.663724
101 1460084582.751449
32 1460084582.839452
109 1460084582.975449
97 1460084583.087550
121 1460084583.271176
32 1460084583.359847
100 1460084583.487674
119 1460084583.823442
101 1460084584.095152
108 1460084584.215293
108 1460084584.343477
59 1460084584.583686
32 1460084584.807604
97 1460084585.023707
110 1460084585.119519
100 1460084585.223336
32 1460084585.327466
119 1460084585.439496
101 1460084585.525131
32 1460084585.647594
119 1460084585.959544
105 1460084586.079325
108 1460084586.167578
108 1460084586.319250
32 1460084586.410140
112 1460084586.551615
114 1460084586.639319
111 1460084586.767435
118 1460084586.863611
101 1460084587.031625
32 1460084587.335627
116 1460084588.135543
104 1460084588.231380
101 1460084588.375513
109 1460084588.455411
32 1460084588.607663
104 1460084588.783573
101 1460084588.831306
114 1460084588.927189
101 1460084589.015397
119 1460084589.199537
105 1460084589.291924
116 1460084589.399567
104 1460084589.487495
44 1460084589.719623
32 1460084589.815634
116 1460084589.983349
111 1460084591.216723
32 1460084591.463677
115 1460084591.759217
101 1460084591.871528
101 1460084592.031525
32 1460084592.151729
105 1460084592.311612
102 1460084592.391077
32 1460084592.495506
116 1460084592.711519
104 1460084592.799182
101 1460084592.927319
121 1460084593.031489
32 1460084593.111093
119 1460084593.198724
105 1460084593.303664
108 1460084593.391960
108 1460084593.535491
32 1460084593.663348
100 1460084593.871579
111 1460084594.023416
32 1460084594.135244
97 1460084594.263433
108 1460084594.367583
108 1460084594.512495
32 1460084594.607513
116 1460084594.815111
104 1460084594.903576
105 1460084595.031262
110 1460084595.109708
103 1460084595.159192
115 1460084595.263560
32 1460084595.367535
119 1460084595.519656
104 1460084595.655457
97 1460084595.745847
116 1460084595.831200
115 1460084596.039548
111 1460084596.143358
101 1460084596.423300
118 1460084596.583547
101 1460084596.687487
114 1460084596.767524
32 1460084596.839130
116 1460084597.031265
104 1460084597.103480
101 1460084597.223130
32 1460084597.335467
76 1460084597.503420
111 1460084597.687485
114 1460084597.751548
100 1460084597.839047
32 1460084598.311094
116 1460084598.383113
104 1460084598.471527
101 1460084598.591237
105 1460084598.687375
114 1460084598.791524
32 1460084598.902977
71 1460084599.255279
111 1460084599.415700
100 1460084599.527227
32 1460084599.631581
115 1460084599.735368
104 1460084599.831415
97 1460084599.909845
108 1460084600.031039
108 1460084600.159407
32 1460084600.239390
99 1460084600.359437
111 1460084600.455459
109 1460084600.486966
109 1460084600.639239
97 1460084600.732931
110 1460084600.839333
100 1460084600.919524
32 1460084601.222961
116 1460084601.310954
104 1460084601.406668
101 1460084601.519347
109 1460084601.615009
58 1460084602.295319
8 1460084602.975295
34 1460084603.175295
32 1460084603.359254
40 1460084603.847118
65 1460084604.215566
98 1460084604.479134
114 1460084604.767363
97 1460084604.871097
104 1460084604.991129
97 1460084605.103378
109 1460084605.215260
32 1460084605.488351
51 1460084605.647252
58 1460084606.007068
50 1460084606.271368
52 1460084606.471476
45 1460084606.975363
50 1460084607.175248
53 1460084607.351249
41 1460084607.727081
46 1460084608.039274
32 1460084608.182983
79 1460084608.535195
110 1460084608.687032
101 1460084608.775108
32 1460084608.895112
114 1460084609.031253
101 1460084609.113512
97 1460084609.199172
115 1460084609.263156
111 1460084609.351298
110 1460084609.415180
32 1460084609.535310
119 1460084609.686893
101 1460084609.742868
32 1460084609.887217
97 1460084609.977509
114 1460084610.047110
101 1460084610.111177
32 1460084610.207125
104 1460084610.383224
101 1460084610.473945
114 1460084610.527640
101 1460084610.631667
32 1460084610.727050
111 1460084610.783288
110 1460084610.874382
32 1460084610.958717
116 1460084611.023064
104 1460084611.151340
101 1460084611.263065
32 1460084611.663326
101 1460084611.998810
97 1460084612.103225
114 1460084612.166988
116 1460084612.335251
104 1460084612.414842
32 1460084612.503150
105 1460084612.623291
115 1460084612.703121
32 1460084612.793074
116 1460084612.959385
111 1460084613.047017
32 1460084613.159230
115 1460084613.278988
104 1460084613.367127
111 1460084613.457368
119 1460084613.495751
32 1460084613.607219
116 1460084613.743294
8 1460084614.022920
111 1460084614.135097
117 1460084614.231100
114 1460084614.278660
32 1460084614.351012
119 1460084614.495223
105 1460084614.624532
108 1460084614.703000
108 1460084614.839272
105 1460084614.935259
110 1460084614.994432
103 1460084615.062961
32 1460084615.230734
8 1460084615.591264
110 1460084615.671038
111 1460084615.767105
101 1460084615.919286
8 1460084616.191128
8 1460084616.326947
101 1460084616.384092
115 1460084616.450432
115 1460084616.583139
32 1460084616.687105
116 1460084616.910903
111 1460084617.006963
32 1460084617.111178
111 1460084617.295182
98 1460084617.422938
101 1460084617.566917
121 1460084617.775268
32 1460084617.879085
72 1460084618.047213
101 1460084618.191131
97 1460084618.286974
118 1460084618.366798
101 1460084618.479104
110 1460084618.606757
108 1460084618.831145
121 1460084618.991187
32 1460084619.095113
70 1460084619.358934
97 1460084619.487166
116 1460084619.566967
104 1460084619.639114
101 1460084619.744420
114 1460084619.823571
39 1460084619.881226
115 1460084619.999023
32 1460084620.095080
99 1460084620.255113
111 1460084620.314851
109 1460084620.366763
109 1460084620.503149
97 1460084620.567083
110 1460084620.678917
100 1460084620.759005
109 1460084620.918977
101 1460084621.022917
110 1460084621.079118
116 1460084621.167311
115 1460084621.271055
46 1460084621.375102
10 1460084622.167091
10 1460084622.615089
84 1460084623.647046
104 1460084623.799135
101 1460084623.902406
32 1460084623.991137
80 1460084624.415043
114 1460084624.582594
111 1460084624.679495
112 1460084624.830705
104 1460084624.943132
101 1460084625.006677
116 1460084625.111052
32 1460084625.232344
74 1460084625.510861
111 1460084625.670782
115 1460084625.822949
101 1460084625.926882
112 1460084625.998934
104 1460084626.094856
32 1460084626.238865
83 1460084626.470711
109 1460084626.598999
105 1460084626.718788
116 1460084626.822904
104 1460084626.879059
32 1460084626.990827
116 1460084627.111084
97 1460084627.231123
117 1460084627.328529
103 1460084627.440044
104 1460084627.518860
116 1460084627.622940
32 1460084627.831097
116 1460084628.294956
104 1460084628.351130
97 1460084628.446893
116 1460084628.518794
32 1460084628.606601
111 1460084628.998888
98 1460084629.150855
101 1460084629.342942
100 1460084629.550943
105 1460084629.695060
101 1460084629.846906
110 1460084629.958905
99 1460084630.079024
101 1460084630.270961
32 1460084630.374900
116 1460084630.743000
111 1460084630.814603
32 1460084630.910765
116 1460084631.006757
104 1460084631.063040
101 1460084631.150662
32 1460084631.231194
99 1460084631.383013
111 1460084631.455158
109 1460084631.534926
109 1460084631.678923
97 1460084631.782934
110 1460084631.875699
100 1460084631.950838
109 1460084632.118956
101 1460084632.238980
110 1460084632.310664
116 1460084632.406978
115 1460084632.502787
32 1460084632.606926
108 1460084632.767013
101 1460084632.854515
97 1460084632.934779
100 1460084633.054796
115 1460084633.198905
32 1460084633.326981
116 1460084633.462901
111 1460084633.574934
32 1460084633.702732
98 1460084634.062455
108 1460084634.190867
101 1460084634.286697
115 1460084634.374639
115 1460084634.542891
105 1460084634.647953
110 1460084634.704202
103 1460084634.774749
115 1460084634.902839
32 1460084635.030579
102 1460084635.190753
114 1460084635.358631
111 1460084635.406287
109 1460084635.474043
32 1460084635.582871
71 1460084635.806795
111 1460084635.974544
100 1460084636.062849
46 1460084636.526881
32 1460084636.735044
72 1460084637.102806
101 1460084637.238817
32 1460084637.350790
115 1460084637.486652
97 1460084637.590736
105 1460084637.694679
100 1460084637.782993
58 1460084638.199216
32 1460084638.374936
34 1460084638.584368
84 1460084638.878860
104 1460084639.030904
101 1460084639.094670
114 1460084639.185732
101 1460084639.286841
32 1460084639.390566
105 1460084639.486763
115 1460084639.574581
32 1460084639.670818
97 1460084639.774724
32 1460084639.846565
108 1460084640.102649
97 1460084640.246627
119 1460084640.406060
44 1460084640.614800
32 1460084640.718751
105 1460084640.942599
114 1460084641.118878
114 1460084641.254427
101 1460084641.662841
118 1460084641.982291
111 1460084642.166569
99 1460084642.302654
97 1460084642.502721
98 1460084642.630660
108 1460084642.734723
121 1460084642.983793
32 1460084643.134766
100 1460084643.262791
101 1460084643.438672
99 1460084643.614569
114 1460084643.758697
101 1460084643.830556
101 1460084643.990805
100 1460084644.174711
32 1460084644.286875
105 1460084644.406391
110 1460084644.478652
32 1460084644.582717
104 1460084644.758629
101 1460084644.830537
97 1460084644.894399
118 1460084645.030522
101 1460084645.198386
110 1460084645.294691
32 1460084645.622847
98 1460084645.910769
101 1460084646.086576
102 1460084646.198889
111 1460084646.302749
114 1460084646.406513
101 1460084646.466340
32 1460084646.534474
116 1460084646.654565
104 1460084646.734268
101 1460084646.831217
32 1460084646.886473
102 1460084646.976020
111 1460084647.078749
117 1460084647.142273
110 1460084647.310628
100 1460084647.358153
97 1460084647.470740
116 1460084647.558551
105 1460084647.638604
111 1460084647.694796
110 1460084647.754283
115 1460084647.894517
32 1460084647.998721
111 1460084648.086858
102 1460084648.163893
32 1460084648.224130
116 1460084648.326816
104 1460084648.398188
101 1460084648.445996
32 1460084648.501847
119 1460084648.605980
111 1460084648.742099
8 1460084649.086148
8 1460084649.246059
8 1460084649.382003
8 1460084649.518004
105 1460084649.621859
115 1460084649.702331
32 1460084649.910289
119 1460084650.109968
111 1460084650.206092
114 1460084650.309977
108 1460084650.429977
100 1460084650.542015
44 1460084650.773941
32 1460084650.886003
117 1460084651.166660
112 1460084651.286564
111 1460084651.414166
110 1460084651.510338
32 1460084651.622196
119 1460084651.790658
104 1460084651.893566
105 1460084651.958285
99 1460084652.038587
104 1460084652.118327
32 1460084652.206266
97 1460084652.294569
108 1460084652.382246
108 1460084652.534648
32 1460084652.616333
98 1460084652.678550
108 1460084652.934503
101 1460084653.055843
115 1460084653.174380
115 1460084653.534604
105 1460084653.702678
110 1460084653.761650
103 1460084653.862718
115 1460084654.358323
32 1460084654.486601
97 1460084654.662325
114 1460084654.758495
101 1460084654.854233
32 1460084654.910660
112 1460084655.438539
114 1460084655.534701
101 1460084655.598699
100 1460084655.782468
105 1460084655.910672
99 1460084656.054501
97 1460084656.214189
116 1460084656.294233
101 1460084656.430651
100 1460084656.606397
45 1460084656.822765
45 1460084657.198419
8 1460084657.774907
97 1460084658.022164
110 1460084658.118667
100 1460084658.230180
32 1460084658.359893
119 1460084658.670640
104 1460084658.742655
101 1460084658.870712
110 1460084658.958465
32 1460084659.054147
119 1460084659.214039
101 1460084659.286502
32 1460084659.430678
111 1460084660.174463
98 1460084660.302490
116 1460084660.518104
97 1460084660.630486
105 1460084660.726311
110 1460084660.798850
32 1460084660.998541
97 1460084661.214341
110 1460084661.310429
121 1460084661.558096
32 1460084661.678536
98 1460084662.007626
108 1460084662.118382
101 1460084662.254449
115 1460084662.342393
115 1460084662.486482
105 1460084662.606512
110 1460084662.670274
103 1460084662.758303
115 1460084662.870456
8 1460084663.326528
32 1460084663.414745
102 1460084663.702495
114 1460084663.878574
111 1460084663.934305
109 1460084664.001447
32 1460084664.094221
71 1460084664.414029
111 1460084664.590110
100 1460084664.670104
44 1460084664.838504
32 1460084664.934165
105 1460084665.118306
116 1460084665.222178
32 1460084665.333879
105 1460084665.405951
115 1460084665.501876
32 1460084665.583110
98 1460084665.726333
121 1460084665.870379
32 1460084665.974253
111 1460084666.118378
98 1460084666.270449
101 1460084666.494269
100 1460084666.670270
105 1460084666.773989
101 1460084666.927395
110 1460084667.038421
99 1460084667.158229
101 1460084667.326583
32 1460084667.398079
116 1460084667.509942
111 1460084667.590034
32 1460084667.670373
116 1460084667.758290
104 1460084667.838252
97 1460084667.926184
116 1460084667.966355
32 1460084668.070372
108 1460084668.398320
97 1460084668.534434
119 1460084668.630278
32 1460084668.806370
117 1460084669.142444
112 1460084669.254112
111 1460084669.374414
110 1460084669.438556
32 1460084669.550001
119 1460084669.694377
104 1460084669.789016
105 1460084669.868752
99 1460084669.934383
104 1460084670.022364
32 1460084670.110483
105 1460084670.206272
116 1460084670.285920
32 1460084670.372291
105 1460084670.454049
115 1460084670.550310
32 1460084670.686460
112 1460084670.886478
114 1460084670.966333
101 1460084671.590247
100 1460084671.958120
105 1460084672.198474
99 1460084672.305882
97 1460084672.406352
116 1460084672.470353
101 1460084672.573960
100 1460084672.773953
46 1460084672.926168
8 1460084673.413730
34 1460084673.613764
32 1460084673.886390
40 1460084674.134152
68 1460084675.214208
38 1460084676.822433
67 1460084677.270351
32 1460084677.686268
49 1460084677.806095
51 1460084677.966085
48 1460084678.174121
58 1460084678.509949
50 1460084678.830266
48 1460084679.021865
45 1460084679.366267
50 1460084679.814162
49 1460084680.005747
41 1460084680.358079
46 1460084680.886107
32 1460084681.078169
75 1460084681.365766
105 1460084681.566050
110 1460084681.630445
103 1460084681.710303
32 1460084681.934519
66 1460084682.182227
101 1460084682.358039
110 1460084682.422301
106 1460084682.621690
97 1460084682.718025
109 1460084682.821969
105 1460084682.966058
110 1460084683.023915
32 1460084683.182242
97 1460084683.342049
108 1460084683.437894
115 1460084683.542035
111 1460084683.654433
32 1460084683.765920
116 1460084683.909794
97 1460084684.038192
117 1460084684.125748
103 1460084684.238214
104 1460084684.325995
116 1460084684.413740
32 1460084684.582230
116 1460084684.822213
104 1460084684.901874
105 1460084685.013769
115 1460084685.085915
32 1460084685.175672
112 1460084685.286266
114 1460084685.365889
105 1460084685.477984
110 1460084685.525927
99 1460084685.614179
105 1460084685.693930
112 1460084685.798112
108 1460084685.909965
101 1460084685.982295
46 1460084686.198259
32 1460084686.269841
34 1460084686.494163
73 1460084686.805954
32 1460084686.909920
119 1460084687.061939
111 1460084687.117983
117 1460084687.206225
108 1460084687.302144
100 1460084687.373622
32 1460084687.441786
100 1460084687.590039
101 1460084687.749956
115 1460084687.838121
105 1460084687.958055
114 1460084688.061944
101 1460084688.118193
32 1460084688.286268
116 1460084688.389709
104 1460084688.486122
97 1460084688.544760
116 1460084688.598111
32 1460084688.662992
121 1460084688.997791
101 1460084689.094187
32 1460084689.286198
115 1460084689.397646
104 1460084689.482288
111 1460084689.589928
117 1460084689.686076
108 1460084689.773897
100 1460084689.837942
32 1460084689.917708
99 1460084690.062071
111 1460084690.109545
110 1460084690.201480
115 1460084690.270004
105 1460084690.382171
100 1460084690.453728
101 1460084690.622007
114 1460084690.677815
32 1460084690.805887
111 1460084690.902782
110 1460084690.983218
32 1460084691.087120
116 1460084691.197659
104 1460084691.284530
101 1460084691.382118
32 1460084691.422239
98 1460084691.566113
101 1460084691.734209
108 1460084691.735058
8 1460084692.286212
8 1460084692.421988
101 1460084692.557805
8 1460084692.806135
108 1460084692.949864
101 1460084693.037680
115 1460084693.096815
115 1460084693.245706
101 1460084693.365967
115 1460084693.518036
8 1460084693.838266
100 1460084693.901902
32 1460084694.005871
97 1460084694.118020
110 1460084694.197829
100 1460084694.286004
32 1460084694.382084
110 1460084694.894198
8 1460084695.189986
104 1460084695.286538
97 1460084695.382087
112 1460084695.454004
112 1460084695.598074
121 1460084695.797929
32 1460084695.902095
115 1460084695.989695
116 1460084696.078042
97 1460084696.181685
116 1460084696.245668
101 1460084696.373860
32 1460084696.493829
111 1460084696.581812
102 1460084696.661605
32 1460084696.718129
116 1460084696.822024
104 1460084696.905874
111 1460084697.342041
115 1460084697.438071
101 1460084697.517698
32 1460084697.621825
116 1460084697.942065
104 1460084698.037947
97 1460084698.133963
116 1460084698.200096
32 1460084698.290837
107 1460084698.373789
101 1460084698.446126
101 1460084698.606028
112 1460084698.709950
32 1460084698.798074
116 1460084698.901498
104 1460084698.981894
101 1460084699.046041
32 1460084699.109953
99 1460084699.278060
111 1460084699.349667
109 1460084699.405934
109 1460084699.550022
97 1460084699.629616
110 1460084699.717892
100 1460084699.797701
109 1460084699.934022
101 1460084700.061865
110 1460084700.157902
116 1460084700.213966
115 1460084700.333928
32 1460084700.453898
111 1460084700.549946
102 1460084700.637899
32 1460084700.661827
71 1460084701.109770
111 1460084701.333866
100 1460084701.406326
44 1460084701.565941
34 1460084702.181818
32 1460084702.653848
104 1460084702.869777
101 1460084702.965776
32 1460084703.085849
99 1460084703.237935
111 1460084703.341693
117 1460084703.421462
115 1460084703.605874
8 1460084704.157703
110 1460084704.685479
99 1460084704.997909
8 1460084705.565707
115 1460084705.629784
101 1460084705.678149
108 1460084705.829962
101 1460084706.045824
100 1460084706.221832
44 1460084706.421844
8 1460084706.805747
46 1460084707.005648
32 1460084707.101802
34 1460084707.317783
70 1460084707.853663
111 1460084708.029647
114 1460084708.133870
32 1460084708.238057
98 1460084708.677835
101 1460084708.845951
104 1460084708.949818
111 1460084709.053749
108 1460084709.229729
100 1460084709.309453
32 1460084709.413808
116 1460084709.541611
104 1460084709.637793
101 1460084709.749697
121 1460084709.837800
32 1460084709.942698
97 1460084710.045577
114 1460084710.101475
101 1460084710.181510
32 1460084710.285901
98 1460084711.117852
108 1460084711.197479
101 1460084711.365483
8 1460084711.949586
8 1460084712.118323
8 1460084712.293844
8 1460084712.461750
8 1460084712.629980
8 1460084712.805339
8 1460084712.973572
8 1460084713.149769
8 1460084713.301293
8 1460084713.461815
8 1460084713.606823
8 1460084713.749426
8 1460084713.885599
44 1460084714.109601
32 1460084714.205691
116 1460084714.357627
104 1460084714.469767
101 1460084714.565562
121 1460084714.661371
32 1460084714.733634
97 1460084714.837551
114 1460084714.897152
101 1460084714.981458
32 1460084715.029579
98 1460084715.149647
108 1460084715.245579
101 1460084715.341430
115 1460084715.399909
115 1460084715.557551
105 1460084715.677462
8 1460084716.109945
101 1460084716.181582
100 1460084716.350722
32 1460084716.429347
105 1460084716.853518
110 1460084716.933291
32 1460084717.029530
97 1460084717.261654
108 1460084717.349582
108 1460084717.477820
32 1460084717.576309
116 1460084717.641412
104 1460084717.736667
105 1460084717.805314
110 1460084717.877546
103 1460084717.957482
115 1460084718.053652
44 1460084718.549646
32 1460084718.653734
98 1460084718.765639
111 1460084718.861622
116 1460084718.997711
104 1460084719.157565
32 1460084719.285785
116 1460084719.453679
101 1460084719.573345
109 1460084719.637500
112 1460084719.749731
111 1460084719.845499
114 1460084719.941227
97 1460084720.085476
108 1460084720.197310
32 1460084720.357260
97 1460084720.413542
110 1460084720.485787
100 1460084720.553045
32 1460084720.621685
115 1460084720.733623
112 1460084720.821742
105 1460084720.957780
114 1460084721.046867
105 1460084721.141639
116 1460084721.269467
117 1460084721.381740
97 1460084721.485406
108 1460084721.541214
59 1460084721.822759
32 1460084721.989559
97 1460084722.117603
110 1460084722.201544
100 1460084722.293652
32 1460084722.365462
105 1460084722.701482
102 1460084722.781202
32 1460084722.942426
116 1460084723.285154
104 1460084723.341579
101 1460084723.437534
121 1460084723.541649
32 1460084723.613163
104 1460084723.741173
111 1460084723.813862
108 1460084723.997743
100 1460084724.077540
32 1460084724.181530
111 1460084724.501586
117 1460084724.613190
114 1460084724.701265
32 1460084724.781521
102 1460084724.973164
97 1460084725.061387
8 1460084725.429524
8 1460084725.581616
8 1460084725.725443
8 1460084725.861664
116 1460084725.909740
32 1460084726.029623
102 1460084726.165343
97 1460084726.293574
105 1460084726.397450
116 1460084726.525401
104 1460084726.606702
102 1460084726.877614
117 1460084726.981423
108 1460084727.071796
32 1460084727.181229
116 1460084727.333638
111 1460084727.413742
32 1460084727.518675
116 1460084727.565733
104 1460084727.645391
101 1460084727.733569
32 1460084727.789262
101 1460084727.885539
110 1460084727.957443
100 1460084728.093483
32 1460084728.221583
116 1460084728.573551
104 1460084728.661926
101 1460084728.773536
121 1460084728.861628
32 1460084728.965302
97 1460084729.061625
114 1460084729.120038
101 1460084729.205173
32 1460084729.277177
114 1460084729.477489
101 1460084729.541453
99 1460084729.773501
101 1460084730.261147
105 1460084730.461518
118 1460084730.661511
101 1460084730.797462
100 1460084730.973889
32 1460084731.037434
105 1460084731.189712
110 1460084731.253403
116 1460084731.373522
111 1460084731.458566
117 1460084731.549592
32 1460084731.693729
8 1460084732.165397
8 1460084732.293307
32 1460084732.669349
104 1460084732.845319
101 1460084732.925161
97 1460084733.013478
118 1460084733.125380
101 1460084733.237510
110 1460084733.333276
44 1460084733.621528
32 1460084733.720118
97 1460084733.829278
110 1460084733.909041
8 1460084734.189008
8 1460084734.317042
116 1460084734.380973
104 1460084734.480029
97 1460084734.541551
116 1460084734.607987
32 1460084734.701313
116 1460084734.822296
104 1460084734.905187
101 1460084735.045558
121 1460084735.125106
114 1460084735.261364
101 1460084735.341278
8 1460084735.717584
8 1460084735.861314
8 1460084735.989467
114 1460084736.053379
101 1460084736.125575
98 1460084736.485024
121 1460084736.589416
32 1460084736.773401
116 1460084737.309521
104 1460084737.398768
101 1460084737.525537
121 1460084737.621318
32 1460084737.733389
109 1460084737.909407
97 1460084737.989020
121 1460084738.165516
32 1460084738.269620
100 1460084738.429341
101 1460084738.933340
8 1460084739.445512
119 1460084739.485291
101 1460084739.568863
108 1460084739.709310
108 1460084739.853447
32 1460084740.108857
119 1460084740.389374
105 1460084740.493260
116 1460084740.589350
104 1460084740.629203
32 1460084740.741087
103 1460084741.037318
8 1460084741.293560
71 1460084741.541300
111 1460084741.709399
100 1460084741.781513
32 1460084741.885375
105 1460084742.037311
110 1460084742.125263
32 1460084742.229335
97 1460084742.293337
32 1460084742.373256
115 1460084742.533308
116 1460084742.636946
97 1460084742.741382
116 1460084742.805574
101 1460084742.906916
32 1460084742.981018
111 1460084743.072038
102 1460084743.196871
32 1460084743.325282
110 1460084743.493406
101 1460084743.593909
118 1460084743.701411
101 1460084743.845140
114 1460084743.909838
45 1460084744.309153
101 1460084744.493148
110 1460084744.573324
100 1460084744.677285
105 1460084744.805424
110 1460084744.891416
103 1460084744.957766
32 1460084745.541166
104 1460084745.700923
97 1460084745.789077
112 1460084745.893387
112 1460084746.029300
101 1460084746.188804
8 1460084746.461484
105 1460084746.565308
110 1460084746.701215
101 1460084746.784272
115 1460084746.861194
115 1460084746.997323
46 1460084747.301364
32 1460084747.429317
32 1460084747.549113
79 1460084747.741114
8 1460084748.045289
8 1460084748.157395
79 1460084748.309092
32 1460084748.525798
114 1460084748.692994
101 1460084748.773009
109 1460084748.885317
101 1460084748.977100
109 1460084749.020822
98 1460084749.133189
101 1460084749.261208
114 1460084749.325063
44 1460084749.429329
10 1460084749.989230
32 1460084750.917039
8 1460084751.277286
8 1460084751.645219
8 1460084751.989037
44 1460084752.669183
32 1460084753.389124
32 1460084753.949197
32 1460084754.149119
8 1460084754.461406
8 1460084754.621184
8 1460084754.837053
10 1460084755.373189
61 1460084755.876829
8 1460084756.173099
8 1460084756.349228
32 1460084760.940672
114 1460084761.197144
101 1460084761.276685
109 1460084761.356828
101 1460084761.476946
109 1460084761.527304
98 1460084761.653097
101 1460084761.781053
114 1460084761.845472
32 1460084761.916635
116 1460084762.012580
104 1460084762.084776
97 1460084762.140723
116 1460084762.196964
32 1460084766.645340
116 1460084766.772783
104 1460084766.868670
101 1460084766.980535
115 1460084767.077018
101 1460084767.140807
32 1460084767.260887
32 1460084770.284964
116 1460084770.380597
104 1460084770.445701
105 1460084770.533221
110 1460084770.620790
103 1460084770.668323
115 1460084770.772742
32 1460084770.876946
8 1460084771.204987
8 1460084771.365005
8 1460084771.532967
8 1460084771.692683
8 1460084771.852640
8 1460084772.012970
8 1460084772.148762
8 1460084772.317035
116 1460084772.405088
104 1460084772.524856
105 1460084772.628799
110 1460084772.700806
103 1460084772.764897
115 1460084772.876941
32 1460084772.964714
97 1460084773.068921
114 1460084773.132712
101 1460084773.204691
32 1460084773.268335
116 1460084773.492695
114 1460084773.652906
117 1460084773.740419
101 1460084773.980458
8 1460084774.228778
101 1460084774.452921
59 1460084774.620980
32 1460084774.828903
102 1460084775.036958
111 1460084775.116579
114 1460084775.212630
32 1460084775.276374
116 1460084775.372940
104 1460084775.436663
101 1460084775.524743
32 1460084775.604667
76 1460084775.748960
111 1460084775.916939
114 1460084776.004363
100 1460084776.084557
32 1460084776.212679
71 1460084776.468454
111 1460084776.612924
100 1460084776.692779
32 1460084776.812952
116 1460084776.956681
97 1460084777.116771
8 1460084777.420804
104 1460084777.532898
8 1460084777.716884
8 1460084777.852803
116 1460084777.988857
8 1460084778.260754
104 1460084778.380823
97 1460084778.484880
116 1460084778.543249
104 1460084778.732841
32 1460084778.860780
115 1460084779.052566
112 1460084779.156774
111 1460084779.388747
107 1460084779.588599
101 1460084779.692397
110 1460084779.796725
32 1460084779.948759
105 1460084780.100835
116 1460084780.196669
34 1460084780.652771
32 1460084780.876877
40 1460084781.092780
77 1460084781.364738
111 1460084781.508379
115 1460084781.636501
105 1460084781.829048
97 1460084782.028937
104 1460084782.164653
32 1460084782.476805
50 1460084782.652458
58 1460084783.044789
52 1460084783.292629
49 1460084783.484355
41 1460084783.884564
46 1460084784.132714
10 1460084784.556740
10 1460084785.156756
79 1460084785.892692
117 1460084786.084770
114 1460084786.140271
32 1460084786.244756
111 1460084786.484884
98 1460084786.628913
101 1460084786.788844
100 1460084786.964579
105 1460084787.076729
101 1460084787.212631
110 1460084787.300564
99 1460084787.412876
101 1460084787.596675
32 1460084787.644206
116 1460084787.772795
111 1460084787.844286
32 1460084787.916619
116 1460084787.972966
104 1460084788.076718
101 1460084788.108752
32 1460084788.204891
99 1460084788.340691
111 1460084788.397897
109 1460084788.452768
109 1460084788.596763
97 1460084788.700718
110 1460084788.772544
100 1460084788.852302
109 1460084789.004338
101 1460084789.100350
110 1460084789.167185
116 1460084789.252679
115 1460084789.340306
32 1460084789.420719
105 1460084789.580723
115 1460084789.692374
32 1460084789.780728
97 1460084789.900664
110 1460084789.940973
32 1460084790.060736
101 1460084790.284787
112 1460084790.388662
8 1460084790.916324
120 1460084790.956326
112 1460084791.132731
114 1460084791.204408
101 1460084791.252333
115 1460084791.340703
115 1460084791.484690
105 1460084791.580699
111 1460084791.668678
110 1460084791.716209
32 1460084791.812764
111 1460084791.908798
102 1460084792.012503
32 1460084792.052381
111 1460084792.252715
117 1460084792.348220
114 1460084792.413312
32 1460084792.468420
108 1460084792.636743
111 1460084792.796284
118 1460084792.892519
101 1460084793.036789
32 1460084793.140655
102 1460084793.604432
111 1460084793.692548
114 1460084793.804644
32 1460084793.892245
72 1460084794.236480
101 1460084794.364674
97 1460084794.516843
118 1460084794.612579
101 1460084794.756699
110 1460084794.844215
108 1460084795.012231
121 1460084795.180449
32 1460084795.276692
70 1460084795.588462
97 1460084795.740728
116 1460084795.828702
104 1460084795.908629
101 1460084795.996336
114 1460084796.068380
32 1460084796.140305
97 1460084796.228610
110 1460084796.284393
100 1460084796.356386
32 1460084796.460586
74 1460084796.636438
101 1460084796.764580
115 1460084796.940723
117 1460084797.052767
115 1460084797.156810
32 1460084797.268837
67 1460084798.308689
104 1460084798.428488
114 1460084798.492308
105 1460084798.596458
115 1460084798.692444
116 1460084798.772287
46 1460084799.012673
32 1460084799.108115
84 1460084799.460697
104 1460084799.580603
101 1460084799.660533
32 1460084799.725219
83 1460084800.012453
97 1460084800.228559
118 1460084800.300541
105 1460084800.428451
111 1460084800.540568
114 1460084800.636407
32 1460084800.876650
115 1460084800.988442
97 1460084801.092727
105 1460084801.196434
100 1460084801.284702
44 1460084801.428749
32 1460084801.508238
34 1460084801.700420
105 1460084801.996135
8 1460084802.292680
73 1460084802.396694
102 1460084802.564706
32 1460084802.692686
121 1460084803.068509
101 1460084803.132378
32 1460084803.332663
108 1460084804.044372
111 1460084804.220618
118 1460084804.284476
101 1460084804.444386
32 1460084805.276592
109 1460084805.484566
101 1460084805.620633
44 1460084805.940590
32 1460084806.036414
75 1460084806.316044
8 1460084806.652188
107 1460084806.764157
101 1460084806.836588
101 1460084806.972479
112 1460084807.052261
32 1460084807.140560
109 1460084807.284632
121 1460084807.524642
32 1460084807.612341
99 1460084807.740481
111 1460084807.796530
109 1460084807.844148
109 1460084807.996543
97 1460084808.100541
110 1460084808.196480
100 1460084808.276347
109 1460084808.428575
101 1460084808.516212
110 1460084808.588168
116 1460084808.676478
115 1460084808.748382
34 1460084809.148517
32 1460084809.396402
40 1460084809.588367
74 1460084810.036398
111 1460084810.204643
104 1460084810.356174
110 1460084810.524367
32 1460084810.684400
49 1460084810.916235
52 1460084811.076505
58 1460084811.868634
49 1460084812.092376
53 1460084812.204078
41 1460084812.644471
46 1460084813.180528
32 1460084813.404410
72 1460084813.724183
101 1460084813.876589
32 1460084813.964323
108 1460084814.076629
97 1460084814.164521
116 1460084814.268581
101 1460084814.412479
114 1460084814.484264
32 1460084814.644561
100 1460084814.836531
101 1460084814.988554
99 1460084815.188108
108 1460084815.260229
97 1460084815.380509
114 1460084815.436247
101 1460084815.532527
100 1460084815.708290
58 1460084815.980482
32 1460084816.124337
34 1460084816.732006
73 1460084817.068556
102 1460084817.252410
32 1460084817.412657
121 1460084817.796293
101 1460084817.861720
32 1460084818.028498
107 1460084818.268426
101 1460084818.388108
101 1460084818.540471
112 1460084818.604340
32 1460084818.732350
109 1460084818.860535
121 1460084819.108175
32 1460084819.188347
99 1460084819.308241
111 1460084819.364547
109 1460084819.412025
109 1460084819.556406
97 1460084819.628244
110 1460084819.716553
100 1460084819.788256
109 1460084819.932371
101 1460084820.028515
110 1460084820.092100
116 1460084820.164520
115 1460084820.244238
44 1460084820.764376
32 1460084820.916490
121 1460084821.308250
101 1460084821.372282
32 1460084821.484522
115 1460084821.628406
104 1460084821.715971
97 1460084821.812358
108 1460084821.932316
108 1460084822.068329
32 1460084822.132139
97 1460084822.580208
98 1460084822.692134
105 1460084822.820259
100 1460084823.108567
101 1460084823.348312
32 1460084823.460357
105 1460084823.596466
110 1460084823.652035
32 1460084823.788215
109 1460084823.900513
121 1460084824.132183
32 1460084824.204123
108 1460084824.332497
111 1460084824.524370
118 1460084824.612301
101 1460084824.716363
59 1460084824.940014
32 1460084825.108329
101 1460084825.436466
118 1460084825.564351
101 1460084825.692317
110 1460084825.764129
32 1460084825.852247
97 1460084825.956476
115 1460084826.028326
32 1460084826.164305
73 1460084826.404376
32 1460084826.556434
104 1460084826.700335
97 1460084826.772282
118 1460084826.820509
101 1460084826.924436
32 1460084827.036414
107 1460084827.692426
101 1460084827.844185
112 1460084828.003924
116 1460084828.172198
32 1460084828.380322
109 1460084828.476186
121 1460084828.692354
32 1460084828.780369
70 1460084829.012112
97 1460084829.140248
116 1460084829.212166
104 1460084829.291946
101 1460084829.412548
114 1460084829.476023
39 1460084829.571950
115 1460084829.692344
32 1460084829.812162
99 1460084830.052402
111 1460084830.099786
109 1460084830.171895
109 1460084830.324304
97 1460084830.396245
110 1460084830.500263
100 1460084830.564126
109 1460084830.724283
101 1460084830.804229
110 1460084830.883802
116 1460084830.940263
115 1460084831.044187
44 1460084831.180348
32 1460084831.412426
97 1460084831.580183
110 1460084831.684346
100 1460084831.796220
32 1460084831.900551
97 1460084832.003889
98 1460084832.092224
105 1460084832.252339
100 1460084832.364250
101 1460084832.548279
32 1460084832.620236
105 1460084832.724117
110 1460084832.803920
32 1460084832.908386
104 1460084833.068214
105 1460084833.124201
115 1460084833.220089
32 1460084833.292085
108 1460084833.468131
111 1460084833.620059
118 1460084833.675725
101 1460084833.796447
34 1460084834.188247
32 1460084834.388305
40 1460084834.580146
74 1460084835.036086
111 1460084835.252216
104 1460084835.380232
110 1460084835.556277
32 1460084835.644535
49 1460084835.772255
53 1460084835.899831
58 1460084836.276408
49 1460084836.476220
53 1460084836.580219
8 1460084836.852362
48 1460084836.931913
41 1460084837.372080
46 1460084837.667860
