70 1459884444.487791
111 1459884444.817731
117 1459884444.929834
114 1459884445.001637
32 1459884445.377874
115 1459884445.577839
99 1459884445.761954
111 1459884445.897831
114 1459884445.993798
101 1459884446.065853
32 1459884446.241641
97 1459884446.345727
110 1459884446.433796
100 1459884446.521550
32 1459884446.625863
115 1459884447.601717
101 1459884447.777334
118 1459884447.977557
101 1459884448.137774
110 1459884448.273572
32 1459884448.465770
121 1459884448.721231
101 1459884448.801770
97 1459884448.905907
114 1459884448.993695
115 1459884449.089473
32 1459884449.233622
97 1459884449.345874
103 1459884449.473667
111 1459884449.585949
32 1459884449.793727
111 1459884450.105626
117 1459884450.249727
114 1459884450.345922
32 1459884450.489513
102 1459884450.697705
97 1459884450.825736
116 1459884450.937750
104 1459884451.057689
101 1459884451.161605
114 1459884451.241420
115 1459884451.361855
32 1459884451.705721
98 1459884451.897804
114 1459884452.105784
111 1459884452.273670
117 1459884452.457205
103 1459884452.689889
104 1459884452.817631
116 1459884452.953597
32 1459884453.265801
102 1459884453.417789
111 1459884453.545696
114 1459884453.657522
116 1459884453.905606
104 1459884453.985339
32 1459884454.137523
111 1459884454.353409
110 1459884454.473614
32 1459884454.553732
116 1459884454.665533
104 1459884454.737774
105 1459884454.833871
115 1459884454.921558
32 1459884455.017622
99 1459884455.145627
111 1459884455.225489
110 1459884455.313639
116 1459884455.473111
105 1459884455.601691
110 1459884455.689283
101 1459884455.841630
110 1459884455.961506
116 1459884456.065360
32 1459884456.473662
97 1459884456.625769
32 1459884456.761825
110 1459884456.937607
101 1459884457.025212
119 1459884457.089476
32 1459884457.233668
110 1459884457.377520
97 1459884457.473653
116 1459884457.625495
105 1459884457.705747
111 1459884457.785141
110 1459884457.833153
44 1459884458.209354
32 1459884458.329471
99 1459884458.697617
111 1459884458.809332
110 1459884458.881798
99 1459884459.161593
101 1459884459.569562
105 1459884459.801624
118 1459884460.025383
101 1459884460.169554
100 1459884460.337563
32 1459884460.409417
105 1459884460.513496
110 1459884460.577624
32 1459884460.665438
108 1459884460.793681
105 1459884460.897367
98 1459884460.993597
101 1459884461.129461
114 1459884461.201475
116 1459884461.361276
121 1459884461.481644
44 1459884461.745590
32 1459884461.865450
97 1459884461.937598
110 1459884462.017684
100 1459884462.137453
32 1459884462.257256
100 1459884462.401607
101 1459884462.585562
100 1459884462.777286
105 1459884463.025394
99 1459884463.121245
97 1459884463.233207
116 1459884463.321496
105 1459884463.457095
8 1459884464.001413
101 1459884464.057517
100 1459884464.241422
32 1459884464.353710
116 1459884464.745037
111 1459884464.825463
32 1459884464.921393
116 1459884464.985550
104 1459884465.089315
101 1459884465.129707
32 1459884465.249234
112 1459884465.369401
114 1459884465.489013
111 1459884465.585505
112 1459884465.681391
111 1459884465.905667
115 1459884466.033297
105 1459884466.241630
116 1459884466.321321
105 1459884466.425165
111 1459884466.449347
110 1459884466.537384
32 1459884466.665487
116 1459884466.929182
104 1459884467.033003
97 1459884467.112892
116 1459884467.152920
32 1459884467.233480
97 1459884467.337353
108 1459884467.417680
108 1459884467.545122
32 1459884467.617470
109 1459884467.705621
101 1459884467.833461
110 1459884467.961178
32 1459884468.393151
97 1459884469.161443
116 1459884470.153201
101 1459884470.401220
8 1459884471.017205
8 1459884471.161227
114 1459884471.257382
101 1459884471.345472
32 1459884471.673162
99 1459884472.153435
114 1459884472.441379
101 1459884472.545369
97 1459884472.681378
116 1459884472.745091
101 1459884472.825477
100 1459884473.009334
32 1459884473.129205
113 1459884473.601074
8 1459884474.273111
117 1459884475.224796
8 1459884475.561515
101 1459884475.608616
113 1459884475.793344
117 1459884475.937273
97 1459884476.057192
108 1459884476.169249
46 1459884476.481450
10 1459884477.073194
10 1459884477.521139
10 1459884478.145432
78 1459884478.353087
8 1459884478.872468
8 1459884479.017619
78 1459884479.192484
111 1459884479.512538
119 1459884479.848463
32 1459884479.985120
119 1459884480.145287
101 1459884480.217293
32 1459884480.345232
97 1459884480.481258
114 1459884480.561068
101 1459884480.640718
32 1459884480.737088
101 1459884480.881168
110 1459884480.985278
103 1459884481.097325
97 1459884481.201157
103 1459884481.272742
101 1459884481.417045
100 1459884481.577114
32 1459884481.649255
105 1459884481.761007
110 1459884481.825100
32 1459884481.921231
97 1459884481.952999
32 1459884482.041263
99 1459884482.217100
103 1459884482.273131
8 1459884482.537198
8 1459884482.656728
103 1459884482.729180
114 1459884482.873044
101 1459884482.945175
97 1459884483.025206
116 1459884483.057208
101 1459884483.161173
8 1459884483.457334
32 1459884483.697213
99 1459884483.865154
105 1459884484.057151
118 1459884484.209122
105 1459884484.353370
108 1459884484.513079
32 1459884484.633207
119 1459884484.769191
97 1459884484.849214
114 1459884484.937161
44 1459884485.177179
32 1459884485.297082
116 1459884485.409163
101 1459884485.473318
115 1459884485.585164
116 1459884485.665102
105 1459884485.745140
110 1459884485.809170
103 1459884485.865084
32 1459884485.977093
119 1459884486.145073
104 1459884486.473134
101 1459884486.665167
116 1459884486.809191
104 1459884486.937083
101 1459884487.025106
114 1459884487.089133
32 1459884487.184826
116 1459884487.337223
104 1459884487.425052
97 1459884487.529130
116 1459884487.577045
32 1459884487.649131
110 1459884487.753133
97 1459884487.849093
116 1459884487.904503
105 1459884488.009044
111 1459884488.097212
110 1459884488.161099
44 1459884488.400680
32 1459884488.465049
111 1459884488.601233
114 1459884488.697062
32 1459884488.801104
97 1459884488.912984
110 1459884489.008808
121 1459884489.249023
32 1459884489.369098
110 1459884489.585208
97 1459884489.689259
116 1459884489.753098
105 1459884489.865104
111 1459884489.953111
110 1459884490.001084
32 1459884490.113091
115 1459884490.256465
111 1459884490.393051
32 1459884490.513088
99 1459884490.649004
111 1459884490.737019
110 1459884490.816910
99 1459884490.937197
101 1459884491.153046
105 1459884491.361075
118 1459884491.553014
101 1459884491.672926
100 1459884491.849075
32 1459884492.281078
97 1459884492.433056
110 1459884492.528897
100 1459884492.625118
32 1459884492.713056
115 1459884492.816972
111 1459884492.896824
32 1459884492.993071
100 1459884493.136419
105 1459884493.273039
101 1459884493.369122
8 1459884493.632998
8 1459884493.769065
101 1459884493.832915
100 1459884494.104964
105 1459884494.289079
99 1459884494.377027
97 1459884494.473022
116 1459884494.553095
101 1459884494.672989
100 1459884494.857015
44 1459884494.944945
32 1459884495.048958
99 1459884495.193036
97 1459884495.281073
110 1459884495.384824
32 1459884495.480986
108 1459884495.577100
111 1459884495.744968
110 1459884495.784786
103 1459884495.904975
32 1459884496.000857
101 1459884496.136926
110 1459884496.224822
100 1459884496.448972
117 1459884496.592851
114 1459884496.696672
101 1459884496.753052
46 1459884496.960993
32 1459884497.024695
32 1459884497.161049
8 1459884497.576937
87 1459884497.840399
101 1459884498.008565
32 1459884498.120850
97 1459884498.433019
114 1459884498.520902
101 1459884498.616890
32 1459884498.728656
109 1459884498.873135
101 1459884498.936932
116 1459884499.048909
32 1459884499.144997
111 1459884499.248823
110 1459884499.320925
32 1459884499.416946
116 1459884499.505034
8 1459884499.808937
97 1459884499.912909
32 1459884499.928822
103 1459884500.392971
114 1459884500.560898
101 1459884500.616925
97 1459884500.713070
32 1459884500.945020
8 1459884501.376838
116 1459884501.464800
32 1459884501.624943
98 1459884501.816774
97 1459884501.944542
116 1459884502.416683
116 1459884502.544878
108 1459884502.632755
101 1459884502.712875
32 1459884502.864934
8 1459884503.200894
102 1459884503.257128
105 1459884503.384855
101 1459884503.496822
108 1459884503.616587
100 1459884503.712809
32 1459884503.976831
111 1459884504.112810
102 1459884504.200807
32 1459884504.272481
116 1459884504.360326
104 1459884504.448226
97 1459884504.520792
116 1459884504.568772
32 1459884504.608798
119 1459884504.744862
97 1459884504.864997
114 1459884504.944817
46 1459884505.248682
32 1459884505.368591
87 1459884505.776830
101 1459884505.976787
32 1459884506.096860
104 1459884506.376638
97 1459884506.432782
118 1459884506.512775
101 1459884506.616893
32 1459884506.712881
99 1459884506.888796
111 1459884506.920733
109 1459884507.016619
101 1459884507.128632
32 1459884507.200820
116 1459884507.328718
111 1459884507.408699
32 1459884507.496814
100 1459884507.616796
105 1459884507.816699
8 1459884508.096574
101 1459884508.144879
100 1459884508.352605
105 1459884508.568799
99 1459884508.664745
97 1459884508.784376
116 1459884508.856734
101 1459884508.968761
32 1459884509.200698
97 1459884509.328914
32 1459884509.440795
112 1459884509.552881
111 1459884509.712727
114 1459884509.792726
116 1459884509.944500
105 1459884510.032584
111 1459884510.120772
110 1459884510.200697
32 1459884510.352802
111 1459884510.464843
102 1459884510.544773
32 1459884510.616739
116 1459884510.720764
104 1459884510.792590
97 1459884510.880852
116 1459884510.928599
32 1459884510.992707
102 1459884511.128703
105 1459884512.024763
101 1459884512.456640
108 1459884512.640762
100 1459884512.776693
44 1459884513.088714
32 1459884513.200733
97 1459884513.304707
115 1459884513.408402
32 1459884513.552710
97 1459884513.648711
32 1459884513.744727
102 1459884514.080642
105 1459884514.240719
110 1459884514.344779
97 1459884514.432766
108 1459884514.544674
32 1459884514.648746
114 1459884514.864783
101 1459884514.944628
115 1459884515.088675
116 1459884515.176714
105 1459884515.264688
110 1459884515.320668
103 1459884515.384243
32 1459884515.472710
112 1459884515.616643
108 1459884515.704672
97 1459884515.784684
99 1459884515.864587
101 1459884516.064668
32 1459884516.144688
102 1459884516.232661
111 1459884516.320141
114 1459884516.400596
32 1459884516.464651
116 1459884516.584638
104 1459884516.688453
111 1459884516.792652
115 1459884516.904460
101 1459884517.000586
32 1459884517.152706
119 1459884517.264675
104 1459884517.360616
111 1459884517.432650
32 1459884517.544550
104 1459884517.832727
101 1459884517.920571
114 1459884518.016654
101 1459884518.128571
32 1459884518.248432
103 1459884518.360669
97 1459884518.456700
118 1459884518.632726
101 1459884518.736724
32 1459884518.824499
116 1459884518.976824
104 1459884519.088533
101 1459884519.208646
105 1459884519.376559
114 1459884519.471995
32 1459884519.592625
108 1459884519.752739
105 1459884519.880613
118 1459884519.984589
101 1459884520.088517
115 1459884520.224511
32 1459884520.520636
97 1459884520.640604
110 1459884520.736591
100 1459884520.832408
32 1459884520.904616
8 1459884521.312543
8 1459884521.480719
8 1459884521.632595
8 1459884521.768669
116 1459884521.848292
104 1459884521.960579
97 1459884522.024344
116 1459884522.064375
32 1459884522.152303
116 1459884522.336535
104 1459884522.464454
97 1459884522.584543
116 1459884522.632347
32 1459884522.728480
110 1459884522.880560
97 1459884523.000240
116 1459884523.128501
105 1459884523.224287
111 1459884523.296533
110 1459884523.336532
32 1459884523.455978
109 1459884523.600523
105 1459884523.752470
103 1459884523.864329
104 1459884523.944436
116 1459884524.040489
32 1459884524.144346
108 1459884524.520647
105 1459884524.648569
118 1459884524.728510
101 1459884524.848499
46 1459884525.016439
32 1459884525.088522
73 1459884525.632509
116 1459884525.864109
32 1459884526.184461
105 1459884526.304482
115 1459884526.384498
32 1459884526.496452
97 1459884526.640486
108 1459884526.752348
103 1459884526.944499
111 1459884527.080577
8 1459884527.616529
8 1459884527.744495
116 1459884527.824342
111 1459884528.016481
103 1459884528.159778
101 1459884528.272574
116 1459884528.352398
104 1459884528.472427
101 1459884528.560592
114 1459884528.624478
32 1459884528.696462
102 1459884528.912440
105 1459884529.024209
116 1459884529.152354
116 1459884529.296378
105 1459884529.360097
110 1459884529.424546
103 1459884529.487806
32 1459884529.544383
97 1459884529.648534
110 1459884529.712591
100 1459884529.800409
32 1459884529.872203
112 1459884529.952477
114 1459884530.056463
111 1459884530.152536
101 1459884530.920469
114 1459884531.000440
8 1459884531.272424
8 1459884531.384363
112 1459884531.568337
101 1459884531.608392
114 1459884531.680414
32 1459884531.816327
116 1459884531.920001
104 1459884532.024114
97 1459884532.080497
116 1459884532.128289
32 1459884532.176427
119 1459884532.288384
101 1459884532.368290
32 1459884532.464414
115 1459884532.560537
104 1459884532.664358
111 1459884532.768370
117 1459884532.872485
108 1459884532.944137
100 1459884533.008198
32 1459884533.096433
100 1459884533.192535
111 1459884533.272327
32 1459884533.384400
116 1459884533.504450
104 1459884533.599927
105 1459884533.688377
115 1459884533.784347
46 1459884533.960351
10 1459884534.216455
10 1459884534.768384
66 1459884535.776346
117 1459884536.008007
116 1459884536.104422
32 1459884536.232622
8 1459884536.600416
44 1459884536.752301
32 1459884536.856316
105 1459884537.080304
110 1459884537.144057
32 1459884537.256317
97 1459884537.472317
32 1459884537.568320
108 1459884537.736413
97 1459884537.832355
114 1459884537.904309
103 1459884538.064023
101 1459884538.160320
114 1459884538.240193
32 1459884538.344253
115 1459884538.472254
101 1459884538.576185
110 1459884538.664297
115 1459884538.736276
101 1459884538.840277
44 1459884539.111958
32 1459884539.200212
119 1459884539.296006
101 1459884539.384274
32 1459884539.528185
99 1459884539.688376
97 1459884539.744155
110 1459884539.864301
32 1459884540.000296
110 1459884540.152262
111 1459884540.232210
116 1459884540.336340
32 1459884540.424088
100 1459884540.560232
101 1459884540.784250
100 1459884540.976387
105 1459884541.184209
99 1459884541.264385
97 1459884541.352220
116 1459884541.432249
101 1459884541.528213
44 1459884541.848321
32 1459884541.952258
97 1459884542.040206
110 1459884542.120175
100 1459884542.208386
32 1459884542.336298
8 1459884542.592363
8 1459884542.760219
8 1459884542.904243
8 1459884543.031911
119 1459884543.072207
101 1459884543.144124
32 1459884543.248086
99 1459884543.375606
97 1459884543.448235
110 1459884543.568226
32 1459884543.815782
110 1459884543.919495
111 1459884544.015815
116 1459884544.152010
32 1459884544.271908
99 1459884544.415514
111 1459884544.535840
110 1459884544.616267
115 1459884544.768195
101 1459884544.896188
99 1459884545.192150
114 1459884545.368295
97 1459884545.464283
116 1459884545.552129
101 1459884545.616222
44 1459884545.768098
32 1459884545.880188
119 1459884546.136120
101 1459884546.208089
32 1459884546.328398
99 1459884546.424153
97 1459884546.512197
110 1459884546.624115
32 1459884546.792161
110 1459884546.960027
111 1459884547.056196
116 1459884547.183971
32 1459884547.304416
104 1459884547.704114
97 1459884547.807999
108 1459884547.968004
108 1459884548.104272
111 1459884548.279952
119 1459884548.359822
32 1459884548.544242
116 1459884548.648253
104 1459884548.719903
105 1459884548.800136
115 1459884548.864069
32 1459884548.944130
103 1459884549.048279
114 1459884549.191637
111 1459884549.272128
117 1459884549.360125
110 1459884549.535990
100 1459884549.608091
46 1459884549.752175
32 1459884549.815906
84 1459884550.224087
104 1459884550.391557
101 1459884550.512083
32 1459884550.608079
98 1459884550.728016
114 1459884550.904066
97 1459884551.032152
98 1459884551.184023
8 1459884551.528106
118 1459884551.567956
101 1459884551.672026
32 1459884551.775991
109 1459884551.952042
101 1459884552.040053
110 1459884552.160146
44 1459884552.360168
32 1459884552.472043
108 1459884552.648157
105 1459884552.775887
118 1459884552.864073
105 1459884552.976063
110 1459884553.040226
103 1459884553.112093
32 1459884553.183612
97 1459884553.295873
110 1459884553.344014
100 1459884553.471968
32 1459884553.544142
100 1459884553.728023
101 1459884553.879977
97 1459884553.960111
100 1459884554.056083
44 1459884554.264023
32 1459884554.359978
119 1459884554.495864
104 1459884554.600220
111 1459884554.696027
32 1459884554.800092
115 1459884554.920111
105 1459884555.063984
8 1459884555.311989
116 1459884555.351431
114 1459884555.504003
117 1459884555.615567
103 1459884555.727994
103 1459884555.855897
108 1459884555.952011
101 1459884556.031880
100 1459884556.208017
32 1459884556.296003
116 1459884556.503414
104 1459884556.607983
8 1459884556.879916
8 1459884556.999905
104 1459884557.111460
101 1459884557.175975
114 1459884557.247965
101 1459884557.351953
44 1459884557.559896
32 1459884557.672041
104 1459884557.855519
97 1459884557.943935
118 1459884557.991930
101 1459884558.096175
32 1459884558.207986
99 1459884558.535998
111 1459884558.599964
110 1459884558.687945
115 1459884558.847870
101 1459884558.959728
99 1459884559.152103
114 1459884559.279884
97 1459884559.399828
116 1459884559.479685
101 1459884559.567140
100 1459884559.743901
32 1459884559.911976
105 1459884560.015676
116 1459884560.111941
44 1459884560.359975
32 1459884560.479976
102 1459884560.631869
102 1459884560.807876
8 1459884561.135906
97 1459884561.247780
114 1459884561.343787
32 1459884561.511949
109 1459884561.671930
8 1459884561.920122
97 1459884561.991899
98 1459884562.095842
111 1459884562.207932
118 1459884562.319796
101 1459884562.423950
32 1459884562.535932
111 1459884562.775887
117 1459884562.943841
114 1459884563.047790
32 1459884563.127820
112 1459884563.239865
111 1459884563.383700
111 1459884563.511847
114 1459884563.591789
32 1459884563.736013
112 1459884563.919808
111 1459884564.031576
119 1459884564.128030
101 1459884564.295876
114 1459884564.383511
32 1459884564.567885
116 1459884564.703272
111 1459884564.783252
32 1459884564.887865
97 1459884565.263929
100 1459884565.312026
100 1459884565.487795
32 1459884565.703895
111 1459884565.871600
114 1459884565.935846
32 1459884566.039687
100 1459884566.175876
101 1459884566.375710
116 1459884566.599836
114 1459884566.775779
97 1459884566.879805
99 1459884566.983777
116 1459884567.127540
46 1459884567.303640
32 1459884567.359439
116 1459884567.783256
8 1459884568.151212
84 1459884568.391544
104 1459884568.543563
101 1459884568.647799
32 1459884568.767499
119 1459884568.895243
111 1459884568.983749
114 1459884569.079329
108 1459884569.167827
100 1459884569.263754
32 1459884569.359750
119 1459884569.519703
105 1459884569.631793
108 1459884569.727712
108 1459884569.855878
32 1459884569.943851
108 1459884570.143835
105 1459884570.239661
116 1459884570.391704
116 1459884570.543600
108 1459884570.615687
101 1459884570.703715
32 1459884570.783892
110 1459884570.927646
111 1459884571.015901
116 1459884571.127742
101 1459884571.239835
44 1459884571.399945
32 1459884571.495609
110 1459884571.639928
111 1459884571.735805
114 1459884571.879640
32 1459884572.055756
108 1459884572.239713
111 1459884572.471451
110 1459884572.535735
103 1459884572.607492
32 1459884572.727147
114 1459884572.895419
101 1459884572.983085
109 1459884573.071540
101 1459884573.175161
109 1459884573.207715
98 1459884573.351567
101 1459884573.463660
114 1459884573.527664
32 1459884573.759730
119 1459884573.863727
104 1459884573.959107
97 1459884574.031712
116 1459884574.079446
32 1459884574.167470
119 1459884574.247760
101 1459884574.327680
32 1459884574.407788
115 1459884574.607546
97 1459884574.767690
121 1459884574.935737
32 1459884575.047820
104 1459884575.159374
101 1459884575.239524
114 1459884575.319666
101 1459884575.391725
44 1459884575.495672
32 1459884575.599800
98 1459884575.815566
117 1459884575.919702
116 1459884575.999712
32 1459884576.087773
105 1459884576.167689
116 1459884576.247614
32 1459884576.335382
105 1459884576.423696
8 1459884576.783740
99 1459884576.807702
97 1459884576.879590
110 1459884576.983670
32 1459884577.079456
110 1459884577.279699
101 1459884577.367674
118 1459884577.479615
101 1459884577.599666
114 1459884577.679556
32 1459884577.751735
102 1459884577.863589
111 1459884577.935615
114 1459884578.039571
103 1459884578.167162
101 1459884578.263458
116 1459884578.367527
32 1459884578.463685
119 1459884578.671397
104 1459884578.783663
97 1459884578.863463
116 1459884578.895629
32 1459884578.991369
116 1459884579.271531
104 1459884579.367645
101 1459884579.431588
121 1459884579.543309
32 1459884579.623615
100 1459884579.695478
105 1459884579.783688
100 1459884579.878706
32 1459884579.991624
104 1459884580.127420
101 1459884580.191510
114 1459884580.255076
101 1459884580.359411
46 1459884580.470981
32 1459884580.551614
73 1459884581.255432
116 1459884581.471596
32 1459884581.631541
105 1459884581.791472
115 1459884581.895468
32 1459884581.999462
102 1459884582.159440
111 1459884582.247529
114 1459884582.327626
32 1459884582.431580
117 1459884582.567076
115 1459884582.631553
44 1459884582.847124
32 1459884582.951577
8 1459884583.351372
8 1459884583.519203
32 1459884584.135558
116 1459884584.319497
104 1459884584.439207
101 1459884584.543461
32 1459884584.631695
108 1459884584.751505
105 1459884584.847579
118 1459884584.951496
105 1459884585.039657
110 1459884585.119535
103 1459884585.215457
44 1459884585.343528
32 1459884585.431515
114 1459884585.551212
97 1459884585.663230
116 1459884585.742980
104 1459884585.847528
101 1459884585.911529
114 1459884585.975689
44 1459884586.103306
32 1459884586.207536
116 1459884586.383392
111 1459884586.479419
32 1459884586.559578
98 1459884586.623333
101 1459884586.759393
32 1459884586.863469
100 1459884586.967358
101 1459884587.143490
100 1459884587.319526
105 1459884587.439476
99 1459884587.535525
97 1459884587.631508
116 1459884587.695598
101 1459884587.791398
100 1459884587.951674
32 1459884588.039418
104 1459884588.151471
101 1459884588.215451
114 1459884588.302972
101 1459884588.383464
32 1459884588.495435
116 1459884588.590916
111 1459884588.687297
32 1459884588.775416
116 1459884589.039425
104 1459884589.143301
101 1459884589.215184
32 1459884589.295193
117 1459884589.463220
110 1459884589.615424
102 1459884589.783558
105 1459884590.175276
110 1459884590.255487
105 1459884590.407411
115 1459884590.487419
104 1459884590.599273
101 1459884590.671513
100 1459884590.831351
32 1459884590.903147
119 1459884591.023413
111 1459884591.119441
114 1459884591.183374
107 1459884591.311347
32 1459884591.423420
119 1459884591.519428
104 1459884591.639429
105 1459884591.743295
99 1459884591.791402
104 1459884591.903419
32 1459884592.015564
119 1459884592.127545
8 1459884592.463530
116 1459884592.575546
104 1459884592.711480
101 1459884592.823411
121 1459884592.927334
32 1459884593.039590
104 1459884593.255399
111 1459884593.375043
8 1459884593.791340
8 1459884593.919494
119 1459884593.982516
104 1459884594.063532
111 1459884594.143356
32 1459884594.263229
102 1459884594.431432
97 1459884594.575333
117 1459884594.687367
8 1459884595.183366
8 1459884595.327366
111 1459884595.511111
117 1459884595.647363
103 1459884595.735255
104 1459884595.847414
116 1459884595.935368
32 1459884596.063043
104 1459884596.271292
101 1459884596.327327
114 1459884596.423340
101 1459884596.527134
32 1459884596.631328
104 1459884596.783297
97 1459884596.887561
118 1459884596.935342
101 1459884597.071261
32 1459884597.159359
116 1459884597.375485
104 1459884597.471323
117 1459884597.631273
115 1459884597.695311
32 1459884597.815253
102 1459884597.911279
97 1459884598.023386
114 1459884598.111443
32 1459884598.239313
115 1459884598.367460
111 1459884598.471329
32 1459884598.559381
110 1459884598.718573
111 1459884598.814647
98 1459884598.943453
108 1459884599.095258
121 1459884599.271211
32 1459884599.391394
97 1459884599.503471
100 1459884599.639250
118 1459884599.823278
97 1459884599.911248
110 1459884599.999305
99 1459884600.119160
101 1459884600.295314
100 1459884600.479280
46 1459884600.543468
32 1459884600.639235
73 1459884600.983363
116 1459884601.167418
32 1459884601.343395
105 1459884601.951218
115 1459884602.015066
32 1459884602.103445
114 1459884602.215314
97 1459884602.311292
116 1459884602.407263
104 1459884602.510957
101 1459884602.567263
114 1459884602.631196
32 1459884602.782940
102 1459884602.927290
111 1459884603.079263
114 1459884603.255159
32 1459884603.511118
117 1459884603.679139
115 1459884603.743311
32 1459884603.959200
116 1459884604.134878
111 1459884604.263213
32 1459884604.351278
98 1459884604.487344
101 1459884604.615172
32 1459884604.711136
104 1459884604.839183
101 1459884604.895188
114 1459884604.975354
101 1459884605.071240
32 1459884605.383214
100 1459884605.502899
101 1459884605.687279
100 1459884605.863111
105 1459884605.983187
99 1459884606.071148
97 1459884606.175219
116 1459884606.223182
101 1459884606.327106
100 1459884606.487145
32 1459884606.647230
116 1459884606.767155
111 1459884606.839208
32 1459884606.927067
116 1459884606.982900
104 1459884607.086887
101 1459884607.111058
32 1459884607.206879
103 1459884607.278866
114 1459884607.422963
101 1459884607.479008
97 1459884607.575200
116 1459884607.607020
32 1459884607.727171
116 1459884607.894817
97 1459884608.023092
115 1459884608.103096
107 1459884608.239260
32 1459884608.383225
114 1459884608.623072
101 1459884608.711105
109 1459884608.807047
97 1459884608.895106
105 1459884609.030907
110 1459884609.086688
105 1459884609.302901
110 1459884609.343215
103 1459884609.455072
32 1459884609.567110
98 1459884609.846992
101 1459884609.991099
102 1459884610.071119
111 1459884610.166986
114 1459884610.239129
101 1459884610.287121
32 1459884610.383015
117 1459884610.822880
115 1459884610.879065
45 1459884611.167087
116 1459884611.502859
104 1459884611.599105
97 1459884611.767064
116 1459884611.870997
32 1459884612.023038
102 1459884612.223134
111 1459884612.326965
114 1459884612.439107
8 1459884612.695066
8 1459884612.815128
114 1459884612.863031
111 1459884612.951082
109 1459884613.030886
32 1459884613.119042
116 1459884613.478955
104 1459884613.559054
101 1459884613.631092
115 1459884613.743071
101 1459884613.831036
32 1459884613.943035
104 1459884614.158920
111 1459884614.230997
110 1459884614.350852
111 1459884614.598903
114 1459884614.687014
101 1459884614.766916
100 1459884614.950952
32 1459884615.055064
100 1459884615.190981
101 1459884615.343196
97 1459884615.439160
100 1459884615.535038
32 1459884615.694939
119 1459884615.830884
101 1459884615.942976
32 1459884616.055058
100 1459884616.222868
8 1459884616.510833
116 1459884616.575042
97 1459884616.663050
107 1459884616.822834
101 1459884616.966972
32 1459884617.079093
105 1459884617.246972
110 1459884617.311209
99 1459884617.494938
114 1459884617.678734
101 1459884617.750971
97 1459884617.854948
115 1459884617.934922
101 1459884617.998971
100 1459884618.174920
32 1459884618.286226
100 1459884619.118825
101 1459884619.302452
118 1459884619.454981
111 1459884619.574832
116 1459884619.734923
105 1459884619.814765
111 1459884619.886671
110 1459884619.950956
32 1459884620.070646
116 1459884620.222923
111 1459884620.310885
32 1459884620.391006
116 1459884620.454915
104 1459884620.542931
97 1459884620.591014
116 1459884620.646843
32 1459884620.727004
99 1459884620.870926
97 1459884620.990934
117 1459884621.118936
115 1459884621.206764
101 1459884621.294935
32 1459884621.414910
102 1459884621.559004
111 1459884621.678946
114 1459884621.791027
32 1459884621.902923
116 1459884622.062967
8 1459884622.326966
119 1459884622.374705
104 1459884622.470918
105 1459884622.566878
99 1459884622.614760
104 1459884622.742933
32 1459884622.838888
116 1459884623.118941
104 1459884623.238901
101 1459884623.318855
121 1459884623.414862
32 1459884623.510833
99 1459884623.598953
8 1459884623.838963
103 1459884623.902760
97 1459884623.959074
118 1459884624.078883
101 1459884624.446854
32 1459884624.590904
116 1459884624.726882
104 1459884624.830413
101 1459884624.910929
32 1459884624.998870
108 1459884625.102672
97 1459884625.174870
115 1459884625.246987
116 1459884625.374756
32 1459884625.486849
102 1459884625.582792
117 1459884625.703033
108 1459884625.790861
108 1459884625.926568
32 1459884626.014823
109 1459884626.430949
101 1459884626.534764
97 1459884626.630603
115 1459884626.734791
117 1459884626.862800
114 1459884626.950516
101 1459884627.014951
32 1459884627.134788
111 1459884627.278681
102 1459884627.366184
32 1459884627.437993
100 1459884627.958045
101 1459884628.134076
118 1459884628.285875
111 1459884628.397970
116 1459884628.549895
105 1459884628.637873
111 1459884628.694061
110 1459884628.758110
32 1459884628.901785
45 1459884629.054186
8 1459884629.558677
8 1459884629.686620
45 1459884629.894555
116 1459884630.206830
104 1459884630.310786
97 1459884630.350886
116 1459884630.398492
32 1459884630.526731
119 1459884630.654337
101 1459884630.742451
32 1459884630.862918
104 1459884631.134166
101 1459884631.206001
114 1459884631.302078
101 1459884631.406226
32 1459884631.502119
104 1459884631.950662
105 1459884632.086689
103 1459884632.190706
104 1459884632.294749
108 1459884632.478132
121 1459884632.630436
32 1459884632.742754
114 1459884632.846261
101 1459884632.910417
115 1459884633.030237
111 1459884633.158721
108 1459884633.310862
118 1459884633.398057
101 1459884633.510735
32 1459884633.670550
116 1459884634.102346
104 1459884634.198832
97 1459884634.270542
116 1459884634.302339
32 1459884634.414842
116 1459884634.526324
104 1459884634.582612
101 1459884634.678839
115 1459884634.814889
101 1459884634.894605
32 1459884635.014689
100 1459884635.110717
101 1459884635.270748
97 1459884635.398640
100 1459884635.478896
32 1459884635.606790
115 1459884635.839011
104 1459884635.918612
97 1459884636.014669
108 1459884636.118730
108 1459884636.254636
32 1459884636.342743
110 1459884636.486660
111 1459884636.606717
116 1459884636.726648
32 1459884636.830572
104 1459884637.158608
97 1459884637.230696
118 1459884637.278615
101 1459884637.374751
32 1459884637.454513
100 1459884637.590651
105 1459884637.702202
101 1459884637.790692
100 1459884637.950419
32 1459884638.015497
105 1459884638.134602
110 1459884638.190635
32 1459884638.278574
118 1459884638.398341
97 1459884638.502670
105 1459884638.622617
110 1459884638.718635
45 1459884638.990057
116 1459884639.294640
104 1459884639.390105
97 1459884639.454615
116 1459884639.494643
32 1459884639.606518
116 1459884639.814607
104 1459884639.894695
105 1459884639.974614
115 1459884640.038697
32 1459884640.174608
110 1459884640.670605
97 1459884640.750717
116 1459884640.894698
105 1459884640.974563
111 1459884641.054566
110 1459884641.094621
44 1459884641.670704
32 1459884641.790561
117 1459884642.046518
110 1459884642.214215
100 1459884642.270581
101 1459884642.406580
114 1459884642.494539
32 1459884642.614443
71 1459884642.878616
111 1459884643.038224
100 1459884643.126322
44 1459884643.286557
32 1459884643.390276
115 1459884643.518538
104 1459884643.638349
97 1459884643.710469
112 1459884643.838719
8 1459884644.134650
108 1459884644.302343
108 1459884644.438543
32 1459884644.558479
104 1459884644.766443
97 1459884644.838567
118 1459884644.886465
101 1459884644.990552
32 1459884645.054568
97 1459884645.142453
32 1459884645.182757
110 1459884645.286515
101 1459884645.382429
119 1459884645.462459
32 1459884645.566492
98 1459884645.750439
105 1459884645.806510
114 1459884645.918478
116 1459884646.054507
104 1459884646.150479
32 1459884646.286648
111 1459884646.374504
102 1459884646.454412
32 1459884646.534571
102 1459884646.846799
114 1459884647.046438
101 1459884647.142571
101 1459884647.286622
100 1459884647.446475
111 1459884647.526351
109 1459884647.606531
45 1459884647.870455
97 1459884648.158585
110 1459884648.254377
100 1459884648.350321
32 1459884648.478435
116 1459884648.590379
104 1459884648.670331
97 1459884648.750453
116 1459884648.790363
32 1459884648.910207
103 1459884649.293803
111 1459884649.406455
118 1459884649.542480
101 1459884649.686368
114 1459884649.766240
110 1459884649.982474
109 1459884650.446455
101 1459884650.582444
110 1459884650.686319
116 1459884650.758375
32 1459884650.918457
111 1459884651.038431
102 1459884651.102427
32 1459884651.190442
116 1459884651.262381
104 1459884651.350440
101 1459884651.374209
32 1459884651.478035
112 1459884651.598371
101 1459884651.702430
111 1459884651.766394
112 1459884651.846553
108 1459884651.958525
101 1459884651.974404
44 1459884652.166415
32 1459884652.310581
98 1459884652.454255
117 1459884652.566424
116 1459884652.662495
8 1459884653.030086
8 1459884653.230394
121 1459884653.422571
32 1459884653.510118
116 1459884653.630381
104 1459884653.710394
101 1459884653.790441
32 1459884653.870465
112 1459884653.958315
101 1459884654.046429
111 1459884654.102397
112 1459884654.206384
101 1459884654.334423
8 1459884654.910357
108 1459884655.078450
101 1459884655.206377
44 1459884655.862356
32 1459884656.758513
102 1459884656.878267
111 1459884657.030032
114 1459884657.150322
32 1459884657.310251
116 1459884657.406395
104 1459884657.478336
101 1459884657.542341
32 1459884657.630374
112 1459884657.718150
101 1459884657.822514
111 1459884657.885841
112 1459884657.958336
108 1459884658.054309
101 1459884658.134048
32 1459884658.246308
8 1459884658.550334
44 1459884658.654390
32 1459884658.774355
115 1459884659.094001
104 1459884659.230261
97 1459884659.302514
108 1459884659.398209
108 1459884659.526297
32 1459884659.590354
110 1459884659.702069
111 1459884659.774224
116 1459884659.853739
32 1459884659.958254
112 1459884660.102365
101 1459884660.214191
114 1459884660.294268
105 1459884660.486479
115 1459884660.590420
104 1459884660.678263
32 1459884660.782261
102 1459884660.878468
114 1459884661.021830
111 1459884661.078365
109 1459884661.166409
32 1459884661.230352
116 1459884661.270519
104 1459884661.373746
101 1459884661.454293
32 1459884661.590479
101 1459884661.750241
97 1459884661.894237
114 1459884661.925972
116 1459884662.085785
104 1459884662.166188
46 1459884662.382096
10 1459884662.966195
10 1459884663.974205
