70 1454612427.922853
111 1454612428.116265
117 1454612428.300464
114 1454612428.420327
70 1454612430.684522
111 1454612430.996498
117 1454612431.084538
114 1454612431.252309
32 1454612431.572428
115 1454612431.972505
99 1454612432.164456
111 1454612432.284435
114 1454612432.388113
101 1454612432.468514
32 1454612432.628496
97 1454612432.732522
110 1454612432.828251
100 1454612432.932029
32 1454612433.068457
115 1454612433.540465
101 1454612433.668201
118 1454612433.900364
101 1454612434.580402
110 1454612434.684399
32 1454612434.812476
121 1454612435.100475
101 1454612435.228358
97 1454612435.276416
114 1454612435.388443
115 1454612435.548355
32 1454612435.644507
97 1454612435.796299
103 1454612435.972481
103 1454612436.028419
111 1454612436.164321
8 1454612437.244233
8 1454612437.388396
111 1454612437.748142
32 1454612439.404351
111 1454612439.564465
117 1454612439.668311
114 1454612439.756381
32 1454612439.836339
102 1454612439.956352
97 1454612440.076326
116 1454612440.164437
104 1454612440.260083
101 1454612440.356154
114 1454612440.428178
115 1454612440.556138
32 1454612440.620377
98 1454612440.804469
114 1454612440.996311
111 1454612441.132463
117 1454612441.220397
103 1454612441.332352
104 1454612441.436206
116 1454612441.532232
32 1454612441.676033
102 1454612441.820351
111 1454612441.940342
114 1454612442.020263
116 1454612442.172102
104 1454612442.260273
32 1454612442.388276
111 1454612442.492210
110 1454612442.628088
32 1454612442.756394
116 1454612442.924333
104 1454612443.020244
105 1454612443.140334
115 1454612443.228495
32 1454612443.332281
99 1454612443.460251
111 1454612443.540306
110 1454612443.636339
116 1454612443.828330
105 1454612443.988245
110 1454612444.084226
101 1454612444.252222
110 1454612444.380341
116 1454612444.492327
32 1454612444.652282
97 1454612444.812065
32 1454612444.908392
110 1454612445.076327
101 1454612445.212289
119 1454612445.284333
32 1454612445.548350
110 1454612445.748119
97 1454612445.900222
116 1454612445.988274
105 1454612446.092186
111 1454612446.156271
110 1454612446.220220
44 1454612446.580296
32 1454612446.732323
99 1454612446.956274
111 1454612447.068380
110 1454612447.148352
99 1454612447.404222
101 1454612448.259713
105 1454612448.796179
118 1454612449.084030
101 1454612449.260234
100 1454612449.420063
32 1454612449.580222
105 1454612449.708273
110 1454612449.779704
32 1454612449.884272
108 1454612450.052207
105 1454612450.188284
98 1454612450.291718
101 1454612450.460160
114 1454612450.547747
116 1454612450.700057
121 1454612450.788284
44 1454612451.020254
32 1454612451.140252
97 1454612451.212185
110 1454612451.292236
100 1454612451.396207
32 1454612451.468243
100 1454612451.652058
101 1454612451.812217
100 1454612452.020036
105 1454612452.164110
99 1454612452.244033
97 1454612452.356165
116 1454612452.428154
101 1454612452.564157
100 1454612452.732151
32 1454612452.812120
116 1454612452.947694
111 1454612453.028284
32 1454612453.092168
116 1454612453.180211
104 1454612453.260224
101 1454612453.324167
32 1454612453.396174
112 1454612453.572059
114 1454612453.836329
111 1454612454.051965
112 1454612454.436033
111 1454612454.692194
115 1454612454.844066
105 1454612455.051438
116 1454612455.171923
105 1454612455.300117
111 1454612455.372149
110 1454612455.476195
32 1454612455.804262
116 1454612455.995981
104 1454612456.099611
97 1454612456.211851
116 1454612456.267999
32 1454612456.372242
97 1454612456.492108
108 1454612456.580119
108 1454612456.708098
32 1454612456.788192
109 1454612456.907987
101 1454612457.003769
110 1454612457.107908
32 1454612457.228189
97 1454612457.355705
114 1454612457.443881
101 1454612457.548155
32 1454612457.660195
99 1454612457.860031
114 1454612458.052149
101 1454612458.108053
97 1454612458.220141
116 1454612458.316171
101 1454612458.404246
100 1454612458.564097
32 1454612458.660149
101 1454612458.883555
113 1454612459.020072
117 1454612459.148147
97 1454612459.244032
108 1454612459.340136
46 1454612459.596184
32 1454612459.692150
32 1454612459.820043
78 1454612460.628001
111 1454612460.788129
119 1454612460.883985
32 1454612461.147870
119 1454612462.003534
101 1454612462.116005
32 1454612462.260036
97 1454612462.980026
114 1454612463.043883
101 1454612463.164081
32 1454612463.316023
101 1454612463.604119
110 1454612463.715858
103 1454612463.876331
97 1454612464.011899
103 1454612464.067943
101 1454612464.228027
100 1454612464.404184
32 1454612464.483912
105 1454612464.611895
110 1454612464.684076
32 1454612464.779618
97 1454612464.851659
32 1454612464.932108
103 1454612465.083856
114 1454612465.260116
101 1454612465.316031
97 1454612465.428009
116 1454612465.475867
32 1454612466.044084
99 1454612466.380058
105 1454612466.532032
118 1454612466.675980
105 1454612466.812015
108 1454612466.963959
32 1454612467.100006
119 1454612467.227780
97 1454612467.419996
114 1454612467.523881
44 1454612467.771975
32 1454612467.900046
116 1454612468.067656
101 1454612468.204027
115 1454612468.331885
116 1454612468.419899
105 1454612468.499990
110 1454612468.579831
103 1454612468.627915
32 1454612468.772020
119 1454612469.323912
104 1454612469.516022
101 1454612469.723931
116 1454612469.859923
104 1454612469.963975
101 1454612470.067934
114 1454612470.132021
32 1454612470.235917
116 1454612470.388042
104 1454612470.483408
97 1454612470.556028
116 1454612470.603791
32 1454612470.691800
110 1454612470.860046
97 1454612470.972010
116 1454612471.060016
105 1454612471.203897
111 1454612471.291976
110 1454612471.403867
44 1454612471.755875
32 1454612471.860061
111 1454612471.995977
114 1454612472.076005
32 1454612472.163572
97 1454612472.275811
110 1454612472.372069
121 1454612472.588059
32 1454612472.675964
110 1454612472.883495
97 1454612473.019895
116 1454612473.107963
105 1454612473.243898
111 1454612473.363948
110 1454612473.524071
32 1454612473.827880
115 1454612473.971846
111 1454612474.091910
32 1454612474.195899
99 1454612474.315881
111 1454612474.444064
110 1454612474.523867
99 1454612474.683960
101 1454612475.163688
105 1454612475.395910
118 1454612475.611962
101 1454612475.763838
100 1454612475.932006
32 1454612476.291820
97 1454612476.387768
110 1454612476.467906
100 1454612476.555829
32 1454612476.676030
115 1454612476.763879
111 1454612476.843481
32 1454612476.931832
100 1454612477.075817
101 1454612477.291901
100 1454612477.475912
105 1454612477.627818
99 1454612477.715833
97 1454612477.867854
116 1454612477.931911
101 1454612478.059815
100 1454612478.235703
44 1454612478.371916
32 1454612478.499812
99 1454612478.723913
97 1454612478.803769
110 1454612478.892028
32 1454612478.987716
108 1454612479.107820
111 1454612479.291876
110 1454612479.355831
103 1454612479.451768
32 1454612479.547478
101 1454612479.675865
110 1454612479.779420
100 1454612479.995829
117 1454612480.163855
114 1454612480.267641
101 1454612480.347804
46 1454612480.555872
32 1454612480.675950
32 1454612480.795812
87 1454612481.075665
101 1454612481.307801
32 1454612481.435994
97 1454612481.891858
114 1454612481.971779
101 1454612482.067569
32 1454612482.163651
109 1454612482.307848
101 1454612482.395849
116 1454612482.507850
32 1454612482.651883
111 1454612482.819745
110 1454612482.891424
32 1454612482.995850
97 1454612483.083808
32 1454612483.163719
103 1454612483.443347
114 1454612483.627875
101 1454612483.683545
97 1454612483.787831
116 1454612483.819671
32 1454612484.059652
98 1454612484.299732
97 1454612484.451378
116 1454612484.579738
116 1454612484.707562
108 1454612484.803711
101 1454612484.907228
32 1454612485.051188
8 1454612485.891851
102 1454612486.187846
105 1454612486.307773
101 1454612487.987507
108 1454612488.123565
100 1454612488.259956
32 1454612488.499735
111 1454612488.651585
102 1454612488.739224
32 1454612488.827851
116 1454612488.939710
104 1454612488.995252
97 1454612489.107746
116 1454612489.155739
32 1454612489.235587
119 1454612489.411764
97 1454612489.531404
114 1454612489.619418
46 1454612489.867722
32 1454612489.963686
32 1454612490.091516
87 1454612490.412345
101 1454612490.595794
32 1454612490.691779
104 1454612490.843750
97 1454612490.939949
118 1454612491.011445
101 1454612491.131709
32 1454612491.171828
99 1454612491.323473
111 1454612491.371760
109 1454612491.443775
101 1454612491.619560
32 1454612491.731684
116 1454612491.843717
111 1454612491.923228
32 1454612492.003364
100 1454612492.187660
101 1454612492.371622
100 1454612492.563651
105 1454612492.731725
99 1454612492.819758
97 1454612492.915637
116 1454612493.003283
101 1454612493.115720
32 1454612493.691591
97 1454612493.803595
32 1454612493.899693
112 1454612494.043217
111 1454612494.251641
114 1454612494.371708
116 1454612494.579455
105 1454612494.739599
111 1454612494.875557
110 1454612495.003266
32 1454612495.155696
111 1454612495.243624
102 1454612495.339519
32 1454612495.387760
116 1454612495.715422
104 1454612495.835403
97 1454612495.947681
116 1454612495.995152
32 1454612496.115637
102 1454612496.315487
105 1454612497.403202
101 1454612497.555606
108 1454612497.851156
100 1454612498.131575
44 1454612498.907560
32 1454612499.027597
97 1454612499.275534
115 1454612499.443590
32 1454612499.611123
97 1454612499.707638
32 1454612499.795293
102 1454612499.947619
105 1454612500.059560
110 1454612500.147606
97 1454612500.235635
108 1454612500.331510
32 1454612500.435598
114 1454612500.627541
101 1454612500.715329
115 1454612500.891089
116 1454612500.995603
105 1454612501.083439
110 1454612501.147604
103 1454612501.219248
32 1454612501.331572
112 1454612501.483605
108 1454612501.603585
97 1454612501.707621
99 1454612501.795525
101 1454612502.003242
32 1454612502.099628
102 1454612502.187552
111 1454612502.275486
114 1454612502.411030
32 1454612502.635653
116 1454612502.819375
104 1454612502.922808
111 1454612503.043635
115 1454612503.115375
101 1454612503.211158
32 1454612503.347513
119 1454612503.443502
104 1454612503.547488
111 1454612503.651570
32 1454612503.779537
104 1454612503.979473
101 1454612504.107276
114 1454612504.178968
101 1454612504.283262
32 1454612504.403305
103 1454612505.419587
97 1454612505.555542
118 1454612505.643538
101 1454612505.819465
32 1454612505.947141
116 1454612506.115307
104 1454612506.235444
101 1454612507.315540
105 1454612507.451421
114 1454612507.555453
32 1454612507.675638
108 1454612507.867555
105 1454612507.979487
118 1454612508.075503
101 1454612508.187466
115 1454612508.307362
32 1454612508.435461
116 1454612508.555510
104 1454612508.627306
97 1454612508.699536
116 1454612508.763511
32 1454612508.811394
116 1454612508.971020
104 1454612509.082877
97 1454612509.171673
116 1454612509.227278
32 1454612509.307564
110 1454612509.451516
97 1454612509.555459
116 1454612509.731168
105 1454612509.835459
111 1454612509.947457
110 1454612510.107396
32 1454612510.283425
110 1454612510.451444
8 1454612510.915524
109 1454612511.075518
105 1454612511.291414
103 1454612511.419466
104 1454612511.515424
116 1454612511.619190
32 1454612511.755344
108 1454612512.243440
105 1454612512.387502
118 1454612512.483427
101 1454612512.611418
46 1454612512.779526
32 1454612512.867435
32 1454612512.979367
73 1454612513.258845
116 1454612513.411444
32 1454612513.539625
105 1454612513.827443
115 1454612513.931363
32 1454612514.363043
97 1454612514.643429
108 1454612514.763173
116 1454612514.987088
111 1454612515.154980
103 1454612515.411217
101 1454612515.667329
116 1454612515.850939
104 1454612515.979283
101 1454612516.083411
114 1454612516.147269
32 1454612516.267429
108 1454612516.427457
8 1454612517.003084
102 1454612517.099561
105 1454612517.243250
116 1454612517.363407
116 1454612517.491306
105 1454612517.587392
110 1454612517.650985
103 1454612517.731308
32 1454612517.867276
97 1454612518.259233
110 1454612518.355307
100 1454612518.443211
32 1454612518.531380
112 1454612518.667317
114 1454612518.763341
111 1454612518.867294
112 1454612519.051374
101 1454612519.155283
114 1454612519.235073
32 1454612519.347104
116 1454612519.467339
104 1454612519.571370
97 1454612519.619757
116 1454612519.675124
32 1454612519.747512
119 1454612519.867277
101 1454612519.947269
32 1454612520.042896
115 1454612520.155094
104 1454612520.243339
111 1454612520.355294
117 1454612520.459267
108 1454612520.555387
100 1454612520.651280
32 1454612520.755360
100 1454612520.851133
111 1454612520.931287
32 1454612521.019115
116 1454612521.123095
104 1454612521.179296
105 1454612521.259370
115 1454612521.371352
46 1454612521.547333
32 1454612522.754743
32 1454612522.867298
66 1454612523.130820
117 1454612523.307337
116 1454612523.427352
44 1454612523.771427
32 1454612523.907281
105 1454612524.075243
110 1454612524.171228
32 1454612524.275293
97 1454612524.395266
32 1454612524.459278
108 1454612524.587297
97 1454612524.779071
114 1454612524.858871
103 1454612525.034857
101 1454612525.139312
114 1454612525.218759
32 1454612525.331341
115 1454612525.459345
101 1454612525.563079
110 1454612525.643143
115 1454612525.819067
101 1454612525.955296
44 1454612527.219042
32 1454612527.363148
119 1454612527.626919
101 1454612527.706646
32 1454612527.843212
99 1454612527.995187
97 1454612528.083199
110 1454612528.307136
32 1454612528.778808
110 1454612529.402961
111 1454612529.523249
116 1454612529.691196
32 1454612529.843004
100 1454612530.043222
101 1454612530.227159
100 1454612530.419094
105 1454612530.579234
99 1454612530.659229
97 1454612530.779194
116 1454612530.843129
101 1454612530.947196
44 1454612531.371142
32 1454612531.499163
119 1454612531.722683
101 1454612531.803190
32 1454612531.939111
99 1454612532.083136
97 1454612532.163085
110 1454612532.251222
110 1454612532.395113
111 1454612532.499169
116 1454612532.610969
32 1454612532.755206
99 1454612532.922654
111 1454612533.026865
110 1454612533.114969
115 1454612533.443001
101 1454612533.579104
99 1454612533.987014
114 1454612534.178760
97 1454612534.291199
116 1454612534.362772
101 1454612534.442917
44 1454612534.627194
32 1454612534.739131
119 1454612534.931129
101 1454612535.042615
32 1454612535.211128
99 1454612535.331054
97 1454612535.403086
110 1454612535.506733
110 1454612535.642873
111 1454612535.715118
116 1454612535.842927
32 1454612535.955174
104 1454612536.243023
97 1454612536.259050
108 1454612537.051160
108 1454612537.371048
111 1454612537.595094
119 1454612537.658893
32 1454612537.843141
116 1454612537.963144
104 1454612538.026980
105 1454612538.122954
115 1454612538.203218
32 1454612538.283136
103 1454612538.515076
114 1454612538.699145
111 1454612538.786859
117 1454612538.875079
110 1454612539.075070
100 1454612539.170918
46 1454612539.738900
32 1454612539.811278
32 1454612539.931506
84 1454612540.203338
104 1454612540.387261
101 1454612540.491107
32 1454612540.579330
98 1454612540.707369
114 1454612540.883279
97 1454612540.954883
107 1454612541.058777
8 1454612541.379339
118 1454612541.458930
101 1454612541.587163
32 1454612541.715324
109 1454612542.915226
101 1454612543.059233
110 1454612543.163310
44 1454612543.387270
32 1454612543.491262
108 1454612543.635190
105 1454612543.771334
118 1454612543.875235
105 1454612543.963130
110 1454612544.019846
103 1454612544.115301
32 1454612544.227290
97 1454612544.330723
110 1454612544.387214
100 1454612544.499295
32 1454612544.562873
100 1454612544.803195
101 1454612545.011134
97 1454612545.138846
100 1454612545.251295
44 1454612545.539179
32 1454612545.650961
119 1454612545.859114
104 1454612545.955037
111 1454612546.051140
32 1454612546.186960
115 1454612546.355203
116 1454612546.507170
114 1454612546.675141
117 1454612546.811276
103 1454612546.915330
103 1454612547.035273
108 1454612547.131255
101 1454612547.235060
100 1454612547.411161
32 1454612547.515356
104 1454612547.674952
101 1454612547.795298
114 1454612547.907223
101 1454612548.020044
44 1454612548.331268
32 1454612548.475182
104 1454612548.643245
97 1454612548.747283
118 1454612548.811231
101 1454612548.947254
32 1454612549.083264
99 1454612549.371189
111 1454612549.483265
110 1454612549.563195
115 1454612549.795250
101 1454612549.931006
99 1454612550.139128
114 1454612550.307251
97 1454612550.427206
116 1454612550.498998
101 1454612550.595261
100 1454612550.779207
32 1454612550.883268
105 1454612551.019045
116 1454612551.115261
44 1454612551.299222
32 1454612551.411104
102 1454612551.539258
97 1454612551.698850
114 1454612551.851224
32 1454612551.979229
97 1454612552.147263
98 1454612552.275199
111 1454612552.451310
118 1454612552.563054
101 1454612552.715109
32 1454612552.851329
111 1454612553.083236
117 1454612553.243193
114 1454612553.355186
32 1454612553.427122
112 1454612553.739057
111 1454612553.923163
111 1454612554.075171
114 1454612554.202795
32 1454612554.355184
112 1454612554.531008
111 1454612554.666999
119 1454612554.779132
101 1454612554.891189
114 1454612554.987273
32 1454612555.106987
116 1454612555.243043
111 1454612555.299283
32 1454612555.387133
97 1454612555.498983
100 1454612555.570973
100 1454612555.723199
32 1454612555.859220
111 1454612556.002936
114 1454612556.091157
32 1454612556.187208
100 1454612556.363152
101 1454612556.594963
116 1454612556.811178
114 1454612556.971299
97 1454612557.106738
99 1454612557.242960
116 1454612557.403017
46 1454612557.563130
32 1454612557.642946
32 1454612557.771221
84 1454612558.051061
104 1454612558.195142
101 1454612558.307226
32 1454612558.395214
119 1454612558.635170
111 1454612558.739004
114 1454612558.842490
108 1454612558.938910
100 1454612559.035189
32 1454612559.170918
119 1454612559.299176
105 1454612559.411085
108 1454612559.507124
108 1454612559.643178
32 1454612559.731253
108 1454612559.891036
105 1454612559.995039
116 1454612560.211185
116 1454612560.339227
108 1454612560.435186
101 1454612560.539118
32 1454612560.643089
110 1454612560.746924
111 1454612560.859151
116 1454612560.938940
44 1454612561.243135
32 1454612561.459079
8 1454612562.418835
8 1454612562.643171
101 1454612562.827137
44 1454612563.130965
32 1454612563.274830
110 1454612565.099125
111 1454612565.195123
114 1454612565.298976
32 1454612565.386693
108 1454612565.499114
111 1454612565.666928
110 1454612565.731058
103 1454612565.842837
32 1454612565.946668
114 1454612566.314730
101 1454612566.419084
109 1454612566.562922
101 1454612566.675081
109 1454612566.754994
98 1454612566.899104
101 1454612567.051132
114 1454612567.122931
32 1454612567.314935
119 1454612567.451094
104 1454612567.546951
97 1454612567.643015
116 1454612567.723145
32 1454612567.779115
119 1454612567.914816
101 1454612567.994885
32 1454612568.091122
115 1454612568.291057
97 1454612568.418814
121 1454612568.587005
32 1454612568.739041
104 1454612568.883006
101 1454612568.986904
114 1454612569.066944
101 1454612569.162750
44 1454612569.355060
32 1454612569.459152
98 1454612569.603052
117 1454612569.706648
116 1454612569.810936
32 1454612569.915080
105 1454612570.011145
116 1454612570.115108
32 1454612570.203090
99 1454612570.338987
97 1454612570.419023
110 1454612570.499028
32 1454612570.587071
110 1454612570.714656
101 1454612570.802771
118 1454612570.947034
101 1454612571.058924
114 1454612571.130952
32 1454612571.203115
102 1454612571.322957
111 1454612571.427012
114 1454612571.514905
103 1454612571.690975
101 1454612571.779085
116 1454612571.866610
32 1454612571.979212
119 1454612572.131157
104 1454612572.370825
97 1454612572.515137
116 1454612572.578978
32 1454612572.675029
116 1454612572.883233
104 1454612572.955080
101 1454612573.083034
121 1454612573.154533
32 1454612573.259052
100 1454612573.354765
105 1454612573.459095
100 1454612573.515071
32 1454612573.674999
104 1454612573.803078
101 1454612573.883074
114 1454612573.963030
101 1454612574.050991
46 1454612574.187028
32 1454612574.242921
32 1454612574.378515
73 1454612574.723002
116 1454612574.874802
32 1454612574.962544
105 1454612575.042927
115 1454612575.138929
32 1454612575.210993
102 1454612575.371006
111 1454612575.451038
114 1454612575.546911
32 1454612575.650980
117 1454612575.811162
115 1454612575.898784
32 1454612576.243048
116 1454612576.354751
104 1454612576.426944
101 1454612576.538966
32 1454612576.578933
108 1454612576.698871
105 1454612576.794781
118 1454612576.899191
105 1454612577.010996
110 1454612577.122760
103 1454612577.347055
44 1454612577.498949
32 1454612577.619017
114 1454612577.730918
97 1454612577.866594
116 1454612577.955022
104 1454612578.042951
101 1454612578.170825
114 1454612578.234844
44 1454612578.899015
32 1454612579.019102
116 1454612579.314949
111 1454612579.403000
32 1454612579.482917
98 1454612579.602454
101 1454612579.738922
32 1454612579.843186
100 1454612580.042511
101 1454612580.226994
100 1454612580.418803
105 1454612580.618829
99 1454612580.714968
97 1454612580.834750
116 1454612580.922677
101 1454612581.018691
100 1454612581.195015
32 1454612581.283173
104 1454612581.482357
101 1454612581.570933
114 1454612581.634830
101 1454612581.739036
32 1454612581.890915
116 1454612582.362941
111 1454612582.450943
32 1454612582.530990
116 1454612582.626928
104 1454612582.699000
101 1454612582.786862
32 1454612582.834934
117 1454612583.083067
110 1454612583.282982
102 1454612583.450956
105 1454612583.554478
110 1454612583.634601
105 1454612583.770882
115 1454612583.866791
104 1454612583.963115
101 1454612584.042970
100 1454612584.202657
32 1454612584.283002
119 1454612584.466930
111 1454612584.546749
114 1454612584.642725
107 1454612584.746712
32 1454612584.858901
119 1454612585.098896
104 1454612585.186979
105 1454612585.282863
99 1454612585.362612
104 1454612585.450981
32 1454612585.530895
116 1454612585.690479
104 1454612585.762813
101 1454612585.882885
121 1454612585.962792
32 1454612586.066954
119 1454612586.306815
104 1454612586.418932
111 1454612586.506908
32 1454612586.634815
102 1454612586.770888
97 1454612586.922676
117 1454612587.058783
103 1454612587.218746
104 1454612587.330941
116 1454612587.426693
32 1454612587.562471
116 1454612588.042903
104 1454612588.170907
8 1454612588.443029
8 1454612588.594979
104 1454612588.818903
101 1454612588.922913
114 1454612588.994882
101 1454612589.090942
32 1454612589.450923
104 1454612591.338926
97 1454612591.418834
118 1454612591.506900
101 1454612591.618913
32 1454612591.682879
116 1454612591.930694
104 1454612592.018767
117 1454612592.218804
115 1454612592.322823
32 1454612592.523039
102 1454612592.706907
97 1454612592.866953
114 1454612592.978420
32 1454612593.098925
115 1454612593.226857
111 1454612593.323094
32 1454612593.410847
110 1454612593.610853
111 1454612593.746901
98 1454612593.898904
108 1454612594.010921
121 1454612594.234653
32 1454612594.346473
97 1454612594.458656
100 1454612594.562753
118 1454612594.738841
97 1454612594.850442
110 1454612594.922863
99 1454612595.018342
101 1454612595.210940
100 1454612595.386762
46 1454612595.538801
32 1454612595.594853
32 1454612595.730770
73 1454612595.978615
116 1454612596.106935
32 1454612596.234692
105 1454612596.370750
115 1454612596.450799
32 1454612596.514692
114 1454612596.634576
97 1454612596.738501
116 1454612596.826861
104 1454612596.906430
101 1454612597.010694
114 1454612597.082903
32 1454612597.154925
102 1454612597.258885
111 1454612597.314890
114 1454612597.410776
32 1454612597.506343
117 1454612597.634870
115 1454612597.730937
32 1454612597.866809
116 1454612597.970737
111 1454612598.034844
32 1454612598.114875
98 1454612598.210792
101 1454612598.346782
32 1454612598.450799
104 1454612598.666577
101 1454612598.786610
114 1454612598.882870
101 1454612598.978475
32 1454612599.770855
100 1454612600.050705
101 1454612600.978758
100 1454612601.186707
105 1454612601.354849
99 1454612601.450848
97 1454612601.562865
116 1454612601.650799
101 1454612601.746816
100 1454612601.938536
32 1454612602.042901
116 1454612602.154860
111 1454612602.234638
32 1454612602.306606
116 1454612602.426515
104 1454612602.514812
101 1454612602.586661
32 1454612602.666852
103 1454612602.794825
114 1454612602.946818
101 1454612603.002754
97 1454612603.090846
116 1454612603.138750
101 1454612603.226796
8 1454612603.866628
32 1454612604.154746
116 1454612604.386625
97 1454612604.602763
115 1454612604.690588
107 1454612604.826709
32 1454612605.026629
114 1454612605.323447
101 1454612605.386840
109 1454612605.562665
97 1454612605.690806
105 1454612605.802777
110 1454612605.866604
105 1454612606.018656
110 1454612606.066835
103 1454612606.178712
32 1454612606.290523
102 1454612606.578782
8 1454612606.842845
98 1454612606.906888
101 1454612607.066771
102 1454612607.138792
111 1454612607.258677
114 1454612607.354934
101 1454612607.426731
32 1454612607.602751
117 1454612607.802657
115 1454612607.946813
32 1454612608.114692
45 1454612608.250788
45 1454612608.370748
32 1454612608.522716
116 1454612608.666701
104 1454612608.754609
97 1454612608.826794
116 1454612608.882707
32 1454612608.954646
102 1454612609.178753
114 1454612609.346205
111 1454612609.426746
109 1454612609.498668
32 1454612609.602772
116 1454612609.706766
104 1454612609.786839
101 1454612609.906093
115 1454612610.010420
101 1454612610.114666
32 1454612610.274705
104 1454612610.650552
111 1454612610.770769
110 1454612610.858286
111 1454612611.162640
114 1454612611.274752
101 1454612612.170662
100 1454612612.338716
32 1454612612.426893
100 1454612612.602736
101 1454612612.786521
97 1454612612.898163
100 1454612613.042484
32 1454612613.218670
119 1454612613.362554
101 1454612613.434442
32 1454612613.562539
116 1454612613.698583
97 1454612613.794852
107 1454612613.874630
101 1454612614.018502
32 1454612614.178680
105 1454612614.394759
110 1454612614.490527
99 1454612614.698592
114 1454612614.882746
101 1454612614.954695
97 1454612615.082666
115 1454612615.154626
101 1454612615.258375
100 1454612615.450517
32 1454612615.570396
100 1454612615.786127
101 1454612615.954546
118 1454612616.138464
111 1454612616.242474
116 1454612616.450644
105 1454612617.034567
111 1454612617.146743
110 1454612617.250567
32 1454612618.418683
116 1454612618.666616
111 1454612618.746615
32 1454612618.834508
116 1454612618.930678
104 1454612619.010691
97 1454612619.066681
116 1454612619.138553
32 1454612619.202430
99 1454612619.378396
97 1454612619.442463
117 1454612619.610697
115 1454612619.778611
101 1454612619.882606
32 1454612620.170608
102 1454612620.378447
111 1454612620.506685
114 1454612620.610520
32 1454612620.714539
119 1454612620.882715
104 1454612620.994658
105 1454612621.098470
99 1454612621.210562
104 1454612621.298561
32 1454612621.394594
116 1454612621.546570
104 1454612621.618652
101 1454612621.786678
121 1454612621.842555
32 1454612621.978685
103 1454612622.362589
97 1454612622.514556
118 1454612622.650543
101 1454612622.786589
32 1454612622.906397
116 1454612623.026566
104 1454612623.098088
101 1454612623.194663
32 1454612623.218499
108 1454612623.362681
97 1454612623.442593
115 1454612623.498357
116 1454612623.610490
32 1454612623.698521
102 1454612623.842105
117 1454612623.946662
108 1454612624.050651
108 1454612624.186451
32 1454612624.282641
109 1454612624.450530
101 1454612624.546733
97 1454612624.642727
115 1454612624.730647
117 1454612624.874643
114 1454612624.946569
101 1454612625.010485
32 1454612625.114606
111 1454612625.194520
102 1454612625.322490
32 1454612625.378661
100 1454612625.962582
101 1454612626.122423
118 1454612626.298591
111 1454612626.370430
116 1454612626.554569
105 1454612626.706553
111 1454612626.818212
110 1454612626.946627
32 1454612627.266547
45 1454612627.394385
45 1454612627.538531
32 1454612627.610552
116 1454612627.746553
104 1454612627.826709
97 1454612627.922297
116 1454612627.978729
32 1454612628.058540
119 1454612628.378702
101 1454612628.474742
32 1454612628.610562
104 1454612628.738318
101 1454612628.866318
114 1454612628.954583
101 1454612629.082414
114 1454612629.202500
8 1454612629.794696
32 1454612630.130454
115 1454612631.290438
8 1454612631.594591
104 1454612631.730143
105 1454612631.834501
103 1454612631.962094
104 1454612632.042438
108 1454612632.242455
121 1454612632.498367
32 1454612632.810532
114 1454612633.290362
101 1454612633.378493
115 1454612633.578523
111 1454612633.690508
108 1454612633.842537
118 1454612633.930618
101 1454612634.042577
32 1454612634.170532
116 1454612634.298429
104 1454612634.402422
97 1454612634.466057
116 1454612634.522444
32 1454612634.586309
116 1454612634.786515
104 1454612634.897685
101 1454612635.122411
115 1454612635.218308
101 1454612635.322605
32 1454612635.474170
100 1454612635.714687
101 1454612635.890713
97 1454612635.970438
100 1454612636.090564
32 1454612636.242600
115 1454612636.426429
104 1454612636.538519
97 1454612636.634532
108 1454612636.730536
108 1454612636.842460
32 1454612636.994130
110 1454612637.154383
111 1454612637.258314
116 1454612637.386094
32 1454612637.482501
104 1454612637.650428
97 1454612637.683000
118 1454612637.834289
101 1454612637.954406
32 1454612638.082486
100 1454612638.234081
105 1454612638.330515
101 1454612638.458030
100 1454612638.626314
32 1454612638.738307
105 1454612638.874326
110 1454612638.946465
32 1454612639.042557
118 1454612639.194443
97 1454612639.298458
105 1454612639.434215
110 1454612639.554372
32 1454612639.722350
45 1454612639.858504
45 1454612640.002427
32 1454612640.106535
116 1454612640.242415
104 1454612640.322346
97 1454612640.394462
116 1454612640.458528
32 1454612640.529962
116 1454612640.650300
104 1454612640.706212
105 1454612640.794495
115 1454612640.882441
32 1454612640.954305
110 1454612641.066254
97 1454612641.162491
116 1454612641.266527
105 1454612641.394504
111 1454612641.490380
110 1454612641.634565
44 1454612641.993979
32 1454612642.082543
117 1454612642.778468
110 1454612642.970357
100 1454612643.186535
101 1454612643.370457
114 1454612643.450475
32 1454612643.530465
71 1454612643.770513
111 1454612643.930500
100 1454612644.050393
44 1454612644.258300
32 1454612644.338075
115 1454612644.498477
104 1454612644.593932
97 1454612644.682486
108 1454612644.778377
108 1454612645.074478
32 1454612645.306508
104 1454612645.618231
97 1454612645.714512
118 1454612645.802390
101 1454612645.898465
32 1454612645.978470
97 1454612646.082320
32 1454612646.138543
110 1454612646.667204
101 1454612646.729997
119 1454612646.802235
32 1454612647.002188
98 1454612647.554187
105 1454612647.802366
114 1454612647.905922
116 1454612648.042499
104 1454612648.138037
32 1454612648.242310
111 1454612648.354452
102 1454612648.442618
32 1454612648.546560
102 1454612648.761934
114 1454612648.930480
101 1454612648.978350
101 1454612649.130530
100 1454612649.306345
111 1454612649.370446
109 1454612649.442293
32 1454612650.330436
45 1454612650.442313
45 1454612650.578537
32 1454612650.642341
97 1454612650.866314
110 1454612650.938356
100 1454612651.034423
32 1454612651.114416
116 1454612651.194605
104 1454612651.274494
97 1454612651.306330
116 1454612651.386448
32 1454612651.434581
103 1454612651.610266
111 1454612651.722157
118 1454612651.858400
101 1454612652.002180
114 1454612652.066328
110 1454612652.290269
109 1454612652.450439
101 1454612652.546390
110 1454612652.618270
116 1454612652.713869
32 1454612652.834479
111 1454612653.026232
102 1454612653.130481
32 1454612653.226446
116 1454612653.306216
104 1454612653.402345
101 1454612653.474396
32 1454612653.546500
112 1454612653.634410
101 1454612653.770468
111 1454612653.826075
112 1454612653.922325
108 1454612654.034335
101 1454612654.146426
44 1454612654.770400
32 1454612654.882332
98 1454612655.042353
121 1454612655.194399
32 1454612655.306427
116 1454612655.378400
104 1454612655.458426
101 1454612655.538193
32 1454612655.569895
112 1454612655.786315
101 1454612655.938446
111 1454612656.026324
112 1454612656.130651
108 1454612656.242279
101 1454612656.354295
44 1454612656.914581
32 1454612657.018212
97 1454612657.354490
110 1454612657.434203
100 1454612657.538325
32 1454612657.634331
8 1454612658.170473
8 1454612658.338566
8 1454612658.474335
8 1454612658.618358
102 1454612658.738128
111 1454612658.826561
114 1454612658.930279
32 1454612659.034319
116 1454612659.194125
104 1454612659.274318
101 1454612659.362289
32 1454612659.466369
112 1454612659.578505
101 1454612659.698279
111 1454612659.769818
112 1454612659.849919
108 1454612659.962337
101 1454612660.082308
32 1454612660.218305
115 1454612660.554461
104 1454612660.650351
97 1454612660.770299
108 1454612660.874290
108 1454612661.033958
32 1454612661.218299
110 1454612661.426268
111 1454612661.514345
116 1454612661.610276
32 1454612661.706063
112 1454612661.954324
101 1454612662.098399
114 1454612662.186007
105 1454612662.370265
115 1454612662.522081
104 1454612662.674273
32 1454612662.770264
102 1454612662.882345
114 1454612663.017922
111 1454612663.082289
109 1454612663.154343
32 1454612663.234117
116 1454612663.290312
104 1454612663.386312
101 1454612663.474202
32 1454612663.522130
101 1454612663.698263
97 1454612663.810270
114 1454612663.914275
116 1454612664.066325
104 1454612664.162345
46 1454612664.490276
13 1454612666.210036
