70 1460050250.233241
111 1460050250.313844
117 1460050250.345472
114 1460050250.417206
32 1460050250.513183
115 1460050250.577193
99 1460050250.689110
111 1460050250.761197
114 1460050250.873320
101 1460050250.921250
32 1460050251.001480
97 1460050251.081383
110 1460050251.145377
100 1460050251.225432
32 1460050251.273352
115 1460050251.369375
101 1460050251.465366
118 1460050251.585414
101 1460050251.649345
110 1460050251.705193
32 1460050251.785183
121 1460050251.865145
101 1460050251.929211
97 1460050251.977112
114 1460050252.025164
115 1460050252.121202
32 1460050252.161308
97 1460050252.281239
103 1460050252.337133
111 1460050252.417264
32 1460050252.489176
111 1460050253.057391
117 1460050253.105178
114 1460050253.161150
32 1460050253.217093
102 1460050253.313343
97 1460050253.385803
116 1460050253.465438
104 1460050253.553255
101 1460050253.625132
114 1460050253.665129
115 1460050253.753129
32 1460050253.793356
98 1460050253.905137
114 1460050254.065193
111 1460050254.145119
117 1460050254.177087
103 1460050254.241156
104 1460050254.321210
116 1460050254.385229
32 1460050254.473156
102 1460050254.537264
111 1460050254.633120
114 1460050254.697159
116 1460050254.833239
104 1460050254.921221
32 1460050255.033166
111 1460050255.145350
110 1460050255.201318
32 1460050255.289316
116 1460050255.377219
104 1460050255.417112
105 1460050255.481095
115 1460050255.545174
32 1460050255.601082
99 1460050255.697060
111 1460050255.769202
110 1460050255.833099
116 1460050255.929059
101 1460050255.993181
105 1460050256.089040
110 1460050256.161078
8 1460050256.465618
8 1460050256.601318
8 1460050256.737356
105 1460050256.956709
110 1460050257.009228
101 1460050257.129096
110 1460050257.233124
116 1460050257.337104
32 1460050257.433165
97 1460050257.537148
32 1460050257.625118
110 1460050257.889175
101 1460050257.985079
119 1460050258.049062
32 1460050258.105219
110 1460050258.193074
97 1460050258.273073
116 1460050258.369245
105 1460050258.433165
111 1460050258.489082
110 1460050258.529141
44 1460050258.737076
32 1460050258.825084
99 1460050258.905099
111 1460050258.945112
110 1460050259.009073
99 1460050259.105160
101 1460050259.265146
105 1460050259.369090
118 1460050259.425097
101 1460050259.505136
100 1460050259.649060
32 1460050259.729279
105 1460050259.777103
110 1460050259.817137
32 1460050259.929151
76 1460050260.057057
105 1460050260.105234
8 1460050260.393183
8 1460050260.529196
108 1460050260.729119
105 1460050260.777060
98 1460050260.825088
101 1460050260.961159
114 1460050261.017087
116 1460050261.153079
121 1460050261.225132
44 1460050261.449254
32 1460050261.521142
97 1460050261.584999
110 1460050261.657036
100 1460050261.737019
32 1460050261.801049
100 1460050261.889124
101 1460050262.025080
100 1460050262.169180
105 1460050262.265002
99 1460050262.361022
97 1460050262.441683
116 1460050262.513276
101 1460050262.577576
100 1460050262.721643
32 1460050262.793390
116 1460050262.881278
111 1460050262.945488
32 1460050263.041025
116 1460050263.113159
104 1460050263.169149
101 1460050263.240991
32 1460050263.329002
112 1460050263.393034
114 1460050263.513038
112 1460050263.641174
111 1460050263.761220
8 1460050264.137163
8 1460050264.265133
111 1460050264.433208
112 1460050264.513036
111 1460050264.673235
115 1460050265.409161
105 1460050265.488994
116 1460050265.560979
105 1460050265.649036
111 1460050265.689038
110 1460050265.721056
32 1460050265.825018
116 1460050265.897067
104 1460050266.001075
97 1460050266.025066
116 1460050266.081000
32 1460050266.145150
97 1460050266.217050
108 1460050266.272998
108 1460050266.409088
32 1460050266.457115
109 1460050266.529050
101 1460050266.609506
110 1460050266.705363
32 1460050266.793549
97 1460050266.857215
114 1460050266.913412
101 1460050267.001129
32 1460050267.441139
99 1460050267.520967
114 1460050267.641051
101 1460050267.721189
97 1460050267.801432
116 1460050267.865064
101 1460050267.945034
100 1460050268.049010
32 1460050268.121263
101 1460050268.224972
113 1460050268.345008
117 1460050268.457030
97 1460050268.544980
108 1460050268.648969
46 1460050268.825055
32 1460050268.961016
10 1460050269.529243
78 1460050270.121147
111 1460050270.161000
119 1460050270.256942
32 1460050270.296928
119 1460050270.449036
101 1460050270.665083
32 1460050270.793094
97 1460050270.897010
114 1460050270.936953
101 1460050271.001160
32 1460050271.065209
101 1460050271.193002
110 1460050271.280927
103 1460050271.361039
97 1460050271.457160
103 1460050271.545090
101 1460050271.624923
100 1460050271.761042
32 1460050271.784966
105 1460050271.848965
110 1460050271.912953
32 1460050271.984967
97 1460050272.040926
32 1460050272.128950
103 1460050272.184963
114 1460050272.321011
101 1460050272.384974
97 1460050272.457009
116 1460050272.496959
32 1460050272.601026
99 1460050272.705382
105 1460050272.801072
118 1460050272.888944
105 1460050272.976899
108 1460050273.072887
32 1460050273.176956
119 1460050273.280865
97 1460050273.352923
114 1460050273.409099
44 1460050273.488922
32 1460050273.576896
116 1460050273.712991
101 1460050273.833207
115 1460050273.936980
116 1460050274.001209
105 1460050274.096866
110 1460050274.144902
103 1460050274.216892
32 1460050274.272854
119 1460050274.328895
104 1460050274.440939
101 1460050274.520845
116 1460050274.576910
104 1460050274.696949
101 1460050274.720907
114 1460050274.800871
32 1460050274.896947
116 1460050274.976925
104 1460050275.080889
97 1460050275.121018
116 1460050275.176947
32 1460050275.224866
110 1460050275.320966
97 1460050275.376992
116 1460050275.417036
105 1460050275.497047
111 1460050275.537038
110 1460050275.600910
44 1460050275.752945
32 1460050275.848944
111 1460050275.928990
114 1460050275.992953
32 1460050276.041012
97 1460050276.128963
110 1460050276.184928
121 1460050276.337097
32 1460050276.417051
110 1460050276.520986
97 1460050276.600927
116 1460050276.656942
105 1460050276.688902
111 1460050276.769446
110 1460050276.793335
32 1460050276.873095
115 1460050276.920872
111 1460050277.016850
32 1460050277.072877
99 1460050277.169065
111 1460050277.240915
110 1460050277.280947
99 1460050277.360929
101 1460050277.520993
118 1460050277.608874
105 1460050277.640878
101 1460050277.729038
100 1460050277.864905
32 1460050277.937076
97 1460050278.001251
110 1460050278.096884
100 1460050278.153140
8 1460050278.288934
8 1460050278.433371
8 1460050278.576884
8 1460050278.729090
8 1460050278.888950
8 1460050279.049029
8 1460050279.193498
8 1460050279.345408
105 1460050279.513476
118 1460050279.569270
101 1460050279.649431
100 1460050279.785302
32 1460050279.865025
97 1460050279.937454
110 1460050280.025130
100 1460050280.073358
32 1460050280.145411
115 1460050280.209343
111 1460050280.313034
32 1460050280.400913
100 1460050280.729440
101 1460050280.872997
100 1460050281.016990
105 1460050281.105095
99 1460050281.184856
97 1460050281.257001
116 1460050281.336998
101 1460050281.384849
100 1460050281.537018
44 1460050281.576863
32 1460050281.632857
99 1460050281.793062
97 1460050281.856859
110 1460050281.936864
32 1460050282.016930
108 1460050282.112867
111 1460050282.249020
110 1460050282.288872
103 1460050282.352824
32 1460050282.416871
101 1460050282.512921
110 1460050282.577179
100 1460050282.665368
117 1460050282.753301
114 1460050282.832849
101 1460050282.880819
46 1460050282.960932
32 1460050283.032868
87 1460050283.176878
101 1460050283.313092
32 1460050283.353052
97 1460050283.464904
114 1460050283.512837
101 1460050283.560892
32 1460050283.608843
109 1460050283.689012
101 1460050283.760876
116 1460050283.832827
32 1460050283.912905
111 1460050284.008938
110 1460050284.048902
32 1460050284.137507
97 1460050284.201446
103 1460050284.289333
32 1460050284.290293
114 1460050284.441369
101 1460050284.481388
97 1460050284.577359
116 1460050284.617178
32 1460050284.697047
98 1460050284.793157
97 1460050284.873021
116 1460050284.968906
116 1460050285.080808
108 1460050285.176942
101 1460050285.224804
102 1460050285.344779
105 1460050285.440896
101 1460050285.512922
108 1460050285.600838
100 1460050285.672896
32 1460050285.736861
111 1460050285.784786
102 1460050285.848783
32 1460050285.920836
116 1460050286.008944
97 1460050286.104891
104 1460050286.105308
116 1460050286.176827
32 1460050286.248761
119 1460050286.304764
97 1460050286.384803
114 1460050286.448797
46 1460050286.536783
32 1460050286.608809
87 1460050287.128895
101 1460050287.248871
32 1460050287.320867
104 1460050287.360812
97 1460050287.400825
118 1460050287.456789
101 1460050287.536827
32 1460050287.560833
99 1460050287.680802
111 1460050287.720720
109 1460050287.776796
101 1460050287.840751
32 1460050287.880722
116 1460050287.968765
111 1460050288.032898
32 1460050288.081244
100 1460050288.136797
101 1460050288.329030
100 1460050288.481400
105 1460050288.569228
99 1460050288.649030
97 1460050288.721290
116 1460050288.793139
101 1460050288.873337
32 1460050288.929272
97 1460050289.017286
32 1460050289.073131
112 1460050289.104986
111 1460050289.193348
114 1460050289.233088
116 1460050289.377360
105 1460050289.457272
111 1460050289.537467
110 1460050289.609190
32 1460050289.696963
102 1460050289.816838
8 1460050290.096900
111 1460050290.280871
102 1460050290.352904
32 1460050290.416989
116 1460050290.488917
104 1460050290.560915
97 1460050290.600939
116 1460050290.640756
32 1460050290.712740
102 1460050290.792850
105 1460050290.864746
101 1460050290.944777
108 1460050291.000866
100 1460050291.120798
44 1460050291.192801
32 1460050291.304804
97 1460050291.384834
115 1460050291.456757
32 1460050291.552889
97 1460050291.640779
32 1460050291.720804
102 1460050291.792869
105 1460050291.872816
110 1460050291.904751
97 1460050291.960813
108 1460050292.064839
32 1460050292.112779
114 1460050292.176754
101 1460050292.240782
115 1460050292.336910
116 1460050292.416910
105 1460050292.512793
110 1460050292.544783
103 1460050292.608772
32 1460050292.672753
112 1460050292.720720
108 1460050292.864812
97 1460050292.936817
99 1460050292.976743
101 1460050293.137284
32 1460050293.193222
102 1460050293.273182
111 1460050293.360950
114 1460050293.392930
32 1460050293.488932
116 1460050293.560808
104 1460050293.624759
111 1460050293.672736
115 1460050293.704715
101 1460050293.760718
32 1460050293.832834
119 1460050293.912822
104 1460050293.976759
111 1460050294.008761
32 1460050294.096901
104 1460050294.241240
101 1460050294.337383
114 1460050294.416969
101 1460050294.488893
32 1460050294.544998
103 1460050294.681047
97 1460050294.776776
118 1460050294.856729
101 1460050294.920717
32 1460050294.992804
116 1460050295.064721
104 1460050295.120731
101 1460050295.192803
105 1460050295.256870
114 1460050295.320844
32 1460050295.409343
108 1460050295.753276
105 1460050295.792964
118 1460050295.848947
101 1460050295.896892
115 1460050295.952764
32 1460050296.000821
116 1460050296.088773
104 1460050296.168965
97 1460050296.232961
116 1460050296.256817
32 1460050296.336902
116 1460050296.416920
104 1460050296.496784
97 1460050296.528735
116 1460050296.584713
32 1460050296.664674
110 1460050296.824800
97 1460050296.896708
116 1460050296.960813
105 1460050297.032874
111 1460050297.081207
110 1460050297.104970
32 1460050297.192802
109 1460050297.288862
105 1460050297.352674
103 1460050297.416811
104 1460050297.496728
116 1460050297.552671
32 1460050297.616829
108 1460050297.672969
105 1460050297.720965
118 1460050297.776766
101 1460050297.840663
46 1460050297.936725
32 1460050298.000714
73 1460050298.168842
116 1460050298.248772
32 1460050298.304756
105 1460050298.352696
115 1460050298.441129
32 1460050298.505322
97 1460050298.584994
108 1460050298.641240
103 1460050298.745239
111 1460050298.816950
116 1460050298.920740
101 1460050299.081239
8 1460050299.305051
8 1460050299.449229
8 1460050299.592891
8 1460050299.736646
116 1460050299.792624
111 1460050299.912871
103 1460050299.952693
101 1460050300.072669
116 1460050300.112733
104 1460050300.216735
101 1460050300.296706
114 1460050300.320763
32 1460050300.408676
102 1460050300.504688
105 1460050300.560775
116 1460050300.648666
116 1460050300.768687
105 1460050300.848654
110 1460050300.880645
103 1460050300.944686
32 1460050301.008787
97 1460050301.064816
110 1460050301.176715
100 1460050301.240910
32 1460050301.376691
112 1460050301.520750
114 1460050301.624721
111 1460050301.696912
112 1460050301.752704
101 1460050301.832669
114 1460050301.880736
32 1460050301.984679
116 1460050302.064752
104 1460050302.136690
97 1460050302.176702
116 1460050302.240758
32 1460050302.296770
119 1460050302.384748
101 1460050302.440992
32 1460050302.489142
115 1460050302.577056
104 1460050302.616999
111 1460050302.681098
117 1460050302.800729
108 1460050302.848619
100 1460050302.928644
32 1460050303.040652
100 1460050303.080618
111 1460050303.176763
32 1460050303.240628
116 1460050303.296694
104 1460050303.376734
105 1460050303.416734
115 1460050303.496717
46 1460050303.584636
10 1460050303.744693
10 1460050303.984691
66 1460050304.352679
117 1460050304.440700
116 1460050304.528666
32 1460050304.592686
105 1460050304.672640
110 1460050304.712650
32 1460050304.784632
97 1460050304.872741
32 1460050304.960782
8 1460050305.168720
8 1460050305.312661
8 1460050305.448745
8 1460050305.608638
8 1460050305.760661
8 1460050305.904659
44 1460050306.104722
32 1460050306.201185
105 1460050306.296986
110 1460050306.352771
116 1460050306.472811
32 1460050306.473467
32 1460050306.624788
108 1460050306.744614
97 1460050306.808705
8 1460050306.984701
8 1460050307.113129
8 1460050307.264800
8 1460050307.408787
8 1460050307.552753
97 1460050307.688646
8 1460050308.296783
32 1460050308.448706
97 1460050308.784769
32 1460050308.896960
108 1460050309.024629
97 1460050309.112706
114 1460050309.168597
103 1460050309.312616
101 1460050309.416650
114 1460050309.472673
32 1460050309.536618
115 1460050309.616698
101 1460050309.696570
110 1460050309.784686
115 1460050309.864693
101 1460050309.928642
44 1460050310.025245
32 1460050310.104904
119 1460050310.184704
101 1460050310.232683
32 1460050310.304589
99 1460050310.408640
97 1460050310.472615
110 1460050310.536559
32 1460050310.632543
110 1460050310.720652
111 1460050310.768558
116 1460050311.080797
32 1460050311.160603
100 1460050311.272782
101 1460050311.424798
100 1460050311.576539
105 1460050311.656577
99 1460050311.728505
97 1460050311.792501
116 1460050311.865306
101 1460050311.921106
44 1460050311.985103
32 1460050312.049059
119 1460050312.121007
101 1460050312.176822
32 1460050312.248921
97 1460050312.520721
8 1460050312.737021
99 1460050312.808765
97 1460050312.856735
110 1460050312.952684
32 1460050313.032637
110 1460050313.120608
111 1460050313.176587
116 1460050313.256704
32 1460050313.312847
99 1460050313.521059
111 1460050313.576935
110 1460050313.632706
115 1460050313.720542
101 1460050313.848861
99 1460050314.016672
114 1460050314.112566
101 1460050314.216913
97 1460050314.264674
116 1460050314.328847
101 1460050314.400809
44 1460050314.512600
8 1460050314.864605
8 1460050314.992603
8 1460050315.144652
8 1460050315.288600
8 1460050315.440907
97 1460050315.568804
116 1460050315.624658
101 1460050315.696661
44 1460050315.816534
32 1460050315.912558
119 1460050315.984552
101 1460050316.024497
32 1460050316.104492
99 1460050316.216541
97 1460050316.264491
110 1460050316.352550
32 1460050316.432531
110 1460050316.512518
111 1460050316.568493
116 1460050316.648753
32 1460050316.736573
104 1460050316.848570
97 1460050316.928555
108 1460050317.032553
108 1460050317.176702
111 1460050317.288555
119 1460050317.464632
32 1460050317.488550
116 1460050317.976746
104 1460050318.040657
105 1460050318.072476
115 1460050318.144555
32 1460050318.200574
103 1460050318.296476
114 1460050318.408622
111 1460050318.480589
117 1460050318.512509
104 1460050318.688565
106 1460050318.688853
100 1460050318.776499
8 1460050319.040714
8 1460050319.168682
8 1460050319.304601
110 1460050319.465163
100 1460050319.560984
46 1460050319.632746
32 1460050319.736541
84 1460050319.920567
104 1460050319.992569
101 1460050320.064534
32 1460050320.128605
98 1460050320.264552
102 1460050320.448689
114 1460050320.449373
97 1460050320.536506
118 1460050320.640432
101 1460050320.720507
8 1460050320.976739
8 1460050321.112642
8 1460050321.256911
8 1460050321.409013
8 1460050321.552566
114 1460050321.568508
97 1460050321.656433
118 1460050321.736440
101 1460050321.816579
32 1460050321.856451
109 1460050321.928535
101 1460050322.000505
110 1460050322.089200
44 1460050322.256604
32 1460050322.352555
108 1460050322.528521
105 1460050322.584908
118 1460050322.688657
105 1460050322.768817
110 1460050322.824746
103 1460050322.897016
32 1460050322.968578
97 1460050323.024600
110 1460050323.120590
100 1460050323.200530
32 1460050323.240552
100 1460050323.344520
101 1460050323.480969
97 1460050323.560726
100 1460050323.616554
44 1460050323.696881
32 1460050323.760690
119 1460050323.848508
104 1460050323.888416
111 1460050323.944667
32 1460050324.016535
115 1460050324.080437
116 1460050324.144509
114 1460050324.280516
117 1460050324.352504
103 1460050324.448469
103 1460050324.552572
108 1460050324.656453
101 1460050324.728465
100 1460050324.856788
32 1460050324.928986
104 1460050324.960861
101 1460050325.040806
114 1460050325.104706
101 1460050325.168623
44 1460050325.248426
32 1460050325.320617
104 1460050325.424697
97 1460050325.464540
118 1460050325.528431
101 1460050325.568437
32 1460050325.640429
99 1460050325.824559
111 1460050325.864486
110 1460050325.920441
115 1460050326.024473
101 1460050326.112614
99 1460050326.288866
114 1460050326.401041
101 1460050326.504792
97 1460050326.585005
116 1460050326.625008
101 1460050326.704941
100 1460050326.816644
32 1460050326.848668
105 1460050326.912928
8 1460050327.144642
8 1460050327.624531
8 1460050327.776460
8 1460050327.936429
8 1460050328.088542
8 1460050328.248672
8 1460050328.376903
97 1460050328.448960
116 1460050328.505035
101 1460050328.576739
100 1460050328.704433
32 1460050328.776424
105 1460050328.832486
116 1460050328.913036
44 1460050329.032912
32 1460050329.144606
102 1460050329.232549
97 1460050329.304972
114 1460050329.384841
32 1460050329.480672
97 1460050329.560426
98 1460050329.680759
111 1460050329.768630
118 1460050329.840641
101 1460050329.896513
32 1460050329.976454
111 1460050330.088457
117 1460050330.128522
114 1460050330.200426
32 1460050330.272336
112 1460050330.344490
111 1460050330.440405
111 1460050330.560389
114 1460050330.696371
32 1460050330.800378
112 1460050331.048447
111 1460050331.080355
119 1460050331.192343
101 1460050331.248322
114 1460050331.328320
32 1460050331.408879
116 1460050331.496673
111 1460050331.568412
32 1460050331.632569
97 1460050331.688542
100 1460050331.768639
100 1460050331.888524
32 1460050331.961220
111 1460050332.024770
114 1460050332.088419
32 1460050332.152335
100 1460050332.232497
101 1460050332.368407
99 1460050332.552395
8 1460050332.840918
116 1460050332.912534
114 1460050333.064948
97 1460050333.136398
99 1460050333.240416
116 1460050333.344461
46 1460050333.424443
32 1460050333.504430
84 1460050333.632455
104 1460050333.712743
101 1460050333.776553
32 1460050333.840421
119 1460050333.928342
111 1460050334.000478
114 1460050334.072431
108 1460050334.176377
100 1460050334.248404
32 1460050334.328465
119 1460050334.384372
105 1460050334.448393
108 1460050334.584418
108 1460050334.712372
32 1460050334.784398
108 1460050334.888830
105 1460050334.944614
116 1460050335.024384
116 1460050335.136334
108 1460050335.208293
101 1460050335.288391
32 1460050335.336370
110 1460050335.408372
111 1460050335.448346
116 1460050335.496346
101 1460050335.552402
44 1460050335.664318
32 1460050335.744328
111 1460050335.840313
114 1460050335.920314
8 1460050336.080560
8 1460050336.216324
110 1460050336.400558
111 1460050336.440903
114 1460050336.496899
32 1460050336.584708
108 1460050336.664536
111 1460050336.800800
110 1460050336.840615
103 1460050336.912481
32 1460050337.016349
114 1460050337.176355
101 1460050337.256324
109 1460050337.352318
101 1460050337.416413
109 1460050337.512322
98 1460050337.600345
101 1460050337.720329
114 1460050337.784371
32 1460050337.864467
119 1460050337.960369
104 1460050338.040408
97 1460050338.112428
116 1460050338.152262
32 1460050338.232378
119 1460050338.320446
101 1460050338.400601
32 1460050338.464646
115 1460050338.592427
97 1460050338.648422
121 1460050338.752682
32 1460050338.808449
104 1460050338.912258
101 1460050338.952277
114 1460050339.032293
101 1460050339.120371
44 1460050339.192394
32 1460050339.256283
98 1460050339.360304
117 1460050339.416378
116 1460050339.520297
32 1460050339.552273
105 1460050339.696320
116 1460050339.792373
32 1460050339.864279
99 1460050339.960335
97 1460050340.008288
110 1460050340.072283
32 1460050340.144484
110 1460050340.240435
101 1460050340.296260
118 1460050340.376355
101 1460050340.496362
114 1460050340.544301
32 1460050340.592244
102 1460050340.704285
111 1460050340.768283
114 1460050340.856287
103 1460050341.000385
101 1460050341.096723
116 1460050341.152561
32 1460050341.224306
119 1460050341.304258
104 1460050341.408386
97 1460050341.440495
116 1460050341.488288
32 1460050341.552297
116 1460050341.640303
104 1460050341.720303
101 1460050341.784328
121 1460050341.872356
32 1460050341.960387
100 1460050341.992342
105 1460050342.096858
100 1460050342.168418
32 1460050342.208242
104 1460050342.280246
101 1460050342.360409
114 1460050342.416787
101 1460050342.504667
46 1460050342.568769
32 1460050342.640669
73 1460050342.784369
116 1460050342.880288
32 1460050342.920327
105 1460050342.984741
115 1460050343.064609
32 1460050343.120305
102 1460050343.536395
111 1460050343.616310
114 1460050343.672303
32 1460050343.760380
117 1460050344.064442
115 1460050344.176344
32 1460050344.272443
116 1460050344.360394
104 1460050344.432353
101 1460050344.496419
32 1460050344.576333
108 1460050344.632278
105 1460050344.696263
118 1460050344.776326
105 1460050344.864274
110 1460050344.920349
103 1460050345.000281
44 1460050345.096334
32 1460050345.184367
114 1460050345.224250
97 1460050345.288238
116 1460050345.384276
104 1460050345.440304
101 1460050345.512309
114 1460050345.576283
44 1460050345.624293
32 1460050345.720287
116 1460050345.808261
111 1460050345.856330
32 1460050345.928252
98 1460050346.008324
101 1460050346.152459
32 1460050346.216478
100 1460050346.320462
101 1460050346.464345
100 1460050346.640243
105 1460050346.736315
99 1460050346.832261
97 1460050346.904222
116 1460050347.000285
101 1460050347.032269
100 1460050347.176247
32 1460050347.248281
104 1460050347.344264
101 1460050347.416227
114 1460050347.496330
101 1460050347.584269
32 1460050347.688217
116 1460050347.776208
111 1460050347.840257
32 1460050347.904253
116 1460050347.968188
104 1460050348.040359
101 1460050348.152310
32 1460050348.248366
117 1460050348.448355
110 1460050348.608738
102 1460050348.696569
105 1460050348.776374
110 1460050348.856282
105 1460050348.928236
115 1460050349.040234
104 1460050349.128407
101 1460050349.184309
100 1460050349.328232
32 1460050349.368225
119 1460050349.488323
111 1460050349.576327
114 1460050349.688236
107 1460050349.760238
32 1460050349.880301
119 1460050349.936309
104 1460050350.016522
105 1460050350.072265
99 1460050350.128238
104 1460050350.224302
32 1460050350.288334
116 1460050350.336311
104 1460050350.416228
101 1460050350.496275
121 1460050350.568322
32 1460050350.648362
119 1460050350.752199
104 1460050350.792365
111 1460050350.840234
32 1460050350.920249
102 1460050350.968211
111 1460050351.064417
117 1460050351.104751
103 1460050351.152625
104 1460050351.256751
116 1460050351.312537
32 1460050351.400523
104 1460050351.432477
101 1460050351.472253
114 1460050351.536301
101 1460050351.600183
32 1460050351.648185
104 1460050351.704154
97 1460050351.752351
118 1460050351.816172
101 1460050351.880155
32 1460050351.912138
116 1460050352.000202
104 1460050352.048274
117 1460050352.184671
115 1460050352.224729
32 1460050352.336412
102 1460050352.392615
114 1460050352.560691
97 1460050352.632522
114 1460050352.728507
8 1460050353.016731
8 1460050353.152270
8 1460050353.288196
97 1460050353.336204
114 1460050353.376184
32 1460050353.456222
115 1460050353.544333
111 1460050353.656182
32 1460050353.704233
110 1460050353.784288
111 1460050353.840202
98 1460050353.928259
108 1460050354.032248
121 1460050354.200280
32 1460050354.320700
97 1460050354.344680
100 1460050354.424297
118 1460050354.632363
97 1460050354.704307
110 1460050354.824494
99 1460050354.904778
101 1460050355.064545
100 1460050355.192384
46 1460050355.280665
32 1460050355.392990
105 1460050355.528280
116 1460050355.616423
32 1460050355.664498
105 1460050355.728472
115 1460050355.816291
32 1460050355.872188
114 1460050356.080278
97 1460050356.160236
116 1460050356.248177
104 1460050356.352283
101 1460050356.408240
114 1460050356.456201
32 1460050356.504216
102 1460050356.840249
111 1460050356.904209
114 1460050356.984247
32 1460050357.000183
117 1460050357.072243
115 1460050357.144221
32 1460050357.216218
116 1460050357.312179
111 1460050357.368198
32 1460050357.424207
98 1460050357.488230
104 1460050357.624183
101 1460050357.680155
114 1460050357.776228
101 1460050357.864405
32 1460050357.960686
104 1460050358.008740
8 1460050358.200671
8 1460050358.352659
8 1460050358.496489
8 1460050358.664233
8 1460050358.824228
8 1460050358.968190
101 1460050359.040190
32 1460050359.128162
104 1460050359.208081
101 1460050359.248155
114 1460050359.352076
101 1460050359.424064
32 1460050359.472163
100 1460050359.600127
101 1460050359.728174
100 1460050359.896112
105 1460050359.992160
99 1460050360.072104
97 1460050360.128103
116 1460050360.216222
101 1460050360.264084
100 1460050360.408174
32 1460050360.480253
116 1460050360.560180
111 1460050360.640209
32 1460050360.696146
116 1460050360.752080
104 1460050360.824315
101 1460050360.880241
32 1460050360.952530
103 1460050361.008300
114 1460050361.144114
101 1460050361.224243
97 1460050361.320225
116 1460050361.336183
32 1460050361.432183
116 1460050361.704346
97 1460050361.808162
115 1460050361.888071
107 1460050361.984149
32 1460050362.064111
114 1460050362.144108
101 1460050362.184183
109 1460050362.272144
97 1460050362.360072
105 1460050362.464144
110 1460050362.544156
105 1460050362.656189
110 1460050362.720261
103 1460050362.792714
32 1460050362.864454
98 1460050362.992446
101 1460050363.128165
102 1460050363.192157
111 1460050363.280200
114 1460050363.368052
101 1460050363.400063
32 1460050363.440131
117 1460050363.512149
115 1460050363.576101
45 1460050363.744134
116 1460050363.912041
104 1460050364.008193
97 1460050364.080104
116 1460050364.120102
32 1460050364.168073
102 1460050364.288175
114 1460050364.424086
111 1460050364.504187
109 1460050364.536163
32 1460050364.624114
116 1460050364.688138
104 1460050364.760144
101 1460050364.872046
115 1460050365.000210
101 1460050365.096097
32 1460050365.248212
104 1460050365.480158
111 1460050365.560141
110 1460050365.656063
111 1460050365.736114
114 1460050365.768071
101 1460050365.856052
100 1460050366.008121
32 1460050366.096066
100 1460050366.192157
101 1460050366.312154
97 1460050366.392111
100 1460050366.464568
32 1460050366.528430
119 1460050366.632490
101 1460050366.688289
32 1460050366.736536
116 1460050366.848307
97 1460050366.904230
107 1460050366.984379
101 1460050367.064374
32 1460050367.112147
105 1460050367.184083
110 1460050367.240113
99 1460050367.352062
114 1460050367.480094
101 1460050367.536062
97 1460050367.624076
115 1460050367.696119
101 1460050367.832153
100 1460050368.032133
32 1460050368.480319
100 1460050368.592706
101 1460050368.760621
118 1460050368.872403
111 1460050368.976554
116 1460050369.072428
105 1460050369.176157
111 1460050369.176717
110 1460050369.304564
32 1460050369.400544
116 1460050369.528267
111 1460050369.608277
32 1460050369.688097
116 1460050369.720064
104 1460050369.832272
97 1460050369.864161
116 1460050369.928009
32 1460050370.008253
99 1460050370.096058
97 1460050370.152123
117 1460050370.240070
115 1460050370.320295
101 1460050370.376042
32 1460050370.440021
102 1460050370.528126
111 1460050370.608054
114 1460050370.671995
32 1460050370.744202
119 1460050370.824088
104 1460050370.824669
105 1460050370.928108
99 1460050371.024015
104 1460050371.128075
32 1460050371.232128
116 1460050371.288531
104 1460050371.392457
101 1460050371.464401
121 1460050371.544049
32 1460050371.600017
103 1460050371.664055
97 1460050371.752120
118 1460050371.832021
101 1460050371.912281
32 1460050371.936005
116 1460050372.040040
104 1460050372.096036
101 1460050372.184060
32 1460050372.240027
108 1460050372.351975
97 1460050372.392074
115 1460050372.448039
116 1460050372.503977
32 1460050372.568026
102 1460050372.656110
117 1460050372.712036
108 1460050372.848008
108 1460050372.976049
32 1460050373.040074
109 1460050373.120058
101 1460050373.175998
97 1460050373.288062
115 1460050373.368007
117 1460050373.504557
114 1460050373.592376
101 1460050373.648312
32 1460050373.703946
111 1460050373.800240
102 1460050373.855979
32 1460050373.936062
100 1460050374.047986
101 1460050374.199973
118 1460050374.320215
111 1460050374.408160
116 1460050374.520058
105 1460050374.576210
111 1460050374.624025
110 1460050374.696129
45 1460050374.824006
32 1460050375.000030
116 1460050375.136060
104 1460050375.215943
97 1460050375.271939
8 1460050375.448095
8 1460050375.592550
8 1460050375.744388
8 1460050375.895971
116 1460050375.975950
104 1460050376.088075
97 1460050376.119952
116 1460050376.175965
32 1460050376.255991
119 1460050376.360013
101 1460050376.432057
32 1460050376.488519
104 1460050376.584400
101 1460050376.672157
114 1460050376.752125
101 1460050376.847968
32 1460050376.896298
104 1460050376.976354
105 1460050377.032228
103 1460050377.104417
104 1460050377.168114
108 1460050377.280408
121 1460050377.384069
32 1460050377.463971
114 1460050377.504053
101 1460050377.552494
115 1460050377.656221
111 1460050377.736022
108 1460050377.880031
118 1460050377.952058
101 1460050377.992021
32 1460050378.080398
116 1460050378.176126
104 1460050378.264273
97 1460050378.328007
116 1460050378.375959
32 1460050378.439960
116 1460050378.543981
104 1460050378.599898
101 1460050378.679912
115 1460050378.799971
101 1460050378.871922
32 1460050378.960418
100 1460050379.056335
101 1460050379.176320
97 1460050379.240467
100 1460050379.344427
32 1460050379.400196
115 1460050379.472197
104 1460050379.552528
97 1460050379.624447
108 1460050379.728112
108 1460050379.847989
32 1460050379.919975
110 1460050380.015936
111 1460050380.047985
116 1460050380.128014
32 1460050380.167965
104 1460050380.232160
97 1460050380.288290
118 1460050380.344188
101 1460050380.456149
32 1460050380.457605
100 1460050380.575934
105 1460050380.648350
101 1460050380.736122
100 1460050380.879955
32 1460050380.911919
105 1460050380.991856
110 1460050381.039922
32 1460050381.120071
118 1460050381.224325
97 1460050381.280452
105 1460050381.336210
110 1460050381.392115
45 1460050381.527960
116 1460050381.663927
104 1460050381.743972
97 1460050381.823952
116 1460050381.863886
32 1460050381.952023
116 1460050382.023973
104 1460050382.063919
105 1460050382.111936
115 1460050382.175959
32 1460050382.223910
110 1460050382.327924
97 1460050382.367901
116 1460050382.423937
105 1460050382.479934
111 1460050382.543904
110 1460050382.583982
44 1460050382.735875
32 1460050382.839848
117 1460050382.927955
110 1460050383.072308
100 1460050383.120195
101 1460050383.248023
114 1460050383.319900
32 1460050383.367858
71 1460050383.495907
111 1460050383.544013
100 1460050383.663977
44 1460050383.720134
32 1460050383.807899
115 1460050383.919901
104 1460050383.959858
97 1460050384.095886
108 1460050384.159942
108 1460050384.287919
32 1460050384.375996
104 1460050384.471877
97 1460050384.551890
118 1460050384.615980
101 1460050384.679950
32 1460050384.719870
110 1460050384.807867
97 1460050384.903958
8 1460050385.064248
8 1460050385.192042
97 1460050385.263982
32 1460050385.367925
110 1460050385.464078
101 1460050385.543910
119 1460050385.591942
32 1460050385.648232
103 1460050385.759928
105 1460050385.847923
8 1460050386.047944
8 1460050386.184058
98 1460050386.328044
105 1460050386.471861
114 1460050386.503864
116 1460050386.663999
104 1460050386.735913
32 1460050386.823937
111 1460050386.888006
102 1460050386.959915
32 1460050386.999808
114 1460050387.120042
101 1460050387.207910
101 1460050387.327885
100 1460050387.487953
111 1460050387.591935
109 1460050387.655937
8 1460050387.879968
8 1460050387.999878
8 1460050388.152049
8 1460050388.312036
8 1460050388.472207
8 1460050388.631949
102 1460050388.703953
114 1460050388.863979
101 1460050388.935848
101 1460050389.071974
100 1460050389.223980
111 1460050389.303903
109 1460050389.343862
45 1460050389.495972
97 1460050389.648398
110 1460050389.744129
100 1460050389.815800
32 1460050389.911831
116 1460050389.951845
104 1460050390.055847
97 1460050390.096333
116 1460050390.152357
32 1460050390.240109
103 1460050390.616395
111 1460050390.688068
118 1460050390.775886
101 1460050390.855847
114 1460050390.959938
110 1460050391.007841
109 1460050391.151957
101 1460050391.247811
110 1460050391.319782
116 1460050391.400175
32 1460050391.456024
111 1460050391.519884
102 1460050391.591901
32 1460050391.655886
116 1460050391.735898
104 1460050391.807875
101 1460050391.887920
32 1460050391.927913
112 1460050391.984384
101 1460050392.112103
111 1460050392.160018
112 1460050392.200038
101 1460050392.496425
44 1460050392.560254
8 1460050392.800294
8 1460050392.920056
108 1460050393.103998
101 1460050393.175793
44 1460050393.263915
32 1460050393.384344
98 1460050393.496139
121 1460050393.543999
32 1460050393.648160
116 1460050393.744133
104 1460050393.792012
101 1460050393.904051
32 1460050393.906877
112 1460050393.992285
101 1460050394.087789
111 1460050394.111811
112 1460050394.191761
108 1460050394.335829
101 1460050394.479771
44 1460050394.519858
32 1460050394.663810
102 1460050394.895942
111 1460050394.951848
114 1460050395.031918
32 1460050395.071818
116 1460050395.167896
104 1460050395.223886
101 1460050395.312279
32 1460050395.376095
112 1460050395.439898
101 1460050395.559858
111 1460050395.599865
112 1460050395.679896
108 1460050395.847821
111 1460050395.848345
8 1460050396.600509
101 1460050396.720290
44 1460050396.815865
32 1460050396.919793
115 1460050397.007722
104 1460050397.095894
97 1460050397.167850
108 1460050397.231852
108 1460050397.367871
32 1460050397.439932
110 1460050397.519768
111 1460050397.575842
116 1460050397.639833
32 1460050397.695771
112 1460050397.775800
101 1460050397.847806
114 1460050397.895765
105 1460050397.983816
115 1460050398.039772
104 1460050398.151856
32 1460050398.199818
102 1460050398.255738
114 1460050398.408302
111 1460050398.472195
109 1460050398.512071
32 1460050398.568314
116 1460050398.664025
104 1460050398.743920
101 1460050398.823813
32 1460050398.839822
101 1460050399.047808
97 1460050399.111776
114 1460050399.175753
116 1460050399.319895
104 1460050399.383860
46 1460050399.503813
