83 1457551774.922616
111 1457551775.010617
109 1457551775.066782
101 1457551775.114837
32 1457551775.202781
112 1457551775.226650
101 1457551775.338779
111 1457551775.450747
112 1457551775.490821
108 1457551775.642712
101 1457551775.738750
32 1457551775.802733
102 1457551775.874662
101 1457551775.994696
101 1457551776.130772
108 1457551776.194743
32 1457551776.258712
116 1457551776.330654
104 1457551776.410657
97 1457551776.482613
116 1457551776.522797
32 1457551776.594758
116 1457551776.666707
104 1457551776.738654
101 1457551776.802686
32 1457551776.882704
99 1457551776.994596
111 1457551777.058760
109 1457551777.194774
109 1457551777.314628
97 1457551777.402773
110 1457551777.466713
100 1457551777.562711
109 1457551777.634700
101 1457551777.722739
110 1457551777.802695
116 1457551777.882672
115 1457551777.978690
32 1457551778.042646
97 1457551778.114765
114 1457551778.194780
101 1457551778.234766
32 1457551778.306697
98 1457551778.498731
117 1457551778.586689
114 1457551778.674665
100 1457551778.778668
101 1457551778.906657
110 1457551779.002615
115 1457551779.090827
111 1457551779.202786
109 1457551779.258784
101 1457551779.346777
32 1457551779.402704
97 1457551779.490671
110 1457551779.546867
100 1457551779.634686
32 1457551779.690676
116 1457551779.770661
104 1457551779.874613
97 1457551779.899071
116 1457551779.978633
32 1457551780.066712
116 1457551780.146833
104 1457551780.226717
101 1457551780.298684
121 1457551780.378668
32 1457551780.466689
108 1457551780.562640
105 1457551780.642613
109 1457551780.738604
105 1457551780.818596
116 1457551780.914608
32 1457551780.978640
102 1457551781.074665
114 1457551781.218750
101 1457551781.322764
101 1457551781.450698
100 1457551781.602688
111 1457551781.666668
109 1457551781.714637
32 1457551781.778642
97 1457551781.874614
110 1457551781.938562
100 1457551782.018556
32 1457551782.082592
112 1457551782.154727
101 1457551782.194669
114 1457551782.258630
115 1457551782.322785
111 1457551782.394630
110 1457551782.466594
97 1457551782.554727
108 1457551782.650678
32 1457551782.706645
103 1457551783.154748
114 1457551783.746765
111 1457551783.970700
119 1457551784.066744
116 1457551784.202757
104 1457551784.298722
46 1457551784.474675
32 1457551784.594646
66 1457551784.850661
117 1457551784.946617
116 1457551785.034669
32 1457551785.082602
116 1457551785.170696
104 1457551785.234633
101 1457551785.306606
32 1457551785.362632
83 1457551785.522618
97 1457551785.698647
118 1457551785.794628
105 1457551785.906574
111 1457551785.962559
114 1457551786.034663
32 1457551786.106658
116 1457551786.202600
97 1457551786.338694
103 1457551786.538618
116 1457551786.738713
8 1457551786.986551
8 1457551787.354625
117 1457551787.514689
103 1457551787.594772
104 1457551787.682612
116 1457551787.746647
32 1457551787.890543
116 1457551788.378646
104 1457551788.466607
97 1457551788.522619
116 1457551788.570710
32 1457551788.626618
116 1457551788.722542
114 1457551788.858538
117 1457551788.938508
101 1457551789.018671
32 1457551789.082563
102 1457551789.146551
114 1457551789.298608
101 1457551789.354530
101 1457551789.466549
100 1457551789.594728
111 1457551789.698599
109 1457551789.754553
32 1457551789.818595
99 1457551789.874525
111 1457551789.970536
109 1457551790.034539
101 1457551790.084538
115 1457551790.135050
32 1457551790.185531
111 1457551790.250543
110 1457551790.330606
108 1457551790.450531
121 1457551790.546618
32 1457551790.602561
102 1457551790.666593
114 1457551790.802619
111 1457551790.858560
109 1457551790.922546
32 1457551790.986546
102 1457551791.036374
111 1457551791.106672
108 1457551791.266618
108 1457551791.394613
111 1457551791.530615
119 1457551791.626535
105 1457551791.714590
110 1457551791.781925
103 1457551791.836110
32 1457551791.889946
72 1457551792.010455
105 1457551792.072351
109 1457551792.178577
58 1457551792.362567
32 1457551792.674600
34 1457551792.938518
73 1457551793.618498
102 1457551793.722578
32 1457551793.810718
121 1457551793.938538
101 1457551794.018490
32 1457551794.098655
99 1457551794.226552
111 1457551794.284940
110 1457551794.342570
116 1457551794.442544
105 1457551794.514557
110 1457551794.574335
117 1457551794.698531
101 1457551794.778608
32 1457551794.850568
105 1457551794.922465
110 1457551794.980838
32 1457551795.066610
109 1457551795.146573
121 1457551795.306567
32 1457551795.393839
119 1457551795.457817
111 1457551795.519624
114 1457551795.586519
100 1457551795.666492
44 1457551795.746475
32 1457551795.834569
116 1457551795.898429
104 1457551795.970436
101 1457551796.050512
110 1457551796.138503
32 1457551796.202814
97 1457551796.274553
114 1457551796.336557
101 1457551796.398153
32 1457551796.466444
116 1457551796.554528
8 1457551796.834665
121 1457551797.010516
101 1457551797.090600
32 1457551797.162593
109 1457551797.394562
121 1457551797.586571
32 1457551797.648789
100 1457551797.730551
105 1457551797.802547
115 1457551797.874474
99 1457551797.954400
105 1457551798.050455
112 1457551798.194491
108 1457551798.370548
101 1457551798.450508
115 1457551798.514876
32 1457551798.579867
105 1457551798.658523
110 1457551798.721752
100 1457551798.818691
101 1457551798.946551
101 1457551799.082559
100 1457551799.210595
59 1457551799.290575
32 1457551799.394633
97 1457551799.562732
110 1457551799.634428
100 1457551799.706474
32 1457551799.768804
121 1457551799.842545
101 1457551799.906416
32 1457551800.002450
115 1457551800.130656
104 1457551800.194489
97 1457551800.298556
108 1457551800.370475
108 1457551800.522578
32 1457551800.586210
107 1457551800.682511
110 1457551800.754447
111 1457551800.814625
119 1457551800.890418
32 1457551800.962395
116 1457551801.034449
104 1457551801.122436
101 1457551801.194417
32 1457551801.258601
116 1457551801.322481
114 1457551801.450398
117 1457551801.546653
116 1457551801.634564
104 1457551801.706506
44 1457551801.890455
32 1457551802.010487
97 1457551802.098640
110 1457551802.201161
100 1457551802.302036
32 1457551802.400031
116 1457551802.477202
104 1457551802.537910
101 1457551802.598919
32 1457551802.659137
116 1457551802.718714
114 1457551802.810565
117 1457551802.882436
115 1457551802.970599
104 1457551803.074518
32 1457551803.146441
115 1457551803.282436
104 1457551803.370590
8 1457551803.562533
8 1457551803.690506
8 1457551803.842444
8 1457551803.994466
8 1457551804.154555
116 1457551804.258480
104 1457551804.330383
32 1457551804.450455
115 1457551804.602494
104 1457551804.660521
97 1457551805.090513
108 1457551805.186521
108 1457551805.322503
32 1457551805.402400
109 1457551805.482395
97 1457551805.554436
107 1457551805.642452
101 1457551805.722417
32 1457551805.780171
121 1457551805.837143
111 1457551805.898395
117 1457551805.978500
32 1457551806.042422
102 1457551806.154455
114 1457551806.290431
101 1457551806.348224
101 1457551806.458435
34 1457551806.754431
32 1457551806.882495
40 1457551807.122482
74 1457551807.562472
111 1457551807.690501
104 1457551807.802402
110 1457551807.962401
32 1457551808.106474
56 1457551808.530501
58 1457551808.874442
51 1457551809.194467
50 1457551809.370406
45 1457551809.754422
8 1457551810.034396
8 1457551810.154486
49 1457551810.258356
45 1457551810.410424
8 1457551811.138513
45 1457551812.010439
51 1457551812.330407
8 1457551812.770444
8 1457551812.898391
45 1457551813.698488
8 1457551814.666412
45 1457551814.954389
51 1457551816.378378
50 1457551816.442458
41 1457551816.794293
46 1457551817.074467
32 1457551817.298423
71 1457551817.602334
111 1457551817.674292
100 1457551817.770264
32 1457551817.858290
103 1457551817.970330
105 1457551818.058298
118 1457551818.154303
101 1457551818.208056
115 1457551818.274338
32 1457551818.338258
99 1457551818.874379
111 1457551818.938287
109 1457551819.098371
109 1457551819.194344
97 1457551819.306282
110 1457551819.386326
100 1457551819.466376
109 1457551819.546407
101 1457551819.634334
110 1457551819.714406
116 1457551819.810293
115 1457551819.890331
32 1457551819.962252
102 1457551820.058339
111 1457551820.162357
114 1457551820.214344
32 1457551820.274396
111 1457551820.338329
117 1457551820.402382
114 1457551820.466300
32 1457551820.522351
98 1457551820.626315
101 1457551820.762328
110 1457551820.874316
101 1457551820.926505
102 1457551821.034380
105 1457551821.114324
116 1457551821.218397
46 1457551821.306321
32 1457551821.402345
84 1457551821.522304
104 1457551821.579087
101 1457551821.682318
121 1457551821.754306
32 1457551821.811361
97 1457551821.882282
114 1457551821.937055
101 1457551822.002313
32 1457551822.058653
108 1457551822.122259
111 1457551822.266343
118 1457551822.346239
105 1457551822.426341
110 1457551822.498257
103 1457551822.557735
32 1457551822.617091
105 1457551822.690272
110 1457551822.748220
115 1457551822.826281
116 1457551822.898306
114 1457551823.050322
117 1457551823.146250
99 1457551823.242330
116 1457551823.330367
105 1457551823.402277
111 1457551823.462432
110 1457551823.522733
115 1457551823.584398
32 1457551823.645270
102 1457551823.705699
111 1457551823.770195
114 1457551823.850246
32 1457551823.910488
111 1457551824.002235
117 1457551824.063792
114 1457551824.138235
32 1457551824.202209
104 1457551824.282225
97 1457551824.354201
112 1457551824.450230
112 1457551824.578341
105 1457551824.682282
110 1457551824.746206
101 1457551824.810214
115 1457551824.946278
115 1457551825.074317
32 1457551825.162319
97 1457551825.250274
110 1457551825.322223
100 1457551825.402267
32 1457551825.460681
102 1457551825.522227
111 1457551825.610380
114 1457551825.682266
32 1457551825.737786
111 1457551825.802211
117 1457551825.866189
114 1457551825.930235
32 1457551826.002256
112 1457551826.066273
104 1457551826.125416
121 1457551826.282317
115 1457551826.386312
105 1457551826.474416
99 1457551826.562413
97 1457551826.620783
108 1457551826.690199
32 1457551826.770304
97 1457551826.827977
110 1457551826.898162
100 1457551826.970202
32 1457551827.042213
115 1457551827.154325
112 1457551827.212955
105 1457551827.306262
114 1457551827.386220
105 1457551827.474266
116 1457551827.562244
117 1457551827.650177
97 1457551827.722220
108 1457551827.818144
32 1457551827.883118
119 1457551827.954190
101 1457551828.026166
108 1457551828.138252
108 1457551828.282286
45 1457551828.730290
98 1457551828.906220
101 1457551829.042205
105 1457551829.146324
110 1457551829.210207
103 1457551829.282285
46 1457551829.402215
32 1457551829.546226
10 1457551830.426324
84 1457551830.906224
105 1457551830.994284
110 1457551831.082144
8 1457551831.266300
8 1457551831.402236
8 1457551831.546276
73 1457551831.714198
110 1457551831.771597
32 1457551831.842243
116 1457551831.906096
104 1457551831.978184
101 1457551832.058267
32 1457551832.120698
112 1457551832.181527
114 1457551832.274315
101 1457551832.332875
111 1457551832.434179
109 1457551832.578178
114 1457551832.714204
8 1457551832.922198
8 1457551833.058166
8 1457551833.210224
109 1457551833.450210
111 1457551833.508966
114 1457551833.569004
116 1457551833.690152
97 1457551833.754050
108 1457551833.812927
32 1457551833.898103
101 1457551833.978080
120 1457551834.090235
105 1457551834.186178
115 1457551834.282127
116 1457551834.394161
101 1457551834.506124
110 1457551834.626186
99 1457551834.746167
101 1457551834.906132
44 1457551835.010162
32 1457551835.074211
72 1457551835.218247
101 1457551835.354181
97 1457551835.634228
118 1457551835.698085
101 1457551835.834189
110 1457551836.098194
108 1457551836.250227
121 1457551836.354221
32 1457551836.450321
70 1457551836.594120
97 1457551836.754160
116 1457551836.826161
104 1457551836.962177
101 1457551837.025980
114 1457551837.093962
32 1457551837.159763
112 1457551837.224460
114 1457551837.288432
101 1457551837.351851
115 1457551837.426121
105 1457551837.538199
100 1457551837.618178
101 1457551837.762172
100 1457551837.890136
32 1457551837.970150
111 1457551838.036797
118 1457551838.117274
101 1457551838.210143
114 1457551838.276798
32 1457551838.354076
97 1457551838.418498
32 1457551838.514148
103 1457551838.579519
101 1457551838.666114
114 1457551838.770066
8 1457551838.986082
8 1457551839.122232
114 1457551839.218132
101 1457551839.289521
97 1457551839.362113
116 1457551839.427491
32 1457551839.506191
99 1457551839.610223
111 1457551839.698102
8 1457551839.938083
8 1457551840.066142
67 1457551840.266130
111 1457551840.362115
117 1457551840.427579
110 1457551840.570163
99 1457551840.674147
105 1457551840.746064
108 1457551840.812277
32 1457551840.878663
105 1457551841.002114
110 1457551841.069720
32 1457551841.146117
72 1457551841.482033
101 1457551841.610144
97 1457551841.746092
118 1457551841.826090
101 1457551841.890400
110 1457551841.986194
46 1457551842.122165
32 1457551842.250142
84 1457551842.434155
104 1457551842.522100
101 1457551842.587471
114 1457551842.652389
101 1457551842.715929
32 1457551842.778672
119 1457551842.890101
101 1457551842.952645
32 1457551843.018058
108 1457551843.130166
101 1457551843.210056
97 1457551843.298050
114 1457551843.362020
110 1457551843.498079
101 1457551843.562916
100 1457551843.698102
32 1457551843.794256
111 1457551843.858323
102 1457551843.930047
32 1457551844.010014
104 1457551844.075482
105 1457551844.174350
115 1457551844.279979
8 1457551844.385123
8 1457551844.506170
8 1457551845.114164
72 1457551845.330098
73 1457551845.393329
115 1457551845.506035
32 1457551845.610238
112 1457551845.672008
108 1457551845.818190
8 1457551846.066249
8 1457551846.202060
8 1457551846.362071
8 1457551846.521989
8 1457551846.682081
8 1457551846.842027
72 1457551847.458041
105 1457551847.530071
115 1457551847.626202
32 1457551847.730080
112 1457551847.802017
108 1457551847.953993
97 1457551848.018005
110 1457551848.082031
32 1457551848.170068
102 1457551848.242075
111 1457551848.322007
114 1457551848.402125
32 1457551848.465002
111 1457551848.530014
117 1457551848.594987
114 1457551848.657944
32 1457551848.722009
115 1457551848.794087
97 1457551849.002039
108 1457551849.162117
118 1457551849.346068
97 1457551849.458018
116 1457551849.538068
105 1457551849.626080
111 1457551849.691011
110 1457551849.755573
44 1457551849.914038
32 1457551850.002056
119 1457551850.074061
104 1457551850.162069
105 1457551850.229993
99 1457551850.297813
104 1457551850.364724
32 1457551850.432469
105 1457551850.499208
110 1457551850.568250
99 1457551850.657956
108 1457551850.729959
117 1457551850.795924
100 1457551850.873955
101 1457551851.009967
100 1457551851.146039
32 1457551851.225943
97 1457551851.306054
32 1457551851.386043
116 1457551851.450790
105 1457551851.538057
109 1457551851.602992
101 1457551851.667694
32 1457551851.730846
111 1457551851.794091
102 1457551851.857706
32 1457551851.919735
116 1457551852.033930
101 1457551852.114042
115 1457551852.210058
116 1457551852.273999
105 1457551852.345971
110 1457551852.408845
103 1457551852.471037
32 1457551852.534246
111 1457551852.599267
110 1457551852.663164
32 1457551852.725557
116 1457551852.809928
104 1457551852.881919
101 1457551852.969976
32 1457551853.031703
101 1457551853.170047
97 1457551853.235114
114 1457551853.322005
116 1457551853.458015
104 1457551853.546035
58 1457551853.729937
32 1457551853.841999
34 1457551854.049909
87 1457551854.298011
101 1457551854.481969
32 1457551854.577983
115 1457551854.818023
104 1457551854.898125
97 1457551854.986007
108 1457551855.074045
8 1457551855.298032
8 1457551855.426036
8 1457551855.578049
8 1457551855.705997
119 1457551855.785953
105 1457551855.889964
108 1457551856.017957
108 1457551856.154154
32 1457551856.266012
109 1457551857.730072
97 1457551857.798918
107 1457551857.864575
101 1457551857.945919
32 1457551858.010101
97 1457551858.097942
110 1457551858.177906
32 1457551858.242992
101 1457551858.338065
97 1457551858.403193
114 1457551858.468930
116 1457551858.601974
104 1457551858.681910
32 1457551858.777989
119 1457551861.025944
104 1457551861.092243
101 1457551861.157318
114 1457551861.234026
101 1457551861.299120
111 1457551861.393952
110 1457551861.465828
32 1457551861.530212
116 1457551861.681942
104 1457551861.761974
101 1457551861.833952
115 1457551861.969912
101 1457551862.065948
32 1457551862.137982
109 1457551862.202212
97 1457551862.266517
121 1457551862.393929
32 1457551862.457275
100 1457551862.520893
119 1457551862.665949
101 1457551862.785893
101 1457551862.913870
59 1457551863.009883
8 1457551863.329987
8 1457551863.473958
108 1457551863.657981
108 1457551863.785909
59 1457551863.921938
32 1457551864.025885
97 1457551864.721976
110 1457551864.801938
100 1457551864.889975
32 1457551865.001924
119 1457551865.505931
101 1457551865.571167
32 1457551865.657865
119 1457551869.017906
105 1457551869.105893
108 1457551869.217796
108 1457551869.345868
32 1457551869.449863
112 1457551869.529824
114 1457551869.601834
111 1457551869.681801
118 1457551869.769821
101 1457551869.857801
32 1457551869.919888
116 1457551869.985798
104 1457551870.049783
101 1457551870.129784
109 1457551870.209821
32 1457551870.281831
104 1457551870.385857
101 1457551870.465239
114 1457551870.527288
101 1457551870.590873
119 1457551870.713817
105 1457551870.833866
116 1457551870.905772
104 1457551870.985806
44 1457551871.193865
32 1457551871.313850
116 1457551871.866198
111 1457551871.931503
32 1457551872.033759
115 1457551872.425854
101 1457551872.561838
101 1457551872.689794
32 1457551872.777779
105 1457551876.289916
102 1457551876.353778
32 1457551876.425804
116 1457551886.009796
104 1457551886.075885
101 1457551886.153670
121 1457551886.225667
32 1457551886.297700
119 1457551886.385817
105 1457551886.446495
108 1457551886.561758
108 1457551886.681719
32 1457551886.769695
100 1457551886.881705
111 1457551886.965965
32 1457551887.024737
97 1457551887.086611
108 1457551887.161726
108 1457551887.297715
32 1457551887.361578
116 1457551887.433657
104 1457551887.513699
105 1457551887.576917
110 1457551887.657667
103 1457551887.718285
115 1457551887.777671
32 1457551887.836872
119 1457551887.913589
104 1457551887.993642
97 1457551888.129712
116 1457551888.217685
115 1457551888.377670
111 1457551888.497658
101 1457551888.753721
118 1457551888.857661
101 1457551888.953608
114 1457551889.065712
32 1457551889.137668
116 1457551889.233751
104 1457551889.297696
101 1457551889.369682
32 1457551889.441666
76 1457551889.577734
111 1457551889.713707
114 1457551889.769613
100 1457551889.826222
32 1457551889.882015
116 1457551889.953669
104 1457551890.041785
101 1457551890.113787
105 1457551890.217695
114 1457551890.345615
32 1457551890.481713
71 1457551890.761559
111 1457551890.833603
100 1457551890.929542
32 1457551890.987178
115 1457551891.089910
104 1457551891.161654
97 1457551891.257633
108 1457551891.315444
108 1457551891.441695
32 1457551891.529805
99 1457551891.587995
111 1457551891.644916
109 1457551891.753650
109 1457551891.881680
97 1457551891.961638
110 1457551892.057684
100 1457551892.121680
109 1457551892.209701
8 1457551892.481770
32 1457551892.601721
116 1457551892.737649
104 1457551892.801620
101 1457551892.881621
109 1457551892.961628
34 1457551893.209688
32 1457551893.369589
40 1457551893.889525
65 1457551894.385557
98 1457551894.689739
114 1457551894.857606
97 1457551894.921569
104 1457551895.001671
97 1457551895.113668
109 1457551895.225684
32 1457551895.401645
51 1457551895.793652
58 1457551896.065572
51 1457551896.313676
50 1457551896.457652
8 1457551896.641613
8 1457551896.753619
50 1457551896.817538
52 1457551896.953604
45 1457551897.337698
51 1457551897.905629
53 1457551898.313647
8 1457551898.561721
8 1457551898.689561
51 1457551898.745534
53 1457551898.841626
8 1457551899.393650
8 1457551899.505572
51 1457551899.593611
53 1457551899.745549
8 1457551900.017552
8 1457551900.145648
50 1457551900.199022
53 1457551900.289693
41 1457551900.697493
46 1457551901.041642
32 1457551901.185603
79 1457551901.465542
110 1457551901.545608
101 1457551901.617514
32 1457551901.671793
114 1457551901.817501
101 1457551901.873475
97 1457551901.945561
115 1457551902.025646
111 1457551902.081532
110 1457551902.137391
32 1457551902.193435
119 1457551902.249504
101 1457551902.321489
32 1457551902.433537
104 1457551902.513555
97 1457551902.601545
114 1457551902.654274
101 1457551902.706008
32 1457551902.777514
104 1457551902.985547
101 1457551903.057573
114 1457551903.137721
101 1457551903.201478
32 1457551903.289662
8 1457551903.457566
8 1457551903.601576
8 1457551903.745480
8 1457551903.897522
8 1457551904.049524
8 1457551904.209564
8 1457551904.361497
8 1457551904.521563
8 1457551904.673539
8 1457551904.833482
97 1457551904.945497
114 1457551904.995506
101 1457551905.057518
32 1457551905.129496
104 1457551905.225485
101 1457551905.305489
114 1457551905.393495
101 1457551905.465457
32 1457551905.516270
111 1457551905.601537
110 1457551905.654167
32 1457551905.721495
116 1457551905.833540
104 1457551905.905514
101 1457551905.977533
32 1457551906.027666
101 1457551906.185524
97 1457551906.305506
114 1457551906.385466
116 1457551906.537522
104 1457551906.609587
32 1457551906.689551
105 1457551906.745477
115 1457551906.825494
32 1457551906.881472
116 1457551906.969444
111 1457551907.065541
32 1457551907.138288
115 1457551907.222960
104 1457551907.308269
111 1457551907.391923
119 1457551907.465686
32 1457551907.517587
111 1457551907.571437
117 1457551907.624951
114 1457551907.678461
32 1457551907.731776
119 1457551907.809486
105 1457551907.862621
108 1457551907.977484
108 1457551908.105613
105 1457551908.193618
110 1457551908.249431
103 1457551908.313456
110 1457551908.425533
101 1457551908.497483
115 1457551908.633545
115 1457551908.753485
32 1457551908.841499
116 1457551908.929467
111 1457551909.001474
32 1457551909.054105
111 1457551909.145481
98 1457551909.198816
101 1457551909.321553
121 1457551909.433492
32 1457551909.489432
104 1457551909.657521
101 1457551909.721483
97 1457551909.801625
118 1457551909.881550
101 1457551909.985462
110 1457551910.049477
108 1457551910.145537
8 1457551910.409486
8 1457551910.545484
8 1457551910.697470
8 1457551910.857432
8 1457551911.025424
8 1457551911.177473
8 1457551911.353503
72 1457551911.521407
101 1457551911.633464
97 1457551911.737501
118 1457551911.789321
101 1457551911.840083
110 1457551911.913421
108 1457551912.009452
121 1457551912.121498
32 1457551912.185434
70 1457551912.313456
97 1457551912.473454
116 1457551912.524532
104 1457551912.673455
101 1457551912.724916
114 1457551912.775783
39 1457551912.857513
115 1457551912.908155
32 1457551913.001351
99 1457551913.097511
111 1457551913.177521
109 1457551913.297434
109 1457551913.425458
97 1457551913.505439
110 1457551913.601472
100 1457551913.665466
109 1457551913.753331
101 1457551913.841438
110 1457551913.937500
116 1457551914.041486
115 1457551914.097485
46 1457551914.177422
32 1457551914.273465
10 1457551914.849472
84 1457551915.385287
104 1457551915.465452
101 1457551915.529324
32 1457551915.601388
112 1457551915.697413
8 1457551916.017498
80 1457551916.209486
114 1457551916.329407
111 1457551916.433387
112 1457551916.482315
104 1457551916.569465
101 1457551916.665397
116 1457551916.729361
32 1457551916.825433
74 1457551916.985331
111 1457551917.072269
115 1457551917.129392
101 1457551917.241462
112 1457551917.297413
104 1457551917.369444
32 1457551917.481457
83 1457551917.649335
109 1457551917.705512
105 1457551917.755935
116 1457551917.865377
104 1457551917.953352
32 1457551918.025367
116 1457551918.081386
97 1457551918.134893
117 1457551918.225416
103 1457551918.289380
104 1457551918.393378
116 1457551918.465460
32 1457551918.553578
116 1457551918.649435
104 1457551918.737387
97 1457551918.790496
116 1457551918.842700
32 1457551918.897313
111 1457551918.953323
98 1457551919.057436
101 1457551919.209406
100 1457551919.353417
105 1457551919.465378
101 1457551919.545395
110 1457551919.633402
99 1457551919.705344
101 1457551919.857355
32 1457551919.929373
116 1457551920.033360
111 1457551920.110356
32 1457551920.177400
116 1457551920.233915
104 1457551920.305394
101 1457551920.369331
32 1457551920.441410
99 1457551920.545412
111 1457551920.604643
109 1457551920.713375
109 1457551920.841361
97 1457551920.929428
110 1457551921.009392
100 1457551921.089366
109 1457551921.185384
101 1457551921.241843
110 1457551921.361414
116 1457551921.433411
115 1457551921.489356
32 1457551921.545527
108 1457551921.633521
101 1457551921.689482
97 1457551921.761382
100 1457551921.825383
115 1457551921.913397
32 1457551922.009411
116 1457551922.121376
111 1457551922.185309
32 1457551922.241572
98 1457551922.321342
108 1457551922.457383
101 1457551922.529372
115 1457551922.649374
115 1457551922.769332
105 1457551922.857312
110 1457551922.915654
103 1457551922.971853
115 1457551923.028659
32 1457551923.085781
102 1457551923.169348
114 1457551923.297409
111 1457551923.355462
109 1457551923.413212
32 1457551923.472110
71 1457551923.545342
111 1457551923.628638
100 1457551923.721362
46 1457551923.841306
32 1457551923.929358
104 1457551924.145550
101 1457551924.233325
32 1457551924.305353
8 1457551924.801356
8 1457551924.945324
8 1457551925.089379
72 1457551925.257384
101 1457551925.353405
32 1457551925.433289
115 1457551925.553285
97 1457551925.624907
105 1457551925.697299
100 1457551925.761227
58 1457551925.937171
32 1457551926.073328
34 1457551926.329346
84 1457551926.601375
104 1457551926.697325
101 1457551926.756782
114 1457551926.815877
101 1457551926.874894
32 1457551926.933644
105 1457551926.992848
115 1457551927.053107
32 1457551927.115810
97 1457551927.201244
32 1457551927.289428
108 1457551927.393243
97 1457551927.454958
119 1457551927.515794
44 1457551927.641336
32 1457551927.721375
105 1457551927.849298
114 1457551927.977276
114 1457551928.105414
101 1457551928.209256
118 1457551928.425341
111 1457551928.537308
99 1457551928.649312
97 1457551928.745290
98 1457551928.857308
108 1457551928.937205
121 1457551929.025312
32 1457551929.121338
100 1457551929.201234
101 1457551929.337377
99 1457551929.505319
114 1457551929.641383
101 1457551929.793288
101 1457551929.921271
100 1457551930.073315
32 1457551930.193281
105 1457551930.377263
110 1457551930.441491
32 1457551930.553279
104 1457551930.630638
101 1457551930.692703
97 1457551930.753413
118 1457551930.813819
101 1457551930.873964
110 1457551930.934662
32 1457551930.995691
98 1457551931.129343
101 1457551931.273321
102 1457551931.335785
111 1457551931.417262
114 1457551931.481345
101 1457551931.569258
32 1457551931.634462
116 1457551931.697886
104 1457551931.759782
101 1457551931.821512
102 1457551931.921248
32 1457551931.983393
111 1457551932.065240
117 1457551932.133921
110 1457551932.257225
100 1457551932.334293
97 1457551932.409216
116 1457551932.474500
105 1457551932.561239
8 1457551932.793256
8 1457551932.921224
8 1457551933.421054
8 1457551933.487412
8 1457551933.609255
8 1457551933.761223
8 1457551933.929180
8 1457551934.097296
8 1457551934.273297
32 1457551934.569258
116 1457551934.825284
104 1457551934.905281
101 1457551934.977269
8 1457551935.209308
8 1457551935.345278
8 1457551935.489276
102 1457551935.585356
111 1457551935.689230
117 1457551935.755182
110 1457551935.881205
100 1457551935.946857
97 1457551936.033212
116 1457551936.100821
105 1457551936.177205
111 1457551936.243701
110 1457551936.311126
115 1457551936.378778
32 1457551936.446627
111 1457551936.513980
102 1457551936.582405
32 1457551936.652744
116 1457551936.720007
104 1457551936.786556
105 1457551937.113229
115 1457551937.225235
32 1457551937.377172
119 1457551937.873221
111 1457551937.941859
114 1457551938.017234
108 1457551938.113307
100 1457551938.183397
44 1457551938.305223
32 1457551938.425156
117 1457551938.601233
112 1457551938.697203
111 1457551938.801114
110 1457551938.873139
32 1457551938.977183
119 1457551939.047214
104 1457551939.118070
105 1457551939.189037
99 1457551939.257897
104 1457551939.327746
32 1457551939.396095
97 1457551939.465783
108 1457551939.534786
108 1457551939.625208
32 1457551939.694802
98 1457551939.777172
108 1457551939.845726
101 1457551939.913451
115 1457551940.017135
115 1457551940.153256
105 1457551940.241188
110 1457551940.310782
103 1457551940.378287
115 1457551940.447563
32 1457551940.533871
97 1457551940.601498
114 1457551940.668870
101 1457551940.734388
32 1457551940.799698
112 1457551941.257217
114 1457551941.325477
101 1457551941.393029
100 1457551941.521158
105 1457551941.617238
99 1457551941.697128
97 1457551941.764047
116 1457551941.849104
101 1457551941.915321
100 1457551942.049169
45 1457551942.119059
97 1457551942.441218
110 1457551942.521146
100 1457551942.617324
8 1457551942.785135
8 1457551942.921172
8 1457551943.073201
8 1457551943.233244
45 1457551943.521208
8 1457551943.969271
45 1457551946.681176
97 1457551947.577161
110 1457551947.644851
100 1457551947.737124
32 1457551947.802260
119 1457551947.881021
104 1457551947.961035
101 1457551948.033066
110 1457551948.100693
32 1457551948.169096
119 1457551948.273170
101 1457551948.339059
32 1457551948.403709
111 1457551948.470089
98 1457551948.569115
116 1457551948.729124
97 1457551948.801067
105 1457551948.867403
110 1457551948.933353
32 1457551948.998422
97 1457551949.063958
110 1457551949.153112
121 1457551949.337193
32 1457551949.433070
98 1457551949.521250
108 1457551949.584855
101 1457551949.673038
115 1457551949.801042
115 1457551949.921046
105 1457551950.007545
110 1457551950.074678
103 1457551950.137652
32 1457551950.198397
102 1457551950.265003
114 1457551950.393051
111 1457551950.456821
109 1457551950.519155
32 1457551950.584002
71 1457551950.697041
111 1457551950.761262
100 1457551950.865096
44 1457551951.009046
32 1457551951.105084
105 1457551951.249043
116 1457551951.337086
32 1457551951.401578
105 1457551951.466865
115 1457551951.531228
32 1457551951.597429
98 1457551951.681113
121 1457551951.761050
32 1457551951.857106
111 1457551951.953178
98 1457551952.017234
101 1457551952.169141
100 1457551952.297117
105 1457551952.400986
101 1457551952.481084
110 1457551952.569025
99 1457551952.641060
101 1457551952.801048
32 1457551952.897054
116 1457551953.017012
111 1457551953.113161
32 1457551953.209042
116 1457551953.273453
104 1457551953.361024
97 1457551953.425174
116 1457551953.490261
32 1457551953.555173
108 1457551953.665086
97 1457551953.768994
119 1457551953.881066
32 1457551953.977091
117 1457551954.065028
112 1457551954.153096
111 1457551954.256974
110 1457551954.329006
32 1457551954.441016
119 1457551954.505659
104 1457551954.593031
105 1457551954.658012
99 1457551954.719945
104 1457551954.781051
32 1457551954.848984
105 1457551954.908938
116 1457551954.992925
32 1457551955.052597
105 1457551955.115187
115 1457551955.177190
32 1457551955.241020
112 1457551968.144970
114 1457551968.208838
101 1457551968.280883
100 1457551968.416871
105 1457551968.480949
99 1457551968.576891
97 1457551968.664900
116 1457551968.744852
101 1457551968.824934
100 1457551968.952917
34 1457551969.128958
32 1457551969.248875
40 1457551969.480898
68 1457551969.824831
42 1457551970.200994
8 1457551970.640976
38 1457551971.648962
67 1457551971.880871
32 1457551972.288992
49 1457551972.592922
51 1457551972.784908
48 1457551972.904860
58 1457551973.656923
51 1457551974.064893
50 1457551974.176877
8 1457551974.448985
8 1457551974.808986
50 1457551974.992861
48 1457551975.104900
45 1457551975.600942
50 1457551976.008905
49 1457551976.448903
41 1457551976.776767
46 1457551977.016853
32 1457551977.192877
75 1457551977.368898
105 1457551977.536862
110 1457551977.595359
103 1457551977.656789
32 1457551977.736778
66 1457551977.984747
101 1457551978.136883
110 1457551978.264833
106 1457551978.432863
97 1457551978.552805
109 1457551978.632853
105 1457551978.728804
110 1457551978.808773
32 1457551978.904854
97 1457551978.958290
108 1457551979.032797
115 1457551979.112942
111 1457551979.200902
32 1457551979.280833
116 1457551979.360816
97 1457551979.440807
117 1457551979.504853
103 1457551979.584841
104 1457551979.680835
116 1457551979.752834
32 1457551979.832879
116 1457551979.904834
104 1457551979.958031
105 1457551980.011255
115 1457551980.066312
32 1457551980.123096
112 1457551980.179166
114 1457551980.264899
105 1457551980.352747
110 1457551980.409534
99 1457551980.488811
105 1457551980.592768
112 1457551980.720792
108 1457551980.864781
101 1457551980.968734
46 1457551981.048833
32 1457551981.160766
34 1457551981.376961
73 1457551981.696852
32 1457551981.768749
119 1457551981.856764
111 1457551981.968781
117 1457551982.032796
108 1457551982.120893
100 1457551982.192762
32 1457551982.256766
100 1457551982.560834
101 1457551982.621412
8 1457551982.912855
101 1457551983.368836
115 1457551983.496844
105 1457551983.600824
114 1457551983.664772
101 1457551983.723632
32 1457551983.782039
116 1457551983.840526
104 1457551983.912735
97 1457551983.984726
116 1457551984.044639
32 1457551984.105641
121 1457551984.167454
101 1457551984.227026
32 1457551984.288734
115 1457551984.360876
104 1457551984.456815
111 1457551984.519381
117 1457551984.600749
108 1457551984.665061
100 1457551984.727282
32 1457551984.789048
99 1457551984.904762
111 1457551984.976719
110 1457551985.039712
115 1457551985.104185
105 1457551985.176710
100 1457551985.240639
101 1457551985.368782
114 1457551985.432213
32 1457551985.497470
111 1457551985.563532
110 1457551985.631016
32 1457551985.695666
116 1457551985.758488
104 1457551985.821510
101 1457551985.896778
32 1457551985.968774
98 1457551986.088835
108 1457551986.155898
101 1457551986.224835
115 1457551986.376796
115 1457551986.480782
101 1457551986.616733
100 1457551986.752748
32 1457551986.842195
97 1457551986.912698
110 1457551986.992643
100 1457551987.057157
32 1457551987.124068
104 1457551987.190218
97 1457551987.255656
112 1457551987.328672
112 1457551987.448713
121 1457551987.528712
32 1457551987.594457
115 1457551987.660385
116 1457551987.736671
97 1457551987.840689
116 1457551987.912806
101 1457551988.000736
32 1457551988.062402
111 1457551988.126541
102 1457551988.189460
32 1457551988.251313
116 1457551988.312702
104 1457551988.375340
111 1457551988.436715
115 1457551988.498343
101 1457551988.561265
32 1457551988.624814
116 1457551988.800735
104 1457551988.888728
97 1457551988.949292
116 1457551989.009520
32 1457551989.071060
107 1457551989.152647
101 1457551989.336803
112 1457551989.416696
32 1457551989.480688
116 1457551989.568697
104 1457551989.633091
101 1457551989.696795
32 1457551989.760787
99 1457551989.848892
111 1457551989.912708
8 1457551990.128770
8 1457551990.629179
8 1457551990.688856
8 1457551990.746194
8 1457551990.840711
8 1457551990.984725
8 1457551991.160775
8 1457551991.336800
101 1457551991.528738
112 1457551991.632757
32 1457551991.720753
116 1457551991.824677
104 1457551991.905894
101 1457551991.963563
32 1457551992.019058
99 1457551992.120725
111 1457551992.178686
109 1457551992.272667
109 1457551992.400734
97 1457551992.496736
110 1457551992.576713
100 1457551992.656716
109 1457551992.736670
101 1457551992.816750
110 1457551992.920834
116 1457551993.005129
115 1457551993.072155
32 1457551993.131133
111 1457551993.188251
102 1457551993.242858
32 1457551993.297444
71 1457551993.416592
111 1457551993.504882
100 1457551993.568722
44 1457551993.688709
39 1457551993.912778
32 1457551993.968371
8 1457551994.336723
34 1457551994.576735
8 1457551994.872766
8 1457551995.000647
34 1457551995.224747
32 1457551995.360719
104 1457551995.688738
101 1457551995.752624
32 1457551995.824633
99 1457551995.920632
111 1457551995.984555
117 1457551996.040557
110 1457551996.152763
115 1457551996.232569
101 1457551996.328688
108 1457551996.448650
101 1457551996.544631
100 1457551996.688719
46 1457551996.784631
32 1457551996.864629
34 1457551997.176701
70 1457551997.600725
111 1457551997.680722
114 1457551997.760568
32 1457551997.832568
98 1457551998.064687
101 1457551998.200626
104 1457551998.272552
105 1457551998.360716
8 1457551998.632670
111 1457551998.848676
108 1457551999.008633
100 1457551999.088729
44 1457551999.192679
32 1457551999.280698
116 1457551999.360631
104 1457551999.432654
101 1457551999.496645
121 1457551999.576737
32 1457551999.641392
97 1457551999.701757
114 1457551999.761755
101 1457551999.824626
32 1457551999.884358
98 1457551999.984638
108 1457552000.072687
101 1457552000.152737
115 1457552000.280660
115 1457552000.376544
101 1457552000.480709
100 1457552000.624644
32 1457552000.696607
105 1457552000.760508
110 1457552000.818280
32 1457552000.904572
97 1457552000.971729
108 1457552001.032597
108 1457552001.152634
32 1457552001.248591
116 1457552001.320605
104 1457552001.392640
105 1457552001.450140
110 1457552001.528627
103 1457552001.600562
115 1457552001.659106
44 1457552001.720564
32 1457552001.808557
98 1457552001.896562
111 1457552001.976488
116 1457552002.072677
104 1457552002.144541
32 1457552002.208601
116 1457552002.544703
101 1457552002.608688
109 1457552002.680622
112 1457552002.737508
111 1457552002.808563
114 1457552002.888538
97 1457552003.480663
108 1457552003.608662
32 1457552003.688610
97 1457552003.808527
110 1457552003.896595
100 1457552003.968495
32 1457552004.048587
115 1457552004.120595
112 1457552004.216591
105 1457552004.288467
114 1457552004.376782
105 1457552004.456491
116 1457552004.544727
117 1457552004.624651
97 1457552004.712739
108 1457552004.808640
59 1457552004.952641
32 1457552005.096624
97 1457552005.184693
110 1457552005.288599
100 1457552005.360633
32 1457552005.418061
105 1457552005.475351
102 1457552005.544578
32 1457552005.602217
116 1457552005.688711
104 1457552005.752505
101 1457552005.824542
121 1457552005.920502
32 1457552006.000538
104 1457552006.120615
111 1457552006.177749
108 1457552006.320553
100 1457552006.392544
32 1457552006.456528
111 1457552006.510995
117 1457552006.568591
116 1457552006.623260
32 1457552006.696556
102 1457552006.776615
97 1457552006.872516
105 1457552006.927685
116 1457552007.040501
104 1457552007.112578
102 1457552007.200549
117 1457552007.304568
108 1457552007.362429
32 1457552007.456560
116 1457552007.544575
111 1457552007.624500
32 1457552007.683880
116 1457552007.768622
104 1457552007.832498
101 1457552007.912522
32 1457552007.970674
101 1457552008.072494
110 1457552008.168499
100 1457552008.227366
32 1457552008.328532
116 1457552008.456489
104 1457552008.528508
101 1457552008.600516
121 1457552008.688570
32 1457552008.760478
114 1457552008.904488
8 1457552009.296599
97 1457552009.360494
114 1457552009.419727
101 1457552009.479825
32 1457552009.538419
114 1457552009.776636
101 1457552009.836234
99 1457552009.992512
101 1457552010.160558
105 1457552010.264542
118 1457552010.326601
101 1457552010.400542
100 1457552010.544608
32 1457552010.624517
105 1457552010.686226
110 1457552010.745610
116 1457552010.804504
111 1457552010.862697
32 1457552010.944594
104 1457552011.024517
101 1457552011.088484
97 1457552011.184517
118 1457552011.244424
101 1457552011.305249
110 1457552011.367403
44 1457552011.488565
32 1457552011.592484
116 1457552011.808515
104 1457552011.888437
97 1457552011.968526
116 1457552012.030179
32 1457552012.120547
116 1457552012.200518
104 1457552012.272493
101 1457552012.337543
114 1457552012.400852
101 1457552012.480561
98 1457552012.624526
121 1457552012.720755
32 1457552012.816466
116 1457552013.056480
104 1457552013.144451
101 1457552013.216480
121 1457552013.304562
32 1457552013.366780
109 1457552013.520616
97 1457552013.600517
121 1457552013.712475
32 1457552013.774449
100 1457552013.836336
119 1457552013.952491
101 1457552014.040567
108 1457552014.160484
108 1457552014.280473
32 1457552014.360512
119 1457552014.512505
105 1457552014.575830
116 1457552014.664557
104 1457552014.736522
32 1457552014.798035
71 1457552014.904440
111 1457552015.000467
100 1457552015.072487
32 1457552015.148792
105 1457552015.213871
110 1457552015.278568
32 1457552015.344543
97 1457552015.424522
32 1457552015.535413
115 1457552015.601100
116 1457552015.704438
97 1457552015.800598
116 1457552015.880411
101 1457552015.952407
32 1457552016.015738
111 1457552016.080347
102 1457552016.147544
32 1457552016.211799
110 1457552016.274389
101 1457552016.344465
118 1457552016.416367
101 1457552016.512548
114 1457552016.592455
45 1457552016.680398
101 1457552016.760403
110 1457552016.872477
100 1457552016.952467
105 1457552017.048539
110 1457552017.115911
103 1457552017.179672
32 1457552017.243032
104 1457552017.312497
97 1457552017.408513
112 1457552017.496531
112 1457552017.608486
105 1457552017.696482
110 1457552017.776453
101 1457552017.838979
115 1457552017.944478
115 1457552018.080436
46 1457552018.147655
32 1457552018.224417
79 1457552018.392482
32 1457552018.648531
114 1457552018.960426
101 1457552019.024412
109 1457552019.104576
101 1457552019.184380
109 1457552019.264398
98 1457552019.344474
101 1457552019.472416
114 1457552019.537107
44 1457552019.603135
32 1457552019.688485
10 1457552021.480526
32 1457552022.776485
32 1457552023.024498
