87 1457133840.028924
101 1457133840.164918
44 1457133840.268823
32 1457133840.388861
116 1457133840.460823
104 1457133840.540920
101 1457133840.620808
32 1457133840.668831
102 1457133840.756904
105 1457133840.828873
114 1457133840.892892
115 1457133840.964885
116 1457133841.044897
32 1457133841.092827
112 1457133841.156867
114 1457133841.212807
101 1457133841.284813
115 1457133841.364815
105 1457133841.468895
100 1457133841.532813
101 1457133841.676876
110 1457133841.740844
99 1457133841.852902
121 1457133841.948816
32 1457133841.996852
97 1457133842.076781
110 1457133842.172873
100 1457133842.236883
32 1457133842.308830
116 1457133842.380834
104 1457133842.436839
101 1457133842.500792
32 1457133842.580755
67 1457133842.716671
111 1457133842.772690
117 1457133842.828734
110 1457133842.964789
99 1457133843.004869
105 1457133843.100877
108 1457133843.156813
32 1457133843.228803
111 1457133843.324863
102 1457133843.412850
32 1457133843.452768
116 1457133843.556834
104 1457133843.612797
101 1457133843.684769
32 1457133843.748810
84 1457133843.900749
119 1457133844.020888
101 1457133844.132809
108 1457133844.260835
118 1457133844.348795
101 1457133844.412813
32 1457133844.484748
65 1457133844.644735
112 1457133844.700806
111 1457133844.756757
115 1457133844.836782
116 1457133844.948766
108 1457133845.060824
101 1457133845.156789
115 1457133845.212876
32 1457133845.268770
111 1457133845.332784
102 1457133845.396731
32 1457133845.460740
116 1457133845.532801
104 1457133845.604765
101 1457133845.644715
32 1457133845.748765
67 1457133845.852757
104 1457133845.948745
8 1457133846.212813
8 1457133846.356812
8 1457133846.500793
8 1457133846.652778
8 1457133846.796748
8 1457133846.940727
84 1457133847.060744
104 1457133847.124826
101 1457133847.196759
32 1457133847.260739
99 1457133847.356733
104 1457133847.412763
117 1457133847.540776
8 1457133847.732706
8 1457133847.876835
8 1457133848.004864
67 1457133848.204879
104 1457133848.284825
117 1457133848.436742
114 1457133848.508669
99 1457133848.628683
104 1457133848.692721
32 1457133848.788783
111 1457133848.852773
102 1457133848.932746
32 1457133848.996775
74 1457133849.156859
101 1457133849.252719
115 1457133849.364755
117 1457133849.468732
115 1457133849.540752
32 1457133849.620808
67 1457133849.748676
104 1457133849.828694
114 1457133849.916861
105 1457133850.012859
115 1457133850.038135
116 1457133850.116811
32 1457133850.188852
111 1457133850.228616
102 1457133850.308784
32 1457133850.380656
76 1457133850.516713
97 1457133850.676716
116 1457133850.772785
116 1457133850.876758
101 1457133850.988799
114 1457133851.036685
45 1457133851.108810
100 1457133851.220825
97 1457133851.284736
121 1457133851.356729
32 1457133851.444718
83 1457133851.692652
97 1457133851.844771
105 1457133851.956766
110 1457133851.996785
116 1457133852.036707
115 1457133852.092821
44 1457133852.188777
32 1457133852.276702
115 1457133852.364702
111 1457133852.436660
46 1457133852.620737
8 1457133853.084818
108 1457133853.244786
101 1457133853.348732
109 1457133853.444704
110 1457133853.612699
108 1457133853.764694
121 1457133853.876708
32 1457133853.996759
112 1457133854.132834
114 1457133854.244748
111 1457133854.348764
99 1457133854.420651
108 1457133854.524642
97 1457133854.612641
105 1457133854.700669
109 1457133854.740617
32 1457133854.820615
116 1457133854.916669
104 1457133854.980629
97 1457133855.028654
116 1457133855.084686
32 1457133855.130579
109 1457133855.204758
97 1457133855.276713
114 1457133855.316706
114 1457133855.444698
105 1457133855.524721
97 1457133855.558963
103 1457133855.620782
101 1457133855.716771
32 1457133855.751389
98 1457133855.844682
101 1457133855.964699
116 1457133856.020717
119 1457133856.132693
101 1457133856.212759
101 1457133856.316805
110 1457133856.396735
32 1457133856.468734
97 1457133856.540694
32 1457133856.620699
109 1457133856.676686
97 1457133856.748688
110 1457133856.844777
32 1457133856.900663
97 1457133856.964695
100 1457133857.076642
110 1457133857.134573
32 1457133857.204602
97 1457133857.292651
32 1457133857.380696
119 1457133857.468670
111 1457133857.572657
109 1457133857.628628
8 1457133857.836648
8 1457133857.980700
8 1457133858.132750
8 1457133858.276675
8 1457133858.436663
8 1457133858.580619
8 1457133858.732714
8 1457133858.876709
110 1457133859.044802
100 1457133859.116894
32 1457133859.196680
97 1457133859.284681
32 1457133859.372695
119 1457133859.452735
111 1457133859.540650
109 1457133859.604607
97 1457133859.676602
110 1457133859.772667
32 1457133859.868638
105 1457133859.906324
115 1457133859.972589
32 1457133860.028661
111 1457133860.092823
114 1457133860.188867
100 1457133860.324714
97 1457133860.436664
105 1457133860.476555
110 1457133860.524610
101 1457133860.588698
100 1457133860.716607
32 1457133860.772597
111 1457133860.876664
102 1457133860.924489
32 1457133860.996678
71 1457133861.124782
111 1457133861.212664
100 1457133861.292683
32 1457133861.364645
97 1457133861.436700
110 1457133861.500658
100 1457133861.572697
32 1457133861.620612
116 1457133861.684616
104 1457133861.764636
97 1457133861.836729
116 1457133861.876555
32 1457133861.940731
116 1457133862.028666
104 1457133862.100756
101 1457133862.172642
32 1457133862.236758
102 1457133862.300761
97 1457133862.356616
109 1457133862.412528
105 1457133862.460577
108 1457133862.580604
121 1457133862.620543
32 1457133862.716551
105 1457133862.796642
101 1457133864.140708
32 1457133864.204799
67 1457133864.620501
8 1457133864.948637
8 1457133865.084713
8 1457133865.228683
115 1457133865.476715
32 1457133865.564766
99 1457133865.668566
101 1457133865.820626
110 1457133865.924539
116 1457133865.960183
114 1457133866.100677
97 1457133866.164593
108 1457133866.228575
32 1457133866.300780
116 1457133866.380588
111 1457133866.452592
32 1457133866.492527
116 1457133866.580626
104 1457133866.668534
101 1457133866.732546
32 1457133866.804518
67 1457133866.940516
114 1457133867.076669
101 1457133867.156639
97 1457133867.212506
116 1457133867.284658
111 1457133867.372622
114 1457133867.468605
39 1457133867.556658
115 1457133867.628634
32 1457133867.708593
112 1457133867.764513
108 1457133867.908603
97 1457133867.988537
110 1457133868.060634
8 1457133868.268656
8 1457133868.404529
8 1457133868.564654
8 1457133868.708542
8 1457133868.868549
8 1457133869.012631
8 1457133869.164703
39 1457133869.348652
115 1457133869.452590
32 1457133869.524608
112 1457133869.620548
108 1457133869.780605
8 1457133870.012681
8 1457133870.148594
8 1457133870.300544
8 1457133870.460562
8 1457133870.604548
39 1457133871.436628
115 1457133872.060588
32 1457133872.212570
112 1457133872.276548
108 1457133872.436506
97 1457133872.508696
110 1457133872.580510
32 1457133872.668608
102 1457133872.740505
111 1457133872.804560
114 1457133872.876452
32 1457133872.932432
116 1457133873.012537
104 1457133873.076513
101 1457133873.156573
32 1457133873.192523
101 1457133873.308555
116 1457133873.380533
101 1457133873.500447
114 1457133873.556488
110 1457133873.708502
97 1457133873.812493
108 1457133873.916558
32 1457133873.996517
100 1457133874.092534
101 1457133874.236612
115 1457133874.308681
116 1457133874.412563
105 1457133874.532516
110 1457133874.620501
121 1457133874.772479
32 1457133874.876449
111 1457133874.964502
102 1457133875.036678
32 1457133875.084437
104 1457133875.148761
105 1457133875.220561
115 1457133875.284590
8 1457133875.508538
8 1457133875.644506
8 1457133875.788515
72 1457133876.092660
105 1457133876.138856
115 1457133876.220535
32 1457133876.332522
99 1457133876.844558
104 1457133876.916507
105 1457133876.954732
108 1457133877.004548
100 1457133877.076475
114 1457133877.204499
101 1457133877.284434
110 1457133877.372462
46 1457133877.452493
32 1457133877.572507
10 1457133879.076514
65 1457133880.148396
108 1457133880.268495
108 1457133880.404464
32 1457133880.516459
104 1457133880.636462
117 1457133880.772413
109 1457133880.924494
97 1457133881.004625
110 1457133881.092548
32 1457133881.155886
98 1457133881.216613
101 1457133881.324526
105 1457133881.412446
110 1457133881.460435
103 1457133881.500402
115 1457133881.548365
45 1457133882.356516
109 1457133882.604435
97 1457133882.700402
105 1457133882.780483
108 1457133882.816902
32 1457133883.004522
8 1457133883.220484
8 1457133883.356507
8 1457133883.508469
108 1457133883.756449
101 1457133883.836420
32 1457133883.892459
97 1457133883.988389
110 1457133884.076501
100 1457133884.148500
32 1457133884.212930
102 1457133884.348488
101 1457133884.428380
109 1457133884.596431
97 1457133884.676368
108 1457133884.804379
101 1457133884.876641
45 1457133885.036486
97 1457133885.220519
114 1457133885.324471
101 1457133885.404515
32 1457133885.460362
99 1457133885.620419
114 1457133885.756409
101 1457133885.812414
97 1457133885.876330
116 1457133885.956341
101 1457133886.020459
100 1457133886.124465
32 1457133886.220430
105 1457133887.732478
110 1457133887.796453
32 1457133887.900383
116 1457133888.012454
104 1457133888.068469
101 1457133888.156481
32 1457133888.196425
105 1457133888.284429
109 1457133888.332367
97 1457133888.369451
103 1457133888.406896
101 1457133888.484395
32 1457133888.548487
111 1457133888.596357
102 1457133888.660388
32 1457133888.732460
71 1457133888.852379
111 1457133888.932383
100 1457133889.012528
46 1457133889.132388
32 1457133889.236348
69 1457133889.444337
97 1457133889.596409
99 1457133889.660327
104 1457133889.772352
32 1457133889.828328
105 1457133889.892404
115 1457133889.972305
32 1457133890.036403
97 1457133890.140378
32 1457133890.228414
98 1457133890.444430
101 1457133890.564389
108 1457133890.628369
111 1457133890.756349
118 1457133890.844403
101 1457133890.916463
100 1457133891.052407
32 1457133891.172397
115 1457133891.260378
112 1457133891.348368
105 1457133891.420334
114 1457133891.476310
105 1457133891.580286
116 1457133891.668327
32 1457133891.748273
115 1457133891.804322
111 1457133891.892375
110 1457133891.956309
32 1457133892.036418
111 1457133892.252385
114 1457133892.294059
32 1457133892.428324
100 1457133892.548345
97 1457133892.604266
117 1457133892.716348
103 1457133892.796355
104 1457133892.884290
116 1457133892.948431
101 1457133893.028400
100 1457133893.148510
32 1457133893.212385
111 1457133893.260341
102 1457133893.332321
32 1457133893.452275
8 1457133893.740329
8 1457133893.868345
8 1457133894.028400
8 1457133894.180432
8 1457133894.332417
114 1457133894.436401
32 1457133894.508290
111 1457133894.588420
102 1457133894.700282
32 1457133894.742136
104 1457133894.812303
101 1457133894.900320
97 1457133894.956326
118 1457133895.020375
101 1457133895.092415
110 1457133895.172371
108 1457133895.300319
121 1457133895.404382
32 1457133895.468248
112 1457133895.548288
97 1457133895.620317
114 1457133895.668248
101 1457133895.796317
110 1457133895.900362
116 1457133895.996280
115 1457133896.060308
44 1457133896.124349
32 1457133896.204344
97 1457133896.300295
110 1457133896.380291
100 1457133896.444273
32 1457133896.516322
8 1457133897.004399
44 1457133897.180356
32 1457133897.276342
115 1457133897.396327
8 1457133897.692366
97 1457133897.820327
115 1457133897.861716
32 1457133897.980318
115 1457133898.068330
117 1457133898.172398
99 1457133898.268374
104 1457133898.348385
44 1457133898.532309
32 1457133898.636287
101 1457133898.828346
97 1457133898.900333
99 1457133899.004341
104 1457133899.076278
32 1457133899.500349
104 1457133899.644296
97 1457133899.740256
115 1457133899.780348
32 1457133899.876364
97 1457133899.964233
32 1457133900.060309
100 1457133900.476339
105 1457133900.572319
118 1457133900.660258
105 1457133900.740255
110 1457133900.796240
101 1457133900.860267
32 1457133900.924272
110 1457133900.988216
97 1457133901.076260
116 1457133901.124273
117 1457133901.252243
114 1457133901.324255
101 1457133901.365397
32 1457133901.428352
97 1457133901.508264
110 1457133901.612266
100 1457133901.692195
32 1457133901.788244
100 1457133901.852237
101 1457133902.004326
115 1457133902.060291
116 1457133902.148351
105 1457133902.228264
110 1457133902.292027
121 1457133902.444290
46 1457133902.628277
32 1457133902.732270
71 1457133902.852176
101 1457133902.988215
110 1457133903.076249
100 1457133903.156363
101 1457133903.300257
114 1457133903.356257
32 1457133903.412221
105 1457133903.454388
115 1457133903.524225
32 1457133903.628273
97 1457133903.684208
110 1457133903.796229
32 1457133903.868272
101 1457133903.940215
115 1457133904.068281
115 1457133904.212285
101 1457133904.340272
110 1457133904.404150
116 1457133904.524178
105 1457133904.612158
97 1457133904.684163
108 1457133904.780239
32 1457133904.852262
99 1457133904.894387
104 1457133904.980249
97 1457133905.022150
114 1457133905.076204
97 1457133905.156255
99 1457133905.260253
116 1457133905.372274
101 1457133905.452218
114 1457133905.548248
105 1457133905.668214
115 1457133905.732208
116 1457133905.836225
32 1457133905.988268
8 1457133906.300315
8 1457133906.428270
116 1457133907.044332
105 1457133907.108208
99 1457133907.212272
32 1457133907.292151
111 1457133907.348179
102 1457133907.444185
32 1457133907.508130
105 1457133907.636208
110 1457133907.692126
100 1457133907.764172
105 1457133907.860184
118 1457133907.972217
105 1457133908.068249
100 1457133908.164308
117 1457133908.252213
97 1457133908.340215
108 1457133908.436200
32 1457133908.532173
112 1457133908.868177
114 1457133908.964166
101 1457133909.012118
8 1457133909.252235
101 1457133909.788520
109 1457133909.956266
111 1457133910.020264
114 1457133910.092232
116 1457133910.220210
97 1457133910.262935
108 1457133910.340261
44 1457133910.508211
32 1457133910.620168
109 1457133910.708227
111 1457133910.765950
114 1457133910.852210
116 1457133910.980253
97 1457133911.053018
108 1457133911.124197
44 1457133911.292252
32 1457133911.388235
97 1457133911.476188
110 1457133911.548208
100 1457133911.620192
32 1457133911.700104
101 1457133911.756125
116 1457133911.860158
101 1457133911.980136
114 1457133912.036177
110 1457133912.116194
97 1457133912.188182
108 1457133912.276178
32 1457133912.340178
105 1457133912.420115
100 1457133912.476110
101 1457133912.612140
110 1457133912.684125
116 1457133912.772097
105 1457133912.876128
116 1457133912.956186
121 1457133913.028267
32 1457133913.116167
97 1457133913.188297
110 1457133913.276183
100 1457133913.348169
32 1457133913.420175
112 1457133913.459599
117 1457133913.500137
114 1457133913.564131
112 1457133913.676091
111 1457133913.740127
115 1457133913.852185
101 1457133913.900121
46 1457133914.004143
32 1457133914.108279
10 1457133914.828228
110 1457133915.428235
105 1457133915.465602
116 1457133915.540066
32 1457133915.620074
116 1457133915.820161
8 1457133915.996172
8 1457133916.140161
8 1457133916.292100
8 1457133916.452116
8 1457133916.612125
73 1457133916.820121
110 1457133916.876183
32 1457133916.988079
116 1457133917.100231
104 1457133917.165575
101 1457133917.268129
32 1457133917.348197
112 1457133917.396048
114 1457133917.492095
101 1457133917.548030
109 1457133917.628054
111 1457133917.708070
114 1457133917.812162
116 1457133917.948116
97 1457133918.012210
108 1457133918.084285
32 1457133918.164230
114 1457133918.220110
101 1457133918.260002
97 1457133918.324234
108 1457133918.396178
109 1457133918.492100
46 1457133918.604094
32 1457133918.764106
8 1457133919.012148
8 1457133919.140204
44 1457133919.492178
32 1457133919.636092
115 1457133919.748072
112 1457133919.788196
105 1457133919.876132
114 1457133919.988038
105 1457133920.060170
116 1457133920.180185
32 1457133920.236172
115 1457133920.396158
112 1457133920.492095
111 1457133920.529470
110 1457133920.660035
8 1457133920.828092
8 1457133920.972050
8 1457133921.116173
111 1457133921.300113
110 1457133921.340107
115 1457133921.420115
32 1457133921.492118
97 1457133921.580024
110 1457133921.652054
100 1457133921.740039
32 1457133921.780012
100 1457133921.884117
97 1457133921.972066
117 1457133922.100158
103 1457133922.204120
104 1457133922.284065
116 1457133922.372139
101 1457133922.452071
114 1457133922.540068
115 1457133922.596003
32 1457133922.676079
107 1457133922.772119
110 1457133922.836093
101 1457133922.873723
119 1457133922.912492
32 1457133923.004130
97 1457133923.076174
110 1457133923.164095
100 1457133923.236076
32 1457133923.284055
119 1457133923.396087
111 1457133923.492052
114 1457133923.564023
115 1457133923.667956
104 1457133923.755958
105 1457133923.796691
112 1457133923.924041
112 1457133924.068131
101 1457133924.172037
100 1457133924.308002
32 1457133924.396076
71 1457133924.500006
111 1457133924.572143
100 1457133924.644130
32 1457133924.724061
97 1457133924.788049
115 1457133924.835966
32 1457133924.932015
116 1457133925.020080
104 1457133925.076053
101 1457133925.148085
105 1457133925.236082
114 1457133925.316066
32 1457133925.428080
69 1457133925.755947
116 1457133925.924091
101 1457133926.108133
114 1457133926.188115
110 1457133926.252066
97 1457133926.364104
108 1457133926.492026
32 1457133926.555995
102 1457133926.644022
97 1457133926.739970
116 1457133926.844034
104 1457133926.955970
8 1457133927.148107
8 1457133927.292019
8 1457133927.444038
8 1457133927.604000
70 1457133927.715930
97 1457133927.883993
116 1457133928.019970
104 1457133928.155961
101 1457133928.251997
114 1457133928.315996
32 1457133928.380012
97 1457133928.460041
110 1457133928.556036
100 1457133928.603957
32 1457133928.675977
97 1457133928.716178
100 1457133928.804026
99 1457133929.220123
8 1457133929.468077
8 1457133929.596016
97 1457133930.012146
99 1457133930.124077
99 1457133930.252006
8 1457133930.628052
8 1457133930.747975
8 1457133930.908039
99 1457133931.428035
99 1457133931.571963
101 1457133931.780048
112 1457133931.932023
116 1457133932.052059
101 1457133932.148081
100 1457133932.276065
32 1457133932.372030
72 1457133932.587940
73 1457133932.650702
115 1457133932.747942
32 1457133932.859931
112 1457133932.948033
108 1457133933.100092
8 1457133933.332038
8 1457133933.468013
8 1457133933.627999
8 1457133933.779930
8 1457133933.940006
105 1457133934.116060
115 1457133934.196064
32 1457133934.251907
112 1457133934.339946
108 1457133934.451975
97 1457133934.547935
110 1457133934.603945
32 1457133934.691945
98 1457133934.763948
121 1457133934.835930
32 1457133934.939947
119 1457133935.044014
104 1457133935.100037
105 1457133935.167782
99 1457133935.235961
104 1457133935.300015
32 1457133935.372082
72 1457133935.539892
105 1457133935.579296
115 1457133935.675975
32 1457133935.779997
99 1457133935.963961
104 1457133936.036133
105 1457133936.076162
108 1457133936.124025
100 1457133936.219950
114 1457133936.355974
101 1457133936.403940
110 1457133936.499987
32 1457133936.571838
99 1457133936.627898
111 1457133936.707900
117 1457133936.787916
108 1457133936.851923
100 1457133936.924122
32 1457133936.968657
111 1457133937.028003
98 1457133937.123924
116 1457133937.284036
97 1457133937.339935
105 1457133937.412059
110 1457133937.459888
32 1457133937.547938
97 1457133937.667911
32 1457133937.771961
112 1457133937.979985
104 1457133938.059989
121 1457133938.211985
115 1457133938.291916
105 1457133938.411913
99 1457133938.483884
97 1457133938.531881
108 1457133938.595867
32 1457133938.683913
98 1457133938.763884
111 1457133938.843913
100 1457133938.939932
121 1457133939.019915
32 1457133939.115961
97 1457133939.158057
110 1457133939.251958
100 1457133939.323998
32 1457133939.396080
103 1457133939.443905
97 1457133939.499990
105 1457133939.587952
110 1457133939.628181
32 1457133939.707926
101 1457133939.843913
97 1457133939.931909
114 1457133940.051988
116 1457133940.187924
104 1457133940.267916
121 1457133940.435919
108 1457133940.547927
8 1457133940.907964
8 1457133941.043979
108 1457133941.235989
121 1457133941.308035
32 1457133941.403863
101 1457133941.459821
120 1457133941.579872
112 1457133941.651907
101 1457133941.763940
114 1457133941.811834
105 1457133941.883924
101 1457133941.963893
110 1457133942.059946
99 1457133942.139949
101 1457133942.291897
32 1457133942.371918
116 1457133942.451934
111 1457133942.523921
32 1457133942.595856
112 1457133942.683910
114 1457133942.779896
111 1457133942.859895
103 1457133942.955962
114 1457133943.075930
101 1457133943.131838
115 1457133943.267874
115 1457133943.379967
32 1457133943.483845
116 1457133943.555902
111 1457133943.627809
119 1457133943.715822
97 1457133943.795830
114 1457133943.883803
100 1457133943.971844
32 1457133944.075892
112 1457133944.155854
101 1457133944.219874
114 1457133944.283847
102 1457133944.419931
101 1457133944.531826
99 1457133944.683839
116 1457133944.763871
105 1457133944.835850
111 1457133944.891810
110 1457133944.932556
32 1457133944.995799
97 1457133945.036024
110 1457133945.131872
100 1457133945.172574
32 1457133945.243867
117 1457133945.307816
108 1457133945.395844
116 1457133945.499825
109 1457133945.627796
105 1457133945.667728
97 1457133945.707784
116 1457133945.747115
101 1457133945.787035
108 1457133945.835866
121 1457133945.891813
32 1457133945.979807
114 1457133946.035802
101 1457133946.077727
97 1457133946.163840
108 1457133946.259943
8 1457133946.483953
8 1457133946.619886
8 1457133947.120047
8 1457133947.169928
8 1457133947.219872
8 1457133947.270007
8 1457133947.403915
8 1457133947.555829
8 1457133947.715861
8 1457133947.875795
8 1457133948.035810
8 1457133948.195951
105 1457133948.555868
109 1457133948.611810
97 1457133948.707774
116 1457133948.787841
101 1457133948.859764
108 1457133948.923862
121 1457133948.971896
32 1457133949.059931
114 1457133949.155885
101 1457133949.195862
97 1457133949.267861
108 1457133949.355878
105 1457133949.403803
122 1457133949.491791
101 1457133949.603799
32 1457133949.707773
116 1457133949.795826
104 1457133949.859720
101 1457133949.915769
105 1457133950.011770
114 1457133950.091883
32 1457133950.203925
100 1457133950.269738
105 1457133950.387850
118 1457133950.467819
105 1457133950.563786
110 1457133950.619793
101 1457133950.691825
32 1457133950.763735
100 1457133950.843827
101 1457133950.987842
115 1457133951.091905
116 1457133951.187881
105 1457133951.291779
110 1457133951.355852
121 1457133951.531815
32 1457133951.579746
97 1457133951.675820
115 1457133951.716489
32 1457133951.803850
104 1457133951.859764
101 1457133951.987763
105 1457133952.075859
114 1457133952.155769
115 1457133952.219828
32 1457133952.283736
111 1457133952.331769
102 1457133952.403838
32 1457133952.499763
101 1457133952.555760
116 1457133952.659837
101 1457133952.779769
114 1457133952.883814
110 1457133952.939816
97 1457133953.027751
108 1457133953.123872
32 1457133953.195889
108 1457133953.315914
105 1457133953.371833
102 1457133953.427752
101 1457133953.470391
46 1457133953.571829
32 1457133953.659748
84 1457133953.819747
104 1457133953.899761
101 1457133953.971847
32 1457133954.043764
100 1457133954.131885
105 1457133954.219868
118 1457133954.315808
105 1457133954.395931
110 1457133954.451804
101 1457133954.531832
32 1457133954.587748
112 1457133954.683826
108 1457133954.835758
97 1457133954.915815
110 1457133954.995783
32 1457133955.083863
111 1457133955.128703
102 1457133955.203874
32 1457133955.267819
104 1457133955.310575
97 1457133955.403824
112 1457133955.475861
112 1457133955.611731
105 1457133955.747761
110 1457133955.789107
101 1457133955.851759
115 1457133955.995823
115 1457133956.131833
32 1457133956.219779
101 1457133956.315829
110 1457133956.379770
97 1457133956.467735
98 1457133956.587682
108 1457133956.699727
101 1457133956.755801
115 1457133956.811632
32 1457133956.891771
102 1457133956.963841
97 1457133957.005804
109 1457133957.051722
105 1457133957.131757
108 1457133957.172907
121 1457133957.243709
32 1457133957.331702
114 1457133957.374111
101 1457133957.414922
108 1457133957.475729
97 1457133957.563697
116 1457133957.635714
105 1457133957.715668
110 1457133957.771682
111 1457133957.810749
115 1457133957.955817
104 1457133957.996689
105 1457133958.037210
112 1457133958.123769
115 1457133958.219820
8 1457133958.379787
8 1457133958.531773
8 1457133958.683736
8 1457133958.851764
8 1457133959.019695
8 1457133959.179824
111 1457133959.491779
110 1457133959.619734
8 1457133959.771684
8 1457133959.907713
8 1457133960.059747
111 1457133960.259751
110 1457133960.315658
115 1457133960.403725
104 1457133960.491696
105 1457133960.539573
112 1457133960.619687
115 1457133960.715666
32 1457133960.779674
116 1457133960.883713
111 1457133960.963784
32 1457133961.011654
98 1457133961.107809
101 1457133961.243738
32 1457133961.419749
112 1457133961.715705
101 1457133961.803719
114 1457133961.883708
112 1457133961.971699
101 1457133962.131743
116 1457133962.387795
117 1457133962.483716
97 1457133962.555825
116 1457133962.667768
101 1457133962.715616
100 1457133962.835707
32 1457133962.947749
98 1457133962.995611
101 1457133963.115788
121 1457133963.171796
111 1457133963.259777
110 1457133963.371819
100 1457133963.443749
32 1457133963.491624
116 1457133963.555686
104 1457133963.651736
101 1457133963.690260
32 1457133963.779687
103 1457133963.817903
114 1457133963.979769
97 1457133964.027633
118 1457133964.147703
101 1457133964.227771
46 1457133964.315682
32 1457133964.443675
83 1457133964.603637
97 1457133964.771681
99 1457133964.883690
114 1457133964.987747
101 1457133965.075739
100 1457133965.227798
32 1457133965.267985
111 1457133965.339704
114 1457133965.395737
100 1457133965.523704
97 1457133965.603711
105 1457133965.683672
110 1457133965.723668
99 1457133965.795707
101 1457133965.947749
115 1457133966.003678
8 1457133966.227748
8 1457133966.371731
8 1457133966.531659
8 1457133966.691694
8 1457133966.843704
8 1457133967.003717
105 1457133967.187737
110 1457133967.235672
97 1457133967.291751
110 1457133967.411721
99 1457133967.452845
101 1457133967.579763
115 1457133967.651705
32 1457133967.763617
97 1457133967.843632
110 1457133967.923663
100 1457133967.987599
32 1457133968.067690
118 1457133968.171722
111 1457133968.243762
8 1457133968.515720
8 1457133968.651651
8 1457133968.779612
99 1457133968.867568
111 1457133968.971698
118 1457133969.059666
101 1457133969.123732
110 1457133969.211763
8 1457133969.451702
8 1457133969.595636
8 1457133969.755650
8 1457133969.907715
8 1457133970.083769
32 1457133970.307703
99 1457133970.643666
111 1457133970.723630
118 1457133970.819599
101 1457133970.875566
110 1457133970.971603
97 1457133971.043628
110 1457133971.123651
116 1457133971.227696
115 1457133971.270287
32 1457133971.371734
97 1457133971.435635
118 1457133971.547622
97 1457133971.627595
105 1457133971.699594
108 1457133971.787615
97 1457133971.851588
98 1457133971.987561
108 1457133972.067684
101 1457133972.187615
32 1457133972.291608
105 1457133972.467657
110 1457133972.524986
32 1457133972.659642
104 1457133972.700460
111 1457133972.779650
108 1457133972.947696
121 1457133973.035552
32 1457133973.115681
116 1457133973.171575
101 1457133973.243605
109 1457133973.323587
112 1457133973.395595
108 1457133973.547576
101 1457133973.619524
115 1457133973.659615
32 1457133973.731564
115 1457133973.899650
97 1457133973.971726
8 1457133974.115638
8 1457133974.251659
109 1457133974.507680
97 1457133974.595578
107 1457133974.667633
101 1457133974.755587
32 1457133974.835567
105 1457133974.883568
116 1457133974.979579
32 1457133975.043587
112 1457133975.427666
111 1457133975.491566
115 1457133975.571602
115 1457133975.699570
105 1457133975.771705
98 1457133975.859634
108 1457133975.939638
101 1457133976.019572
32 1457133976.099681
102 1457133976.163616
111 1457133976.235713
114 1457133976.315646
32 1457133976.387654
105 1457133976.475580
110 1457133976.523522
100 1457133976.603528
105 1457133976.683589
118 1457133976.771576
105 1457133976.867599
100 1457133976.963613
117 1457133977.043517
97 1457133977.123612
108 1457133977.219566
115 1457133977.291510
32 1457133977.387527
116 1457133977.459535
111 1457133977.531511
32 1457133977.603538
114 1457133977.699524
101 1457133977.741607
116 1457133978.363729
117 1457133978.451613
114 1457133978.523696
110 1457133978.627526
32 1457133978.715026
116 1457133978.827568
111 1457133978.891561
32 1457133978.979603
116 1457133979.067573
104 1457133979.163551
101 1457133979.219605
32 1457133979.275530
112 1457133979.339511
114 1457133979.411645
101 1457133979.459475
115 1457133979.555539
101 1457133979.651531
110 1457133979.731540
99 1457133979.851497
101 1457133979.995640
32 1457133980.075632
111 1457133980.120164
102 1457133980.187647
32 1457133980.291561
71 1457133980.395658
111 1457133980.475589
100 1457133980.547612
32 1457133980.619602
97 1457133980.683526
110 1457133980.803555
100 1457133980.851827
32 1457133980.907530
102 1457133980.963516
111 1457133981.075568
114 1457133981.155837
32 1457133981.235652
102 1457133981.331654
97 1457133981.378284
109 1457133981.435636
105 1457133981.491571
108 1457133981.539462
105 1457133981.651541
101 1457133981.899642
115 1457133981.956372
32 1457133982.075666
116 1457133982.291665
111 1457133982.363579
32 1457133982.451541
98 1457133982.547520
101 1457133982.659523
32 1457133982.763510
117 1457133982.859541
110 1457133983.035563
105 1457133983.083542
116 1457133983.147661
101 1457133983.219515
100 1457133983.323565
32 1457133983.411543
101 1457133983.523515
116 1457133983.611474
101 1457133983.723453
114 1457133983.803512
110 1457133983.883469
97 1457133983.947488
108 1457133984.043525
108 1457133984.203596
121 1457133984.275588
46 1457133984.419536
