70 1458769052.785144
111 1458769052.897132
117 1458769052.953082
114 1458769053.009094
32 1458769053.089260
115 1458769053.177239
111 1458769053.273188
8 1458769053.665199
99 1458769053.953181
111 1458769054.177175
114 1458769054.305090
101 1458769054.345108
32 1458769054.409353
97 1458769054.497042
110 1458769054.585032
100 1458769054.641059
32 1458769054.713017
101 1458769054.825080
8 1458769055.121219
115 1458769055.201284
101 1458769055.273201
118 1458769055.409225
101 1458769055.489246
110 1458769055.505018
32 1458769055.601152
121 1458769055.737242
101 1458769055.833209
97 1458769055.897101
114 1458769055.937014
115 1458769056.025171
32 1458769056.105180
97 1458769056.193157
103 1458769056.233155
111 1458769056.337073
32 1458769056.401072
111 1458769056.521039
117 1458769056.593027
114 1458769056.665099
32 1458769056.737016
97 1458769057.065180
8 1458769057.369235
102 1458769057.449054
97 1458769057.529090
116 1458769057.617097
104 1458769057.713091
101 1458769057.809036
114 1458769057.865113
115 1458769057.937062
32 1458769058.017077
98 1458769058.121099
114 1458769058.281209
111 1458769058.361150
117 1458769058.401176
103 1458769058.457195
104 1458769058.569148
116 1458769058.625194
32 1458769058.697166
102 1458769058.785090
111 1458769058.865093
114 1458769058.945152
104 1458769059.089272
32 1458769059.201256
111 1458769059.305129
110 1458769059.361138
32 1458769059.441108
8 1458769059.665078
8 1458769059.809012
8 1458769059.961119
8 1458769060.113204
8 1458769060.273045
116 1458769060.401166
104 1458769060.481057
32 1458769060.561090
111 1458769060.649053
110 1458769060.721168
32 1458769060.801058
116 1458769060.880962
104 1458769060.937142
105 1458769060.985007
115 1458769061.081078
32 1458769061.193115
99 1458769061.481154
111 1458769061.553151
110 1458769061.609062
116 1458769061.729089
105 1458769061.841066
110 1458769061.913075
101 1458769061.985102
110 1458769062.081002
116 1458769062.177194
32 1458769062.265094
97 1458769062.353059
32 1458769062.505086
110 1458769062.624998
101 1458769062.705086
119 1458769062.761081
32 1458769062.809035
110 1458769062.905054
97 1458769063.017105
116 1458769063.089490
105 1458769063.177089
111 1458769063.257140
110 1458769063.288993
44 1458769063.617126
32 1458769063.713017
99 1458769063.905069
111 1458769063.961058
110 1458769064.032970
99 1458769064.129128
101 1458769064.297181
105 1458769064.369158
118 1458769064.441170
101 1458769064.529131
100 1458769064.681168
32 1458769064.721132
105 1458769064.809173
110 1458769064.873026
32 1458769064.969094
108 1458769065.049038
105 1458769065.080996
98 1458769065.177144
101 1458769065.313082
114 1458769065.376997
116 1458769065.537073
121 1458769065.625017
44 1458769065.841125
32 1458769065.921095
97 1458769066.001010
110 1458769066.065025
100 1458769066.169063
32 1458769066.201106
101 1458769066.561062
8 1458769066.977061
100 1458769067.064944
101 1458769067.209203
100 1458769067.369124
105 1458769067.433117
99 1458769067.585113
97 1458769067.681108
116 1458769067.849082
101 1458769067.921061
115 1458769068.081019
32 1458769068.193127
8 1458769068.433078
8 1458769068.568947
100 1458769068.632888
32 1458769068.736969
116 1458769068.840981
111 1458769068.913024
32 1458769068.960945
116 1458769069.057199
104 1458769069.129085
101 1458769069.200971
32 1458769069.240937
112 1458769069.297087
114 1458769069.409064
111 1458769069.411849
112 1458769069.545024
111 1458769069.736970
115 1458769070.249093
105 1458769070.321114
116 1458769070.401033
105 1458769070.489047
111 1458769070.512890
110 1458769070.577079
32 1458769070.656987
116 1458769070.753030
104 1458769070.809048
97 1458769070.872994
116 1458769070.912941
32 1458769070.952892
97 1458769071.089237
108 1458769071.121110
108 1458769071.265049
32 1458769071.360994
109 1458769071.440988
101 1458769071.568949
110 1458769071.656990
32 1458769071.760918
97 1458769072.193054
114 1458769072.256998
101 1458769072.328909
32 1458769072.408958
99 1458769072.545031
114 1458769072.664988
101 1458769072.728896
97 1458769072.840847
116 1458769072.913021
101 1458769072.960945
100 1458769073.097019
32 1458769073.169091
101 1458769073.273065
113 1458769073.449076
117 1458769073.529064
97 1458769073.641029
108 1458769073.721082
46 1458769073.904969
32 1458769074.040945
10 1458769074.801016
78 1458769075.440987
79 1458769075.488883
119 1458769075.640907
32 1458769075.729478
8 1458769076.097083
8 1458769076.240973
8 1458769076.392998
111 1458769076.593024
119 1458769076.673020
32 1458769076.736947
119 1458769076.849573
101 1458769076.920980
32 1458769077.000929
97 1458769077.096936
114 1458769077.161071
101 1458769077.216988
32 1458769077.264972
101 1458769077.376966
110 1458769077.448901
103 1458769077.560880
97 1458769077.664949
103 1458769077.744967
101 1458769077.840878
100 1458769077.968963
32 1458769078.040897
105 1458769078.090254
110 1458769078.160948
32 1458769078.240980
97 1458769078.328886
32 1458769078.408900
103 1458769078.520934
114 1458769078.696858
101 1458769078.736867
97 1458769078.824863
116 1458769078.888854
32 1458769078.928897
99 1458769079.072932
105 1458769079.192905
118 1458769079.272942
105 1458769079.376918
108 1458769079.472991
32 1458769079.560896
119 1458769079.657001
97 1458769079.712907
114 1458769079.792871
44 1458769079.912940
32 1458769080.000904
116 1458769080.104957
101 1458769080.329028
115 1458769080.464919
116 1458769080.544946
105 1458769080.648836
110 1458769080.712845
103 1458769080.760933
32 1458769080.832878
119 1458769080.912943
104 1458769081.000967
101 1458769081.072857
116 1458769081.144955
104 1458769081.224930
101 1458769081.320895
114 1458769081.352827
32 1458769081.432858
116 1458769081.520781
104 1458769081.592890
97 1458769081.656938
116 1458769081.712905
32 1458769081.744868
110 1458769081.848837
97 1458769081.928860
116 1458769081.992830
105 1458769082.072782
111 1458769082.136958
110 1458769082.152860
44 1458769082.352940
32 1458769082.488995
111 1458769082.544945
114 1458769082.616922
32 1458769082.680932
97 1458769082.768901
110 1458769082.824887
121 1458769082.984869
32 1458769083.056937
110 1458769083.168958
97 1458769083.264946
116 1458769083.320779
105 1458769083.384765
111 1458769083.456863
110 1458769083.488830
32 1458769083.560869
115 1458769083.656881
111 1458769083.752841
32 1458769083.888790
99 1458769084.016891
111 1458769084.096858
110 1458769084.152795
118 1458769084.256926
8 1458769084.512915
99 1458769084.592863
101 1458769084.776899
105 1458769084.912878
118 1458769085.016900
101 1458769085.104997
100 1458769085.248966
32 1458769085.352932
97 1458769085.440966
110 1458769085.512941
100 1458769085.568961
32 1458769085.640940
115 1458769085.728920
111 1458769085.800942
32 1458769085.864874
100 1458769085.928853
101 1458769086.096944
100 1458769086.240986
105 1458769086.312886
99 1458769086.456909
97 1458769086.536800
116 1458769086.616757
101 1458769086.672836
100 1458769086.816793
44 1458769086.896857
32 1458769086.960829
99 1458769087.080831
97 1458769087.144921
110 1458769087.216770
32 1458769087.288789
108 1458769087.760913
111 1458769087.920813
110 1458769087.960728
103 1458769088.064820
32 1458769088.080792
101 1458769088.256952
110 1458769088.328937
100 1458769088.424920
117 1458769088.528929
114 1458769088.640949
101 1458769088.728937
46 1458769088.824896
32 1458769088.888832
87 1458769089.064824
101 1458769089.200911
32 1458769089.256967
97 1458769089.352836
114 1458769089.424814
101 1458769089.472829
32 1458769089.520734
109 1458769089.616810
101 1458769089.704759
116 1458769089.776775
32 1458769089.840831
111 1458769089.912823
110 1458769089.976739
32 1458769090.056828
97 1458769090.152824
32 1458769090.224787
103 1458769090.296844
114 1458769090.472903
101 1458769090.512788
97 1458769090.592772
116 1458769090.688707
32 1458769090.693252
98 1458769090.856898
97 1458769090.936746
116 1458769091.048772
116 1458769091.144898
108 1458769091.240856
101 1458769091.312876
102 1458769091.456861
105 1458769091.544852
101 1458769091.632765
108 1458769091.728880
100 1458769091.808856
32 1458769091.888793
111 1458769091.928791
102 1458769092.032800
32 1458769092.072765
116 1458769092.192941
104 1458769092.248940
97 1458769092.336768
116 1458769092.376794
32 1458769092.440792
119 1458769092.544834
97 1458769092.616783
114 1458769092.680758
46 1458769092.800763
32 1458769092.896737
87 1458769093.056812
101 1458769093.200814
32 1458769093.304770
97 1458769093.424816
104 1458769093.429471
118 1458769093.480758
101 1458769093.544755
32 1458769093.600730
99 1458769093.728731
111 1458769093.792798
109 1458769093.856704
101 1458769093.936725
8 1458769094.104852
8 1458769094.605178
8 1458769094.655130
8 1458769094.705119
8 1458769094.755059
8 1458769094.805045
8 1458769094.952817
8 1458769095.120896
8 1458769095.288874
104 1458769095.544866
97 1458769095.632694
118 1458769095.680699
101 1458769095.720669
32 1458769095.800802
99 1458769096.008848
111 1458769096.080830
109 1458769096.120803
101 1458769096.200760
32 1458769096.248751
116 1458769096.344779
111 1458769096.408722
32 1458769096.464775
101 1458769096.536753
8 1458769096.808766
100 1458769096.896766
101 1458769097.024801
100 1458769097.184853
105 1458769097.264808
99 1458769097.384844
97 1458769097.472937
116 1458769097.568852
101 1458769097.616754
32 1458769097.712823
97 1458769097.800834
32 1458769097.896698
112 1458769097.976783
111 1458769098.048730
114 1458769098.120777
116 1458769098.264840
105 1458769098.344744
111 1458769098.392675
110 1458769098.488711
32 1458769098.552674
111 1458769098.616627
102 1458769098.696827
32 1458769098.768771
116 1458769098.856756
104 1458769098.928702
97 1458769099.000668
116 1458769099.056625
32 1458769099.104794
102 1458769099.224752
105 1458769099.304738
101 1458769099.392691
108 1458769099.472831
100 1458769099.568666
44 1458769099.664644
32 1458769099.776785
97 1458769099.848690
115 1458769099.928740
32 1458769100.032778
97 1458769100.496805
32 1458769100.584779
102 1458769100.688803
105 1458769100.776796
110 1458769100.824804
97 1458769100.920817
108 1458769100.992765
32 1458769101.064666
114 1458769101.136801
101 1458769101.192776
115 1458769101.328774
116 1458769101.416751
105 1458769101.480758
110 1458769101.536710
103 1458769101.592637
32 1458769101.648625
112 1458769101.720642
108 1458769101.864702
97 1458769101.976693
99 1458769102.008683
101 1458769102.176777
32 1458769102.256619
102 1458769102.344711
111 1458769102.432742
114 1458769102.488643
32 1458769102.552647
116 1458769102.648696
104 1458769102.736661
111 1458769102.792711
115 1458769102.832663
101 1458769102.880670
32 1458769102.984712
119 1458769103.089278
104 1458769103.192745
111 1458769103.216709
32 1458769103.328826
103 1458769103.480789
97 1458769103.584746
118 1458769103.672818
101 1458769103.720724
32 1458769103.800771
116 1458769103.880705
8 1458769104.120806
8 1458769104.620046
8 1458769104.671017
8 1458769104.721927
8 1458769104.772931
8 1458769104.912658
104 1458769105.352756
101 1458769105.432727
114 1458769105.480631
101 1458769105.592699
32 1458769105.656562
103 1458769105.768634
97 1458769105.952698
97 1458769106.064627
118 1458769106.216792
101 1458769106.272765
32 1458769106.424721
8 1458769106.664804
8 1458769106.816833
8 1458769106.968700
8 1458769107.128780
118 1458769107.184774
101 1458769107.232755
32 1458769107.336701
116 1458769107.424691
104 1458769107.504695
101 1458769107.568655
105 1458769107.648667
114 1458769107.720550
32 1458769107.816606
108 1458769107.872648
105 1458769107.936714
118 1458769108.032590
101 1458769108.089328
115 1458769108.144693
32 1458769108.216611
116 1458769108.312789
104 1458769108.392672
97 1458769108.464659
116 1458769108.496618
32 1458769108.536642
116 1458769108.704597
104 1458769108.808648
105 1458769108.896524
115 1458769108.976596
32 1458769109.032628
110 1458769109.120748
97 1458769109.208702
116 1458769109.272657
105 1458769109.352700
8 1458769109.536681
8 1458769110.036058
8 1458769110.086905
8 1458769110.138056
8 1458769110.280703
8 1458769110.448621
8 1458769110.592635
97 1458769110.696550
116 1458769110.752579
32 1458769110.840674
116 1458769110.928612
104 1458769110.968617
105 1458769111.024549
115 1458769111.104742
32 1458769111.152729
110 1458769111.240535
97 1458769111.336687
116 1458769111.392568
8 1458769111.648664
8 1458769112.149084
8 1458769112.198961
8 1458769112.248971
8 1458769112.298990
8 1458769112.448691
8 1458769112.608686
8 1458769112.768665
110 1458769113.089439
97 1458769113.192660
116 1458769113.256692
105 1458769113.352591
111 1458769113.408596
110 1458769113.440620
32 1458769113.536575
109 1458769113.648574
105 1458769113.720557
103 1458769113.792530
104 1458769113.864618
116 1458769113.936619
32 1458769114.000555
108 1458769114.064616
105 1458769114.120602
118 1458769114.216523
101 1458769114.264523
46 1458769114.344580
32 1458769114.448605
73 1458769114.608566
116 1458769114.704452
32 1458769114.776492
105 1458769114.816513
115 1458769114.912485
32 1458769114.960538
97 1458769115.064564
108 1458769115.144666
116 1458769115.256633
111 1458769115.336663
103 1458769115.433626
101 1458769115.520644
116 1458769115.576649
104 1458769115.680642
101 1458769115.752679
114 1458769115.792670
32 1458769115.856576
102 1458769115.968602
105 1458769116.064506
116 1458769116.152685
116 1458769116.272645
105 1458769116.368520
110 1458769116.416490
103 1458769116.488670
32 1458769116.544631
97 1458769116.632510
110 1458769116.712558
100 1458769116.792536
32 1458769116.872457
112 1458769116.960548
114 1458769117.032518
111 1458769117.128607
112 1458769117.184519
101 1458769117.264532
114 1458769117.312456
32 1458769117.408601
116 1458769117.496540
104 1458769117.560510
97 1458769117.640478
116 1458769117.680447
32 1458769117.736555
119 1458769117.832470
101 1458769117.896574
32 1458769117.960481
115 1458769118.056564
104 1458769118.128656
111 1458769118.208556
117 1458769118.304591
108 1458769118.392617
100 1458769118.456524
32 1458769118.528545
100 1458769118.608651
111 1458769118.648520
32 1458769118.712546
116 1458769118.808591
104 1458769118.840579
105 1458769118.896462
115 1458769118.984452
46 1458769119.096628
10 1458769119.296630
10 1458769119.584668
73 1458769120.264475
8 1458769120.552579
66 1458769120.696435
117 1458769120.760576
116 1458769120.880472
44 1458769120.976493
32 1458769121.072486
105 1458769121.168627
110 1458769121.224673
32 1458769121.296597
97 1458769121.376567
32 1458769121.456569
108 1458769121.552569
97 1458769121.600598
114 1458769121.656516
103 1458769121.824519
101 1458769121.936479
114 1458769122.008497
32 1458769122.080424
115 1458769122.200627
101 1458769122.304604
110 1458769122.416498
115 1458769122.488522
101 1458769122.560443
44 1458769122.656552
32 1458769122.736454
119 1458769122.824486
101 1458769122.872409
32 1458769122.952488
99 1458769123.072437
97 1458769123.128603
110 1458769123.232394
32 1458769123.360443
110 1458769123.584500
111 1458769123.640468
116 1458769123.728521
32 1458769123.800547
100 1458769124.090190
101 1458769124.264544
100 1458769124.432517
105 1458769124.528522
99 1458769124.632559
97 1458769124.704587
116 1458769124.784510
101 1458769124.840449
44 1458769124.936554
32 1458769125.008560
119 1458769125.120616
101 1458769125.168578
32 1458769125.240573
99 1458769125.376491
97 1458769125.440456
110 1458769125.552520
32 1458769125.664458
110 1458769125.776452
111 1458769125.832455
116 1458769125.920494
32 1458769125.992524
99 1458769126.160547
111 1458769126.232456
110 1458769126.304412
115 1458769126.504514
101 1458769126.592450
99 1458769126.792522
114 1458769126.920461
101 1458769126.992488
97 1458769127.072519
116 1458769127.128524
101 1458769127.192560
44 1458769127.288526
32 1458769127.336548
119 1458769127.472555
8 1458769127.664591
8 1458769128.164070
8 1458769128.214077
8 1458769128.264023
8 1458769128.313917
8 1458769128.432427
8 1458769128.600441
97 1458769128.808414
116 1458769128.904389
101 1458769128.952431
44 1458769129.120517
32 1458769129.208475
119 1458769129.328484
101 1458769129.368407
32 1458769129.464496
99 1458769129.584519
97 1458769129.632403
110 1458769129.736449
32 1458769129.856480
110 1458769129.960465
111 1458769130.008379
116 1458769130.104519
32 1458769130.176526
104 1458769130.432573
97 1458769130.504482
108 1458769130.608509
108 1458769130.744422
111 1458769130.888395
119 1458769130.960406
32 1458769131.000347
116 1458769131.096475
104 1458769131.136534
105 1458769131.168491
115 1458769131.256516
32 1458769131.296471
103 1458769131.368356
114 1458769131.504471
111 1458769131.576412
117 1458769131.640378
110 1458769131.792448
100 1458769131.888376
46 1458769131.992484
32 1458769132.032349
84 1458769132.152418
104 1458769132.224504
101 1458769132.288399
32 1458769132.368329
98 1458769132.448458
114 1458769132.608398
97 1458769132.696409
118 1458769132.832411
101 1458769132.880332
32 1458769132.952479
109 1458769133.040431
101 1458769133.144479
110 1458769133.216513
44 1458769133.392544
32 1458769133.496528
108 1458769133.624504
105 1458769133.704469
118 1458769133.808424
105 1458769133.896334
110 1458769133.952370
103 1458769134.008349
32 1458769134.089113
97 1458769134.176482
110 1458769134.224501
100 1458769134.344388
32 1458769134.360329
100 1458769134.504370
101 1458769134.648323
97 1458769134.736386
100 1458769134.800421
44 1458769134.880387
32 1458769134.960443
119 1458769135.056405
104 1458769135.128492
111 1458769135.176362
32 1458769135.248344
115 1458769135.296347
116 1458769135.392516
114 1458769135.544447
117 1458769135.608441
103 1458769135.712336
103 1458769135.816331
108 1458769135.984384
101 1458769136.056382
100 1458769136.216458
32 1458769136.288476
104 1458769136.352391
101 1458769136.408382
114 1458769136.480400
101 1458769136.576390
44 1458769136.704366
32 1458769136.800376
104 1458769136.912341
97 1458769136.992308
118 1458769137.024386
101 1458769137.072350
32 1458769137.144500
99 1458769137.296422
111 1458769137.368398
110 1458769137.416324
115 1458769137.632355
101 1458769137.720395
99 1458769137.944345
116 1458769138.104434
114 1458769138.112325
101 1458769138.176460
8 1458769138.512374
8 1458769138.664344
114 1458769138.760372
97 1458769138.952342
8 1458769139.128459
8 1458769139.272430
8 1458769139.432505
114 1458769139.544368
97 1458769139.632425
116 1458769139.712418
101 1458769139.824372
100 1458769139.928317
32 1458769140.048333
105 1458769140.120409
116 1458769140.200416
46 1458769140.344327
32 1458769140.440374
70 1458769140.584225
8 1458769140.888367
8 1458769141.032355
8 1458769141.192333
44 1458769141.600413
32 1458769141.712330
102 1458769141.864494
97 1458769141.936431
114 1458769142.024429
32 1458769142.136343
97 1458769142.296399
98 1458769142.368435
111 1458769142.488369
118 1458769142.568410
101 1458769142.632412
32 1458769142.720405
111 1458769142.784364
117 1458769142.856341
114 1458769142.920371
32 1458769143.008322
112 1458769143.104448
111 1458769143.168438
111 1458769143.288434
114 1458769143.456310
32 1458769143.536230
112 1458769143.704328
111 1458769143.768281
119 1458769143.888248
101 1458769143.912230
114 1458769143.976309
32 1458769144.080297
116 1458769144.176373
111 1458769144.240255
32 1458769144.328232
97 1458769144.392302
100 1458769144.464257
100 1458769144.608262
32 1458769144.656364
111 1458769144.736253
114 1458769144.816231
32 1458769144.872264
100 1458769144.968319
101 1458769145.120391
116 1458769145.288376
114 1458769145.448371
99 1458769145.728430
116 1458769145.880316
8 1458769146.152384
8 1458769146.288390
97 1458769146.368325
99 1458769146.456294
116 1458769146.584290
46 1458769146.744212
32 1458769146.840295
84 1458769147.048216
104 1458769147.152261
101 1458769147.200250
32 1458769147.280226
119 1458769147.376277
111 1458769147.424250
114 1458769147.504322
108 1458769147.608227
100 1458769147.704173
32 1458769147.800270
119 1458769147.888246
105 1458769147.952266
108 1458769148.088410
108 1458769148.232391
32 1458769148.304348
108 1458769148.424342
105 1458769148.504335
116 1458769148.672370
116 1458769148.784349
108 1458769148.872319
101 1458769148.952214
32 1458769149.008274
110 1458769149.096324
111 1458769149.120354
116 1458769149.184343
101 1458769149.232325
44 1458769149.360272
32 1458769149.432240
110 1458769149.592375
111 1458769149.632205
114 1458769149.720155
32 1458769149.776200
108 1458769149.880213
111 1458769150.016281
110 1458769150.056244
103 1458769150.136299
32 1458769150.192129
114 1458769150.328177
101 1458769150.360343
109 1458769150.480173
101 1458769150.560169
109 1458769150.664207
98 1458769150.720112
101 1458769150.856233
114 1458769150.912134
32 1458769150.984210
116 1458769151.088785
104 1458769151.216318
8 1458769151.456368
8 1458769151.584337
119 1458769151.720308
104 1458769151.800256
97 1458769151.888160
116 1458769151.944223
32 1458769152.024281
119 1458769152.120274
101 1458769152.160327
32 1458769152.224357
115 1458769152.344346
97 1458769152.408256
121 1458769152.472229
32 1458769152.560112
104 1458769152.656129
101 1458769152.720150
114 1458769152.832198
101 1458769152.920216
44 1458769153.016284
32 1458769153.080291
98 1458769153.176265
117 1458769153.232149
116 1458769153.336140
32 1458769153.376108
105 1458769153.424222
116 1458769153.528148
32 1458769153.584110
99 1458769153.728174
97 1458769153.800164
110 1458769153.888217
32 1458769153.936161
110 1458769154.040262
101 1458769154.112272
118 1458769154.216241
101 1458769154.328233
114 1458769154.400234
32 1458769154.472253
102 1458769154.576302
111 1458769154.648268
114 1458769154.728309
103 1458769154.872278
101 1458769154.976202
116 1458769155.048150
32 1458769155.128297
119 1458769155.232280
104 1458769155.328220
97 1458769155.408192
116 1458769155.448136
32 1458769155.512170
116 1458769156.800246
104 1458769156.864154
101 1458769156.952201
121 1458769157.040348
32 1458769157.096234
100 1458769157.168298
105 1458769157.264298
100 1458769157.352221
32 1458769157.424263
104 1458769157.464151
101 1458769157.552257
114 1458769157.648204
101 1458769157.744224
46 1458769157.832232
32 1458769157.904136
73 1458769158.040288
116 1458769158.144250
32 1458769158.184247
105 1458769158.232267
115 1458769158.312149
32 1458769158.376134
102 1458769158.464098
111 1458769158.552223
114 1458769158.616055
32 1458769158.664212
117 1458769158.744096
115 1458769158.832121
32 1458769158.904082
116 1458769159.032110
104 1458769159.120176
101 1458769159.216170
32 1458769159.280139
108 1458769159.360155
105 1458769159.408104
118 1458769159.504196
105 1458769159.600206
110 1458769159.656148
103 1458769159.712132
44 1458769159.848156
32 1458769159.928212
114 1458769159.960110
97 1458769160.064164
116 1458769160.152249
104 1458769160.240284
101 1458769160.296162
114 1458769160.336153
44 1458769160.488193
32 1458769160.600165
116 1458769160.720181
111 1458769160.760154
32 1458769160.816137
98 1458769160.912110
101 1458769161.056140
32 1458769161.216262
100 1458769161.344179
101 1458769161.488061
100 1458769161.656126
105 1458769161.760049
99 1458769161.848086
97 1458769161.920179
116 1458769162.000120
101 1458769162.056049
100 1458769162.192156
32 1458769162.224114
104 1458769162.312063
101 1458769162.400037
114 1458769162.448099
101 1458769162.552047
32 1458769162.616294
116 1458769162.736095
111 1458769162.824081
32 1458769162.872078
116 1458769162.960060
104 1458769163.024069
101 1458769163.088340
32 1458769163.144232
117 1458769163.224240
110 1458769163.408262
102 1458769163.512228
105 1458769163.624142
110 1458769163.704146
105 1458769163.776111
115 1458769163.920143
104 1458769164.024244
101 1458769164.096129
100 1458769164.232216
32 1458769164.312087
119 1458769164.392074
111 1458769164.472067
114 1458769164.552035
107 1458769164.656066
32 1458769164.752131
119 1458769164.840039
104 1458769164.904020
105 1458769164.952018
99 1458769165.048116
104 1458769165.128107
32 1458769165.208156
116 1458769165.264056
104 1458769165.352003
101 1458769165.456147
121 1458769165.584069
32 1458769165.680063
119 1458769165.776141
104 1458769165.864021
111 1458769165.936142
32 1458769165.992053
102 1458769166.088518
111 1458769166.160177
117 1458769166.216124
103 1458769166.288123
104 1458769166.384184
116 1458769166.456166
32 1458769166.536111
104 1458769166.568053
101 1458769166.616117
114 1458769166.688072
101 1458769166.752093
32 1458769166.808077
104 1458769166.880098
97 1458769166.928067
118 1458769166.992027
101 1458769167.064067
32 1458769167.104161
116 1458769167.216153
104 1458769167.264130
117 1458769167.400105
115 1458769167.512039
32 1458769167.560041
102 1458769167.680167
97 1458769167.776102
114 1458769167.840047
32 1458769167.920158
115 1458769168.048033
111 1458769168.144173
32 1458769168.184038
110 1458769168.304027
111 1458769168.360073
98 1458769168.464075
108 1458769168.584126
100 1458769168.728066
121 1458769168.824224
32 1458769168.928127
8 1458769169.208230
8 1458769169.360146
8 1458769169.512130
121 1458769169.736146
32 1458769169.808184
97 1458769169.896054
100 1458769169.984027
118 1458769170.184162
97 1458769170.256125
110 1458769170.375963
99 1458769170.455998
101 1458769170.624172
100 1458769170.760088
46 1458769170.864022
32 1458769170.944542
105 1458769171.096231
116 1458769171.192049
32 1458769171.264048
105 1458769171.288000
115 1458769171.384046
32 1458769171.447987
114 1458769171.535989
97 1458769171.640046
116 1458769171.720120
104 1458769171.824023
101 1458769171.880026
114 1458769171.911999
32 1458769171.975979
102 1458769172.080032
111 1458769172.144118
114 1458769172.224100
32 1458769172.256001
117 1458769172.320062
115 1458769172.400116
32 1458769172.472147
116 1458769172.568162
111 1458769172.656157
32 1458769172.712131
98 1458769173.008049
101 1458769173.176140
32 1458769173.272194
104 1458769173.327973
101 1458769173.391955
114 1458769173.488024
101 1458769173.560015
32 1458769173.648027
97 1458769173.728114
110 1458769173.808020
100 1458769173.871996
32 1458769173.960047
100 1458769174.040091
101 1458769174.200062
8 1458769174.472081
8 1458769174.624024
8 1458769174.792043
8 1458769174.951991
8 1458769175.120123
8 1458769175.288112
100 1458769175.832111
101 1458769175.991995
100 1458769176.160145
105 1458769176.256125
99 1458769176.359982
97 1458769176.423989
116 1458769176.503928
101 1458769176.567945
32 1458769176.656040
116 1458769176.775994
111 1458769176.872053
32 1458769176.936010
116 1458769177.024102
104 1458769177.096089
8 1458769177.336053
8 1458769177.836179
8 1458769177.885955
8 1458769177.935925
8 1458769178.096006
8 1458769178.320043
100 1458769178.432094
32 1458769178.536093
116 1458769178.640070
111 1458769178.720074
32 1458769178.776078
116 1458769178.872029
104 1458769178.943959
101 1458769179.008070
32 1458769179.047944
103 1458769179.128079
114 1458769179.280069
101 1458769179.343910
97 1458769179.375901
116 1458769179.503974
32 1458769179.514969
114 1458769179.631977
105 1458769179.735990
115 1458769179.823987
107 1458769179.935913
8 1458769180.152065
8 1458769180.303982
8 1458769180.463930
8 1458769180.623978
116 1458769180.704033
97 1458769180.743878
115 1458769180.815969
107 1458769180.912014
32 1458769180.951930
114 1458769181.096078
101 1458769181.152033
109 1458769181.264037
97 1458769181.336069
105 1458769181.440027
110 1458769181.512043
105 1458769181.615998
110 1458769181.704040
32 1458769181.832044
98 1458769181.927980
101 1458769182.120059
102 1458769182.144058
111 1458769182.255991
114 1458769182.327886
101 1458769182.367955
32 1458769182.407870
117 1458769182.471892
115 1458769182.567885
45 1458769182.696088
116 1458769182.871933
104 1458769182.975922
8 1458769183.199986
8 1458769183.700122
8 1458769183.749924
8 1458769183.799906
8 1458769183.849891
8 1458769183.899916
8 1458769183.949965
8 1458769184.280010
8 1458769184.440029
8 1458769184.616002
8 1458769184.784022
8 1458769184.951940
8 1458769185.120000
103 1458769185.224110
32 1458769185.319936
98 1458769185.431914
101 1458769185.559918
102 1458769185.639985
111 1458769185.783891
114 1458769185.863876
101 1458769185.911891
32 1458769185.967916
117 1458769186.031834
115 1458769186.135999
45 1458769187.135992
116 1458769187.351977
104 1458769187.399947
97 1458769187.503951
116 1458769187.559991
32 1458769187.687953
102 1458769187.911940
114 1458769188.063868
111 1458769188.144009
109 1458769188.200022
32 1458769188.264010
116 1458769188.399863
104 1458769188.447880
101 1458769188.551915
115 1458769188.703937
101 1458769188.759875
32 1458769188.823808
104 1458769188.887820
111 1458769188.959892
110 1458769189.079794
111 1458769189.159898
114 1458769189.215844
101 1458769189.271802
100 1458769189.415871
32 1458769189.479785
100 1458769189.599832
101 1458769189.735866
97 1458769189.839935
100 1458769189.903804
32 1458769190.007852
119 1458769190.095917
101 1458769190.151935
32 1458769190.231983
116 1458769190.327967
97 1458769190.399962
107 1458769190.463964
101 1458769190.559907
32 1458769190.607892
105 1458769190.663931
110 1458769190.727985
99 1458769190.807938
114 1458769190.927886
101 1458769191.015817
97 1458769191.095940
115 1458769191.176070
101 1458769191.264058
100 1458769191.415875
32 1458769191.471840
100 1458769191.583876
101 1458769191.727840
118 1458769191.855790
111 1458769191.951872
116 1458769192.087921
105 1458769192.183968
111 1458769192.239812
110 1458769192.295762
32 1458769192.391758
116 1458769192.623895
111 1458769192.727834
32 1458769192.799815
116 1458769192.855833
104 1458769192.951768
97 1458769192.999799
116 1458769193.047786
32 1458769193.095843
99 1458769193.207899
97 1458769193.295866
117 1458769193.407984
115 1458769193.479912
101 1458769193.527860
32 1458769193.615965
102 1458769193.695892
111 1458769193.767874
114 1458769193.831943
32 1458769193.903841
119 1458769193.975783
104 1458769194.111969
105 1458769194.123416
99 1458769194.199938
104 1458769194.303951
116 1458769194.407885
32 1458769194.419456
104 1458769194.535788
101 1458769194.575734
121 1458769194.711915
32 1458769194.751902
8 1458769194.999812
8 1458769195.500232
8 1458769195.551019
8 1458769195.601252
8 1458769195.735916
8 1458769195.895854
32 1458769196.311861
116 1458769196.535874
104 1458769196.623928
101 1458769196.695956
121 1458769196.783867
32 1458769196.855984
103 1458769196.959803
97 1458769197.055859
118 1458769197.127903
101 1458769197.199858
32 1458769197.255898
116 1458769197.359868
104 1458769197.439802
101 1458769197.503820
32 1458769197.559771
108 1458769197.655784
97 1458769197.719790
116 1458769197.847787
32 1458769197.887671
102 1458769197.975823
117 1458769198.055746
108 1458769198.191854
8 1458769198.447809
8 1458769198.599754
8 1458769198.759862
8 1458769198.927787
8 1458769199.087855
115 1458769199.255887
116 1458769199.311879
32 1458769199.399739
102 1458769199.503817
117 1458769199.559855
108 1458769199.711849
108 1458769199.855814
32 1458769199.935710
109 1458769200.023808
101 1458769200.095902
97 1458769200.183922
115 1458769200.263895
117 1458769200.367896
114 1458769200.447827
101 1458769200.511771
32 1458769200.551778
111 1458769200.623772
102 1458769200.687853
32 1458769200.759740
100 1458769200.823770
101 1458769200.975758
118 1458769201.095962
111 1458769201.191865
116 1458769201.303814
105 1458769201.703841
111 1458769201.743785
110 1458769201.799758
45 1458769202.015828
32 1458769202.215854
116 1458769202.327859
104 1458769202.399828
97 1458769202.463822
116 1458769202.535830
8 1458769202.871842
8 1458769203.372018
8 1458769203.422932
8 1458769203.473919
8 1458769203.583704
116 1458769203.815824
104 1458769203.903742
97 1458769203.959670
116 1458769204.007652
32 1458769204.095806
119 1458769204.215803
101 1458769204.271675
32 1458769204.335751
104 1458769204.407741
101 1458769204.495678
114 1458769204.567776
101 1458769204.679735
32 1458769204.735734
104 1458769204.831791
105 1458769204.887707
103 1458769204.959669
104 1458769205.031657
108 1458769205.143799
121 1458769205.279852
32 1458769205.359829
114 1458769205.503803
101 1458769205.559760
115 1458769205.695830
111 1458769205.775856
108 1458769205.943790
111 1458769205.956060
118 1458769205.983703
101 1458769206.055835
8 1458769206.503804
8 1458769206.663756
118 1458769206.967756
8 1458769207.175780
8 1458769207.311714
118 1458769207.383658
101 1458769207.431671
32 1458769207.535645
116 1458769207.631735
104 1458769207.719780
97 1458769207.791622
116 1458769207.823612
32 1458769207.887773
116 1458769208.015760
104 1458769208.095750
101 1458769208.167797
115 1458769208.271779
101 1458769208.351792
32 1458769208.431700
100 1458769208.535758
101 1458769208.663737
97 1458769208.735775
100 1458769208.823798
32 1458769208.887734
115 1458769208.975675
104 1458769209.071659
97 1458769209.127811
108 1458769209.239855
108 1458769209.375699
32 1458769209.431678
110 1458769209.519665
111 1458769209.567635
116 1458769209.647872
32 1458769209.687688
104 1458769209.735737
97 1458769209.831694
118 1458769209.863659
101 1458769209.919708
32 1458769209.967704
100 1458769210.087671
105 1458769210.175807
101 1458769210.247687
100 1458769210.391669
32 1458769210.471637
105 1458769210.519619
110 1458769210.575677
32 1458769210.663705
118 1458769210.719690
97 1458769210.791656
105 1458769210.839697
110 1458769210.903647
45 1458769211.071711
116 1458769211.223801
104 1458769211.319796
97 1458769211.375728
116 1458769211.431698
32 1458769211.535717
116 1458769211.647817
104 1458769211.735745
105 1458769211.751618
115 1458769211.839776
32 1458769211.887666
110 1458769211.975671
97 1458769212.063727
116 1458769212.119801
105 1458769212.207838
111 1458769212.263748
110 1458769212.287649
44 1458769212.495689
32 1458769212.583692
117 1458769212.703685
110 1458769212.871656
100 1458769212.911631
101 1458769213.023652
114 1458769213.127779
32 1458769213.199669
71 1458769213.343672
111 1458769213.439682
100 1458769213.551641
44 1458769213.631644
32 1458769213.727632
115 1458769213.847656
104 1458769213.919643
97 1458769213.999628
108 1458769214.071674
108 1458769214.223713
32 1458769214.263834
104 1458769214.336699
97 1458769214.399700
118 1458769214.471751
101 1458769214.519736
32 1458769214.599772
97 1458769214.679777
32 1458769214.775764
110 1458769214.831749
101 1458769214.919636
119 1458769214.959579
32 1458769215.031633
98 1458769215.143795
105 1458769215.231719
114 1458769215.319718
116 1458769215.439603
104 1458769215.527595
32 1458769215.583612
111 1458769215.655617
102 1458769215.743576
32 1458769215.807670
102 1458769215.911646
114 1458769216.079636
101 1458769216.159647
101 1458769216.279744
100 1458769216.447613
111 1458769216.543670
109 1458769216.583602
45 1458769216.735735
97 1458769216.895657
110 1458769216.983682
100 1458769217.063637
32 1458769217.143716
116 1458769217.207742
104 1458769217.295673
97 1458769217.335663
116 1458769217.391712
32 1458769217.439730
116 1458769217.559753
8 1458769217.815692
103 1458769217.943599
111 1458769218.047639
118 1458769218.151775
101 1458769218.231731
114 1458769218.311663
110 1458769218.391610
109 1458769218.551572
101 1458769218.647541
110 1458769218.735620
116 1458769218.831605
32 1458769218.871558
111 1458769218.943535
102 1458769219.007591
32 1458769219.047634
116 1458769219.167629
104 1458769219.247619
101 1458769219.311589
32 1458769219.375570
112 1458769219.463597
101 1458769219.567520
111 1458769219.671650
112 1458769219.703637
108 1458769219.847595
101 1458769219.967562
44 1458769220.039536
32 1458769220.111716
98 1458769220.207656
121 1458769220.279687
32 1458769220.391625
116 1458769220.463696
104 1458769220.543674
101 1458769220.631668
32 1458769220.687631
112 1458769220.743649
101 1458769220.879613
111 1458769220.943628
112 1458769220.999508
108 1458769221.151691
101 1458769221.271704
44 1458769221.335555
32 1458769221.471566
102 1458769221.535554
111 1458769221.599486
114 1458769221.695679
32 1458769221.759568
116 1458769221.839644
104 1458769221.919745
101 1458769221.999575
32 1458769222.023565
112 1458769222.095565
101 1458769222.207637
111 1458769222.263684
112 1458769222.327530
108 1458769222.463546
101 1458769222.591568
44 1458769222.663561
32 1458769222.735618
115 1458769222.815577
104 1458769222.895516
97 1458769222.991560
108 1458769223.047534
108 1458769223.191633
32 1458769223.279621
110 1458769223.351531
111 1458769223.407493
116 1458769223.455503
32 1458769223.487464
112 1458769223.559495
101 1458769223.623480
114 1458769223.663508
105 1458769223.783513
115 1458769223.839554
104 1458769223.999526
32 1458769224.111667
102 1458769224.191644
114 1458769224.327612
111 1458769224.399590
109 1458769224.455550
32 1458769224.503549
116 1458769224.599606
104 1458769224.655646
101 1458769224.751587
32 1458769224.815600
101 1458769224.951485
97 1458769225.047557
114 1458769225.103703
116 1458769225.263580
104 1458769225.335509
46 1458769225.463473
