70 1455131809.875870
111 1455131809.955760
117 1455131810.019630
114 1455131810.075633
32 1455131810.163814
115 1455131810.227908
111 1455131810.347837
99 1455131810.379669
114 1455131810.571895
8 1455131810.763824
8 1455131810.899889
8 1455131811.027838
99 1455131811.203777
111 1455131811.299853
114 1455131811.363834
101 1455131811.419811
32 1455131811.483767
97 1455131811.571845
110 1455131811.651880
100 1455131811.731797
32 1455131811.771791
115 1455131812.027754
101 1455131812.123863
118 1455131812.243827
101 1455131812.315799
110 1455131812.371829
32 1455131812.459830
121 1455131812.547845
101 1455131812.587714
97 1455131812.635677
114 1455131812.675769
115 1455131812.763836
32 1455131812.851914
97 1455131812.955896
103 1455131813.011799
111 1455131813.051826
32 1455131813.147831
111 1455131813.275842
117 1455131813.315921
114 1455131813.387740
32 1455131813.459803
102 1455131813.563755
97 1455131813.675884
116 1455131813.763863
104 1455131813.859802
101 1455131813.939785
114 1455131813.979614
115 1455131814.059637
32 1455131814.139770
98 1455131814.267769
114 1455131814.427821
111 1455131814.491760
117 1455131814.531820
103 1455131814.603793
104 1455131814.683774
116 1455131814.747848
32 1455131814.819750
102 1455131814.883840
111 1455131814.987820
114 1455131815.043790
116 1455131815.179914
104 1455131815.251895
32 1455131815.395875
111 1455131815.515866
110 1455131815.555710
32 1455131815.651850
116 1455131815.723815
104 1455131815.755699
105 1455131815.803774
115 1455131815.883770
32 1455131815.955747
99 1455131816.027683
111 1455131816.099964
110 1455131816.147863
116 1455131816.235846
101 1455131816.307833
105 1455131816.371774
110 1455131816.411789
116 1455131816.507779
110 1455131816.595758
8 1455131816.835828
8 1455131816.979779
8 1455131817.115749
8 1455131817.267801
8 1455131817.531723
105 1455131817.715817
110 1455131817.779878
101 1455131817.939813
110 1455131818.035759
116 1455131818.139821
32 1455131818.211820
97 1455131818.299792
32 1455131818.395804
110 1455131818.723803
101 1455131819.059835
119 1455131819.147751
32 1455131819.243725
110 1455131819.363748
97 1455131819.467796
116 1455131819.523782
105 1455131819.595737
111 1455131819.643705
110 1455131819.683769
44 1455131819.899766
32 1455131820.003686
99 1455131820.179786
111 1455131820.251750
110 1455131820.283778
99 1455131820.403806
101 1455131820.587825
105 1455131820.683800
118 1455131820.707691
101 1455131820.787767
100 1455131820.947768
32 1455131821.019684
105 1455131821.083529
110 1455131821.171785
32 1455131821.243780
108 1455131821.363849
105 1455131821.419757
98 1455131821.467748
101 1455131821.595808
114 1455131821.667689
116 1455131821.779751
121 1455131821.843657
44 1455131822.027735
32 1455131822.131687
97 1455131822.187707
110 1455131822.275733
100 1455131822.339770
32 1455131822.411699
100 1455131822.491744
101 1455131822.635739
100 1455131822.787895
105 1455131822.859678
99 1455131822.971647
97 1455131823.027679
116 1455131823.131840
101 1455131823.171762
100 1455131823.307733
32 1455131823.403729
116 1455131823.483651
111 1455131823.539694
32 1455131823.611702
116 1455131823.675701
104 1455131823.739625
101 1455131823.803700
32 1455131823.875656
112 1455131823.947489
111 1455131824.075480
114 1455131824.107713
112 1455131824.219678
8 1455131824.563708
8 1455131824.699704
8 1455131824.827693
114 1455131824.923614
111 1455131825.019674
112 1455131825.131663
111 1455131825.243698
115 1455131825.443743
105 1455131825.523641
116 1455131825.619696
105 1455131825.699718
111 1455131825.755570
110 1455131825.771496
32 1455131825.899711
116 1455131825.971601
104 1455131826.043511
97 1455131826.083480
116 1455131826.163764
32 1455131826.187767
97 1455131826.283785
108 1455131826.363767
108 1455131826.475722
32 1455131826.547670
109 1455131826.587572
101 1455131826.675728
110 1455131826.747696
32 1455131826.859632
97 1455131827.043718
114 1455131827.091865
101 1455131827.147755
32 1455131827.227621
99 1455131827.347621
114 1455131827.475673
101 1455131827.539596
97 1455131827.603666
116 1455131827.683576
101 1455131827.755758
100 1455131827.859672
32 1455131827.931725
101 1455131828.019713
113 1455131828.139641
117 1455131828.235693
97 1455131828.331742
108 1455131828.427648
46 1455131828.595731
10 1455131828.739718
10 1455131829.171687
10 1455131829.947698
78 1455131831.091730
111 1455131831.163731
119 1455131831.259583
32 1455131831.427695
8 1455131831.731684
8 1455131831.867660
8 1455131832.027587
8 1455131832.195652
8 1455131832.387686
8 1455131832.771680
10 1455131833.587640
78 1455131834.275649
111 1455131834.323635
119 1455131834.427632
32 1455131834.515598
119 1455131834.619670
101 1455131834.811625
32 1455131834.915659
97 1455131835.027661
114 1455131835.059492
101 1455131835.123641
32 1455131835.179652
101 1455131835.315676
110 1455131835.395648
103 1455131835.531626
97 1455131835.643620
103 1455131835.699607
101 1455131835.771596
100 1455131835.907669
32 1455131835.979619
105 1455131836.019546
110 1455131836.067530
32 1455131836.155525
97 1455131836.219538
32 1455131836.299602
103 1455131836.483616
114 1455131836.659535
101 1455131836.723528
97 1455131836.771474
116 1455131836.835565
32 1455131836.907508
99 1455131837.003516
105 1455131837.107618
118 1455131837.187541
105 1455131837.283503
108 1455131837.379591
32 1455131837.475613
119 1455131837.579650
97 1455131837.635589
114 1455131837.683627
44 1455131837.771513
32 1455131837.859622
97 1455131837.947596
8 1455131838.163608
116 1455131838.531599
101 1455131838.595636
115 1455131838.659590
116 1455131838.731595
105 1455131838.803605
110 1455131838.859513
103 1455131838.939511
32 1455131838.987390
119 1455131839.091774
104 1455131839.195546
101 1455131839.283587
116 1455131839.355579
104 1455131839.467551
101 1455131839.507462
114 1455131839.555449
32 1455131839.635574
116 1455131839.723608
104 1455131839.795640
97 1455131839.835593
116 1455131839.891626
32 1455131839.931610
110 1455131840.011577
97 1455131840.091622
116 1455131840.155543
105 1455131840.235580
111 1455131840.275515
110 1455131840.307534
44 1455131840.491566
32 1455131840.595622
111 1455131840.651603
114 1455131840.723630
32 1455131840.779599
97 1455131840.859650
110 1455131840.915564
121 1455131841.075543
32 1455131841.147509
110 1455131841.243552
97 1455131841.339609
116 1455131841.379495
105 1455131841.451609
111 1455131841.467365
110 1455131841.507454
32 1455131841.587563
115 1455131841.691519
111 1455131841.755586
32 1455131841.859524
99 1455131841.979502
111 1455131842.099620
110 1455131842.219617
99 1455131842.371627
101 1455131842.555564
118 1455131842.643566
105 1455131842.715546
101 1455131842.779560
100 1455131842.923550
101 1455131842.923712
32 1455131843.011525
8 1455131843.251515
8 1455131843.387625
8 1455131843.531519
8 1455131843.683616
8 1455131843.835604
8 1455131843.955558
105 1455131844.123572
118 1455131844.171490
101 1455131844.259537
100 1455131844.379484
32 1455131844.443551
97 1455131844.531536
110 1455131844.595513
100 1455131844.683447
32 1455131844.715405
115 1455131844.827500
111 1455131844.891494
32 1455131844.955410
100 1455131845.051346
101 1455131845.179508
100 1455131845.323502
105 1455131845.395516
100 1455131845.507460
97 1455131845.587613
8 1455131845.859524
8 1455131845.987564
99 1455131846.075458
97 1455131846.171523
116 1455131846.227531
101 1455131846.315577
100 1455131846.451537
44 1455131846.619536
32 1455131846.739501
97 1455131846.827550
110 1455131846.899489
100 1455131846.979528
8 1455131847.139524
8 1455131847.267540
8 1455131847.403519
99 1455131847.467516
97 1455131847.499487
110 1455131847.595490
32 1455131847.659518
108 1455131847.787508
111 1455131847.947542
110 1455131847.987513
103 1455131848.059511
32 1455131848.131535
101 1455131848.219428
110 1455131848.299496
100 1455131848.395441
117 1455131848.491480
114 1455131848.619479
101 1455131848.683501
46 1455131848.763449
32 1455131848.875470
87 1455131849.099616
101 1455131849.243462
32 1455131849.331419
97 1455131849.403482
114 1455131849.443486
101 1455131849.515500
32 1455131849.547415
109 1455131849.627434
101 1455131849.707438
116 1455131849.763422
32 1455131849.827436
111 1455131849.899507
110 1455131849.971483
32 1455131850.051451
97 1455131850.147461
32 1455131850.235415
103 1455131850.339485
114 1455131850.475504
101 1455131850.523448
97 1455131850.571511
116 1455131850.643544
32 1455131850.707501
103 1455131850.875420
97 1455131850.971340
116 1455131851.083447
8 1455131851.299483
8 1455131851.419490
8 1455131851.547423
98 1455131851.595453
97 1455131851.683466
116 1455131851.771479
116 1455131851.891505
108 1455131851.979479
101 1455131852.051476
102 1455131852.171417
105 1455131852.251434
101 1455131852.347450
108 1455131852.411593
100 1455131852.491418
32 1455131852.555562
111 1455131852.587492
102 1455131852.683494
32 1455131852.747522
116 1455131852.827469
104 1455131852.899554
97 1455131852.939383
116 1455131853.003405
32 1455131853.043276
119 1455131853.123517
97 1455131853.211452
114 1455131853.275434
46 1455131853.371464
32 1455131853.451494
87 1455131853.635447
101 1455131853.771497
32 1455131853.859396
104 1455131853.899417
97 1455131853.947413
118 1455131854.003339
101 1455131854.091475
32 1455131854.091846
99 1455131854.227439
111 1455131854.259408
109 1455131854.323380
101 1455131854.395403
32 1455131854.435399
116 1455131854.539423
111 1455131854.603466
32 1455131854.643428
101 1455131854.699407
100 1455131854.899478
8 1455131855.107440
8 1455131855.235464
100 1455131855.299450
101 1455131855.435459
100 1455131855.563457
105 1455131855.643460
99 1455131855.755378
97 1455131855.843456
116 1455131855.923466
101 1455131855.987329
32 1455131856.059448
97 1455131856.139426
32 1455131856.219424
112 1455131856.267397
111 1455131856.347424
114 1455131856.403340
116 1455131856.523427
105 1455131856.603410
111 1455131856.667414
110 1455131856.707286
32 1455131856.803494
111 1455131856.883403
102 1455131856.963439
32 1455131857.091509
116 1455131858.027433
104 1455131858.083416
97 1455131858.163404
116 1455131858.227410
32 1455131858.299508
102 1455131858.539347
105 1455131858.627378
101 1455131858.707374
108 1455131858.787333
100 1455131858.875293
32 1455131858.963348
8 1455131859.203408
44 1455131859.379422
32 1455131859.459385
97 1455131859.531308
115 1455131859.571274
32 1455131859.651388
97 1455131859.747368
32 1455131859.851473
102 1455131860.019364
105 1455131860.099389
110 1455131860.131365
97 1455131860.211372
108 1455131860.283411
32 1455131860.387365
114 1455131860.467398
101 1455131860.483170
115 1455131860.595402
116 1455131860.715311
105 1455131860.819374
110 1455131860.851282
103 1455131860.931399
32 1455131861.003381
112 1455131861.123329
108 1455131861.275401
97 1455131861.347347
99 1455131861.387226
101 1455131861.539406
32 1455131861.595323
102 1455131861.659391
111 1455131861.739362
114 1455131861.795380
32 1455131861.851360
116 1455131861.947395
104 1455131861.979359
111 1455131862.035395
115 1455131862.099356
101 1455131862.139416
32 1455131862.187444
119 1455131862.283338
104 1455131862.331395
111 1455131862.371388
32 1455131862.443374
104 1455131862.579347
101 1455131862.667361
114 1455131862.755311
101 1455131862.819412
32 1455131862.883291
103 1455131862.979138
97 1455131863.051136
118 1455131863.131359
101 1455131863.219399
32 1455131863.275405
116 1455131863.347395
104 1455131863.403386
101 1455131863.475356
105 1455131863.539380
114 1455131863.611300
32 1455131863.675333
108 1455131863.723219
105 1455131863.779285
118 1455131863.827235
101 1455131863.891395
115 1455131863.947358
32 1455131864.035319
116 1455131864.075368
104 1455131864.171326
97 1455131864.211302
116 1455131864.259323
32 1455131864.331395
116 1455131864.419347
104 1455131864.499317
105 1455131864.563380
115 1455131864.787382
8 1455131864.963264
8 1455131865.099487
97 1455131865.539352
116 1455131865.603362
32 1455131865.691272
116 1455131865.779367
104 1455131865.819260
105 1455131865.875235
115 1455131865.947366
110 1455131866.051355
32 1455131866.051599
97 1455131866.139338
116 1455131866.171336
105 1455131866.251301
111 1455131866.299292
110 1455131866.339351
8 1455131866.547349
8 1455131866.691337
8 1455131866.835341
8 1455131866.987350
8 1455131867.139302
8 1455131867.299343
8 1455131867.459347
8 1455131867.611351
8 1455131867.763352
8 1455131867.915290
8 1455131868.099336
110 1455131868.315285
97 1455131868.371292
116 1455131868.427240
105 1455131868.483312
111 1455131868.531212
110 1455131868.571200
32 1455131868.651339
109 1455131868.763346
105 1455131868.859354
103 1455131868.883204
104 1455131868.979318
116 1455131869.043342
32 1455131869.115283
108 1455131869.211302
105 1455131869.267317
118 1455131869.347317
101 1455131869.395341
46 1455131869.475269
32 1455131869.595337
105 1455131869.787475
116 1455131869.907269
32 1455131869.987356
105 1455131870.051269
115 1455131870.139292
8 1455131870.395359
8 1455131870.523313
8 1455131870.675307
8 1455131870.827308
8 1455131870.987292
73 1455131871.171307
116 1455131871.267210
32 1455131871.347370
105 1455131871.379285
115 1455131871.467268
32 1455131871.563242
97 1455131871.643223
108 1455131871.731226
116 1455131872.075280
111 1455131872.179285
103 1455131872.243209
101 1455131872.347223
116 1455131872.403328
104 1455131872.499262
101 1455131872.571286
114 1455131872.595149
32 1455131872.675314
102 1455131872.763343
105 1455131872.843228
116 1455131872.915258
116 1455131873.043290
105 1455131873.123206
110 1455131873.147218
103 1455131873.203189
32 1455131873.267274
97 1455131873.323236
110 1455131873.411277
100 1455131873.659263
32 1455131873.811224
112 1455131873.907233
114 1455131873.987236
111 1455131874.083295
112 1455131874.115302
101 1455131874.179238
114 1455131874.243200
32 1455131874.347263
116 1455131874.395157
104 1455131874.483266
97 1455131874.531270
116 1455131874.579183
32 1455131874.611143
119 1455131874.707241
101 1455131874.779233
32 1455131874.835158
115 1455131874.923252
104 1455131874.979073
111 1455131875.043034
117 1455131875.123215
108 1455131875.203285
100 1455131875.227143
32 1455131875.323300
100 1455131875.363170
111 1455131875.435241
32 1455131875.499160
116 1455131875.539171
104 1455131875.619231
105 1455131875.651135
115 1455131875.707229
46 1455131875.819308
10 1455131876.243165
10 1455131876.523238
66 1455131877.171274
117 1455131877.259229
116 1455131877.347280
44 1455131877.627296
32 1455131877.747291
105 1455131877.811265
110 1455131877.875263
32 1455131877.963233
97 1455131877.987083
32 1455131878.139276
108 1455131878.227232
97 1455131878.419311
114 1455131878.475318
103 1455131878.667252
101 1455131878.779202
114 1455131878.835298
32 1455131878.931291
115 1455131879.003231
101 1455131879.131171
110 1455131879.211262
115 1455131879.291278
101 1455131879.371281
44 1455131879.443228
32 1455131879.531309
119 1455131879.635334
101 1455131879.667161
32 1455131879.755261
99 1455131879.883237
97 1455131879.939166
110 1455131879.995257
32 1455131880.155267
110 1455131880.259248
111 1455131880.307263
116 1455131880.371176
32 1455131880.451134
100 1455131880.555225
101 1455131880.699286
100 1455131880.851220
105 1455131880.939147
99 1455131881.011141
97 1455131881.075072
101 1455131881.203259
8 1455131881.579115
116 1455131881.739215
101 1455131881.779187
44 1455131881.883178
32 1455131881.979176
119 1455131882.115172
101 1455131882.187220
32 1455131882.259174
99 1455131882.379192
97 1455131882.426989
110 1455131882.490992
32 1455131882.699162
110 1455131882.795249
111 1455131882.835084
116 1455131882.899159
32 1455131882.979236
99 1455131883.163229
8 1455131883.395150
99 1455131883.715153
111 1455131883.795164
110 1455131883.835094
115 1455131883.931165
101 1455131884.051079
99 1455131884.283168
114 1455131884.371190
101 1455131884.467201
97 1455131884.499076
116 1455131884.579145
101 1455131884.667144
44 1455131884.707103
32 1455131884.755192
119 1455131884.851171
101 1455131884.891100
8 1455131885.067183
8 1455131885.195167
8 1455131885.347174
8 1455131885.499157
8 1455131885.651167
8 1455131885.811165
8 1455131885.963116
8 1455131886.115204
97 1455131886.211096
116 1455131886.267112
101 1455131886.347134
44 1455131886.427112
32 1455131886.483109
119 1455131886.555207
101 1455131886.611130
32 1455131886.699158
99 1455131886.811186
97 1455131886.867087
110 1455131886.923000
32 1455131887.195196
110 1455131887.315151
111 1455131887.371114
116 1455131887.443233
32 1455131887.499137
104 1455131887.683166
97 1455131887.955150
119 1455131888.083165
108 1455131888.083467
108 1455131888.211177
111 1455131888.363154
8 1455131888.571123
8 1455131888.683207
8 1455131888.819129
8 1455131888.962987
108 1455131889.171252
108 1455131889.299107
111 1455131889.435114
119 1455131889.491173
32 1455131889.587178
116 1455131889.667111
104 1455131889.723063
105 1455131889.755119
115 1455131889.819116
32 1455131889.875060
103 1455131889.947107
114 1455131890.075133
111 1455131890.155176
117 1455131890.211182
110 1455131890.355210
100 1455131890.467065
46 1455131890.539062
32 1455131890.659116
84 1455131890.779154
104 1455131890.859135
101 1455131890.923072
32 1455131890.963062
98 1455131891.099081
114 1455131891.251137
97 1455131891.347129
118 1455131891.467162
101 1455131891.547091
32 1455131891.602998
109 1455131891.683038
101 1455131891.771079
110 1455131891.859006
44 1455131892.043147
32 1455131892.123088
108 1455131892.275052
105 1455131892.355040
118 1455131892.443016
105 1455131892.515079
110 1455131892.571066
103 1455131892.651048
32 1455131892.706991
97 1455131892.779154
110 1455131892.859077
100 1455131892.930920
32 1455131893.002861
100 1455131893.099041
101 1455131893.227111
97 1455131893.299075
100 1455131893.379119
44 1455131893.459053
32 1455131893.515026
119 1455131893.611031
104 1455131893.675030
111 1455131893.731043
32 1455131893.795089
115 1455131893.851023
116 1455131893.955058
114 1455131894.091145
117 1455131894.163034
103 1455131894.259073
103 1455131894.363112
108 1455131894.483002
101 1455131894.539012
100 1455131894.659045
32 1455131894.723016
104 1455131894.754872
101 1455131894.834989
114 1455131894.899003
101 1455131894.978869
44 1455131895.067005
32 1455131895.147166
104 1455131895.251009
97 1455131895.299032
118 1455131895.370971
101 1455131895.410966
32 1455131895.475082
99 1455131895.667115
111 1455131895.731061
110 1455131895.787087
115 1455131895.979071
101 1455131896.083080
99 1455131896.259118
114 1455131896.355069
101 1455131896.451102
97 1455131896.523056
116 1455131896.570977
101 1455131896.651089
100 1455131896.771093
32 1455131896.819107
105 1455131896.842926
116 1455131896.931130
8 1455131897.099183
8 1455131897.235066
8 1455131897.387094
8 1455131897.547079
8 1455131897.715024
8 1455131897.875095
8 1455131898.035061
8 1455131898.171002
97 1455131898.267014
116 1455131898.323089
101 1455131898.411021
100 1455131898.515065
32 1455131898.595057
105 1455131898.635067
116 1455131898.723038
44 1455131898.851071
32 1455131898.962943
102 1455131899.026988
97 1455131899.099105
114 1455131899.170992
32 1455131899.290990
97 1455131899.387136
98 1455131899.459059
111 1455131899.546999
118 1455131899.634923
101 1455131899.707004
32 1455131899.771005
111 1455131899.802883
117 1455131899.866985
114 1455131899.946837
32 1455131900.018957
112 1455131900.099568
111 1455131900.155243
111 1455131900.315016
114 1455131900.451060
32 1455131900.547041
108 1455131900.659046
111 1455131900.803048
8 1455131901.059031
8 1455131901.187065
112 1455131901.395058
111 1455131901.410939
119 1455131901.474984
101 1455131901.506959
114 1455131901.579013
32 1455131901.626974
116 1455131901.715048
111 1455131901.786997
32 1455131901.850829
97 1455131901.906805
100 1455131901.954763
100 1455131902.082769
32 1455131902.147012
111 1455131902.235000
114 1455131902.291013
32 1455131902.346971
100 1455131902.458993
101 1455131902.611027
99 1455131902.778981
116 1455131902.866950
114 1455131903.035006
8 1455131903.266984
8 1455131903.387042
8 1455131903.538977
116 1455131903.611030
114 1455131903.763013
97 1455131903.827008
99 1455131903.930930
116 1455131904.042894
46 1455131904.106970
32 1455131904.194974
84 1455131904.306895
104 1455131904.379019
101 1455131904.442964
32 1455131904.522962
119 1455131904.594979
111 1455131904.658945
114 1455131904.746879
108 1455131904.834980
100 1455131904.914891
32 1455131904.994940
119 1455131905.082909
105 1455131905.147164
108 1455131905.267018
108 1455131905.418969
32 1455131905.498959
108 1455131905.603009
105 1455131905.658993
116 1455131905.730958
116 1455131905.850961
108 1455131905.922740
101 1455131906.002740
32 1455131906.058754
110 1455131906.099084
111 1455131906.162925
116 1455131906.210970
101 1455131906.242879
44 1455131906.370928
32 1455131906.458961
111 1455131906.554944
114 1455131906.658933
8 1455131906.994988
8 1455131907.122965
110 1455131907.266929
111 1455131907.314893
114 1455131907.362928
32 1455131907.442972
108 1455131907.523002
111 1455131907.658983
110 1455131907.690790
103 1455131907.818954
32 1455131907.906847
114 1455131908.018945
101 1455131908.082750
109 1455131908.154905
101 1455131908.274960
109 1455131908.330979
98 1455131908.442966
101 1455131908.554977
114 1455131908.618963
32 1455131908.666976
116 1455131908.786964
8 1455131909.026864
119 1455131909.099075
104 1455131909.186909
97 1455131909.258996
116 1455131909.298942
32 1455131909.370911
119 1455131909.450931
101 1455131909.514911
32 1455131909.562915
115 1455131909.682864
97 1455131909.754889
121 1455131909.810828
32 1455131909.874937
104 1455131909.962933
101 1455131910.018945
114 1455131910.091012
101 1455131910.186941
44 1455131910.266871
32 1455131910.330871
98 1455131910.402809
117 1455131910.474927
116 1455131910.578876
32 1455131910.610795
105 1455131910.666860
116 1455131910.738806
32 1455131910.826837
99 1455131910.930783
97 1455131911.002734
110 1455131911.050746
32 1455131911.131058
110 1455131911.218925
101 1455131911.266916
118 1455131911.378869
101 1455131911.474887
114 1455131911.546915
32 1455131911.610904
102 1455131911.698954
111 1455131911.778909
114 1455131911.842877
103 1455131911.986939
101 1455131912.082843
116 1455131912.146941
32 1455131912.202915
119 1455131912.290903
104 1455131912.394771
97 1455131912.458890
116 1455131912.498744
32 1455131912.546832
116 1455131912.626895
104 1455131912.674812
101 1455131912.770806
121 1455131912.834914
32 1455131912.898814
100 1455131912.954816
105 1455131913.042808
100 1455131913.106875
32 1455131913.186823
104 1455131913.242911
101 1455131913.298878
114 1455131913.362832
101 1455131913.458891
46 1455131913.538905
32 1455131913.626944
105 1455131913.786889
116 1455131913.882918
32 1455131913.930792
105 1455131913.986721
115 1455131914.050696
32 1455131914.146958
8 1455131914.362908
8 1455131914.514906
8 1455131914.666898
8 1455131914.826948
8 1455131914.978889
8 1455131915.138946
105 1455131915.339040
116 1455131915.410868
32 1455131915.450895
105 1455131915.514811
115 1455131915.602828
32 1455131915.674895
102 1455131915.786869
8 1455131915.986824
8 1455131916.130890
8 1455131916.290859
8 1455131916.442871
8 1455131916.602876
8 1455131916.762900
8 1455131916.922914
73 1455131917.091018
116 1455131917.194889
32 1455131917.250907
105 1455131917.306846
115 1455131917.402827
32 1455131917.458881
102 1455131917.562891
111 1455131917.642840
114 1455131917.714756
32 1455131917.786832
117 1455131917.850759
115 1455131917.922802
32 1455131918.034707
116 1455131918.138809
111 1455131918.218874
32 1455131918.274819
8 1455131918.498907
8 1455131918.626893
104 1455131919.010828
101 1455131919.082796
32 1455131919.154844
108 1455131919.274829
105 1455131919.346844
118 1455131919.434815
105 1455131919.522821
110 1455131919.586823
103 1455131919.674846
44 1455131919.778876
32 1455131919.866791
114 1455131919.906767
97 1455131920.010787
116 1455131920.074646
104 1455131920.138834
101 1455131920.210802
114 1455131920.266796
44 1455131920.354818
32 1455131920.410819
116 1455131920.538847
111 1455131920.610765
32 1455131920.682825
98 1455131920.770796
101 1455131920.906811
32 1455131920.970829
100 1455131921.074779
100 1455131921.266760
8 1455131921.666790
101 1455131921.754740
100 1455131921.906801
105 1455131921.986618
99 1455131922.082633
97 1455131922.154771
116 1455131922.274769
101 1455131922.314807
32 1455131922.418718
104 1455131922.498780
101 1455131922.578762
114 1455131922.658751
101 1455131922.730757
32 1455131922.810851
8 1455131923.090931
8 1455131923.226787
8 1455131923.386734
8 1455131923.538772
8 1455131923.698799
8 1455131923.842802
100 1455131923.930787
32 1455131924.026697
104 1455131924.066622
101 1455131924.138797
114 1455131924.234807
101 1455131924.298786
32 1455131924.402726
116 1455131924.482762
111 1455131924.538804
32 1455131924.594751
116 1455131924.690707
104 1455131924.754741
101 1455131924.826806
32 1455131924.898790
117 1455131924.954792
110 1455131925.114788
102 1455131925.194732
105 1455131925.274722
110 1455131925.338773
105 1455131925.434731
115 1455131925.546798
104 1455131925.602775
101 1455131925.682773
100 1455131925.818748
32 1455131925.898543
119 1455131925.978584
111 1455131926.034578
114 1455131926.106870
107 1455131926.210732
32 1455131926.274742
119 1455131926.402769
104 1455131926.474885
105 1455131926.514811
99 1455131926.602750
104 1455131926.674805
32 1455131926.762707
116 1455131926.834749
104 1455131926.906728
101 1455131926.978842
121 1455131927.050720
32 1455131927.114811
119 1455131927.210779
104 1455131927.258838
111 1455131927.306674
32 1455131927.386737
102 1455131927.474815
111 1455131927.554820
117 1455131927.594673
103 1455131927.722745
104 1455131927.810818
116 1455131927.906721
32 1455131927.986715
104 1455131928.010577
101 1455131928.074588
114 1455131928.154774
101 1455131928.234717
32 1455131928.282638
104 1455131928.338787
97 1455131928.418711
118 1455131928.458677
101 1455131928.546668
32 1455131928.586716
116 1455131928.658762
104 1455131928.698673
117 1455131928.818770
115 1455131928.898729
32 1455131928.986739
102 1455131929.098736
97 1455131929.290761
114 1455131929.346735
32 1455131929.450744
110 1455131929.530693
111 1455131929.618813
8 1455131929.842777
8 1455131929.970785
115 1455131930.050677
111 1455131930.154703
32 1455131930.226690
110 1455131930.306701
111 1455131930.362743
98 1455131930.458755
108 1455131930.594718
121 1455131930.682766
32 1455131930.778757
97 1455131930.850656
100 1455131930.954520
118 1455131931.122705
97 1455131931.210712
110 1455131931.322685
99 1455131931.410685
101 1455131931.554710
100 1455131931.698719
46 1455131931.786676
32 1455131931.907102
105 1455131932.066765
116 1455131932.178755
32 1455131932.226777
105 1455131932.274723
115 1455131932.362706
32 1455131932.418737
114 1455131932.546671
97 1455131932.642633
116 1455131932.722738
104 1455131932.810716
101 1455131932.874679
114 1455131932.922719
32 1455131932.954556
102 1455131933.074603
111 1455131933.162684
114 1455131933.226740
32 1455131933.258709
117 1455131933.322665
115 1455131933.402659
32 1455131933.490684
116 1455131933.562726
111 1455131933.626702
32 1455131933.690650
98 1455131933.762716
101 1455131933.922747
8 1455131934.042676
8 1455131934.178624
8 1455131934.678369
8 1455131934.728298
8 1455131934.778329
8 1455131934.828301
8 1455131934.878204
8 1455131934.928257
8 1455131934.978362
8 1455131935.028258
8 1455131935.078224
8 1455131935.128298
8 1455131935.178332
8 1455131935.330709
8 1455131935.482697
8 1455131935.634691
8 1455131935.794648
8 1455131935.986683
8 1455131936.146654
8 1455131936.322617
8 1455131936.498715
8 1455131936.658687
8 1455131936.810647
8 1455131936.970718
8 1455131937.138687
73 1455131937.490681
116 1455131937.618659
32 1455131937.730654
105 1455131938.194639
115 1455131938.250589
32 1455131938.322587
114 1455131938.482626
97 1455131938.586632
116 1455131938.666667
104 1455131938.754718
101 1455131938.802586
114 1455131938.858655
32 1455131938.898554
102 1455131938.994622
111 1455131939.058610
114 1455131939.154642
32 1455131939.155308
117 1455131939.218686
115 1455131939.298636
32 1455131939.362643
116 1455131939.426660
111 1455131939.514718
32 1455131939.570644
98 1455131939.618643
101 1455131939.746699
32 1455131939.826657
104 1455131939.874612
101 1455131939.922658
114 1455131939.994607
101 1455131940.106663
32 1455131940.226628
100 1455131940.346631
101 1455131940.490598
100 1455131940.642598
105 1455131940.762622
99 1455131940.834576
97 1455131940.906612
116 1455131940.994429
101 1455131941.090674
32 1455131941.282640
8 1455131941.682635
100 1455131941.826609
32 1455131941.930529
116 1455131942.018589
111 1455131942.098599
32 1455131942.162634
116 1455131942.234573
104 1455131942.322553
101 1455131942.378484
32 1455131942.426441
103 1455131942.490592
114 1455131942.618602
97 1455131942.714566
101 1455131942.714929
116 1455131942.834608
32 1455131942.866452
8 1455131943.210673
8 1455131943.338641
8 1455131943.482649
8 1455131943.626628
101 1455131943.722528
97 1455131943.778548
116 1455131943.850511
32 1455131943.994560
116 1455131944.082580
97 1455131944.154570
115 1455131944.226621
107 1455131944.354607
32 1455131944.466729
114 1455131944.578681
101 1455131944.618594
109 1455131944.730586
97 1455131944.842618
105 1455131945.018548
110 1455131945.074461
105 1455131945.186600
110 1455131945.266555
103 1455131945.298582
32 1455131945.386596
98 1455131945.522637
101 1455131945.650585
102 1455131945.706559
111 1455131945.794619
114 1455131945.866542
101 1455131945.922458
32 1455131945.946440
117 1455131946.010423
115 1455131946.090643
32 1455131946.154603
116 1455131946.250540
104 1455131946.338580
97 1455131946.410564
116 1455131946.458425
8 1455131946.754561
8 1455131946.890605
8 1455131947.042549
8 1455131947.194569
8 1455131947.346569
45 1455131947.554597
116 1455131947.674532
104 1455131947.802555
97 1455131947.858493
116 1455131947.922583
32 1455131948.002497
102 1455131948.106607
114 1455131948.226589
111 1455131948.306636
109 1455131948.346591
32 1455131948.426570
116 1455131948.514571
104 1455131948.594617
111 1455131948.650617
115 1455131948.706456
101 1455131948.762403
8 1455131948.922576
8 1455131949.050466
8 1455131949.210518
101 1455131949.298536
115 1455131949.410540
101 1455131949.474560
32 1455131949.578511
104 1455131949.610417
111 1455131949.682492
110 1455131949.786497
111 1455131949.850467
114 1455131949.938536
101 1455131950.002520
100 1455131950.138488
32 1455131950.210484
100 1455131950.306444
101 1455131950.442520
97 1455131950.538545
100 1455131950.610604
32 1455131950.682554
119 1455131950.778534
101 1455131950.834621
32 1455131950.914536
116 1455131951.010572
97 1455131951.050499
107 1455131951.138506
101 1455131951.194500
32 1455131951.250527
105 1455131951.314515
110 1455131951.362500
99 1455131951.442460
114 1455131951.562470
101 1455131951.642562
97 1455131951.746424
115 1455131951.834593
100 1455131951.834985
8 1455131952.218499
115 1455131952.290459
101 1455131952.362564
100 1455131952.498561
32 1455131952.586494
100 1455131952.690547
8 1455131952.954469
8 1455131953.074425
8 1455131953.234504
8 1455131953.386592
8 1455131953.546520
101 1455131953.698510
100 1455131953.842550
32 1455131953.922581
101 1455131954.050476
8 1455131954.410512
100 1455131954.522505
101 1455131954.658515
118 1455131954.834550
111 1455131954.930517
116 1455131955.034441
105 1455131955.114508
111 1455131955.162528
110 1455131955.234516
32 1455131955.322495
116 1455131955.418552
111 1455131955.482461
32 1455131955.562365
116 1455131955.650472
104 1455131955.730538
97 1455131955.770491
116 1455131955.834469
32 1455131955.882502
99 1455131955.994543
97 1455131956.090682
117 1455131956.114487
115 1455131956.226490
101 1455131956.258471
32 1455131956.362454
102 1455131956.442454
111 1455131956.522512
114 1455131956.578501
32 1455131956.650481
119 1455131956.730375
104 1455131956.858595
105 1455131956.898480
99 1455131956.986555
104 1455131957.066425
32 1455131957.170493
116 1455131957.202488
104 1455131957.306520
101 1455131957.378393
121 1455131957.450501
32 1455131957.514574
103 1455131957.562509
116 1455131957.562889
97 1455131957.674472
118 1455131957.754504
101 1455131957.834477
32 1455131957.874529
8 1455131958.138519
8 1455131958.274481
8 1455131958.426448
8 1455131958.586529
8 1455131958.738516
97 1455131958.778387
118 1455131958.834457
101 1455131958.890478
32 1455131958.970455
116 1455131959.026397
104 1455131959.122409
101 1455131959.178497
32 1455131959.250416
108 1455131959.354461
97 1455131959.442499
115 1455131959.474333
116 1455131959.546420
32 1455131959.610430
102 1455131959.730503
117 1455131959.810552
108 1455131959.946490
108 1455131960.066490
32 1455131960.170429
109 1455131960.242474
101 1455131960.290436
97 1455131960.370352
115 1455131960.450496
117 1455131960.538451
114 1455131960.602463
101 1455131960.642402
32 1455131960.682462
111 1455131960.778467
102 1455131960.826453
32 1455131960.898419
100 1455131961.026352
101 1455131961.186470
118 1455131961.306455
111 1455131961.386471
116 1455131961.506414
105 1455131961.562403
111 1455131961.602400
110 1455131961.674408
45 1455131961.818476
116 1455131962.274527
104 1455131962.346410
97 1455131962.418354
116 1455131962.482468
32 1455131962.546409
119 1455131962.642392
101 1455131962.698481
32 1455131962.786476
104 1455131962.938472
101 1455131963.018478
114 1455131963.082313
101 1455131963.178447
32 1455131963.242425
104 1455131963.298429
105 1455131963.378509
103 1455131963.466396
104 1455131963.506291
108 1455131963.618358
121 1455131963.714382
32 1455131963.794430
114 1455131963.858344
101 1455131963.906401
115 1455131964.010449
111 1455131964.114343
108 1455131964.242384
101 1455131964.338386
118 1455131964.338872
32 1455131964.450324
117 1455131964.698469
110 1455131964.842455
116 1455131964.922414
105 1455131965.010421
108 1455131965.034212
8 1455131965.338455
8 1455131965.482381
8 1455131965.658422
8 1455131965.842411
8 1455131966.026443
8 1455131966.202368
8 1455131966.370433
8 1455131966.530396
118 1455131966.738350
101 1455131966.794368
32 1455131966.946371
116 1455131967.538431
104 1455131967.610382
97 1455131967.690405
116 1455131967.730289
32 1455131967.794389
116 1455131967.874341
104 1455131967.954344
101 1455131968.010220
115 1455131968.122415
101 1455131968.218402
32 1455131968.274357
100 1455131968.394498
101 1455131968.514430
97 1455131968.602485
100 1455131968.658434
32 1455131968.722364
115 1455131968.842464
119 1455131968.842937
104 1455131968.922483
8 1455131969.266426
8 1455131969.402358
104 1455131969.658379
97 1455131969.722332
108 1455131969.826413
108 1455131969.946383
32 1455131970.042372
110 1455131970.114291
111 1455131970.154291
116 1455131970.234310
32 1455131970.266292
104 1455131970.330392
97 1455131970.386394
118 1455131970.450327
101 1455131970.522320
32 1455131970.570279
100 1455131970.650452
105 1455131970.738422
101 1455131970.826313
100 1455131970.946320
32 1455131971.018382
105 1455131971.058194
110 1455131971.098286
32 1455131971.186281
118 1455131971.322313
97 1455131971.362348
105 1455131971.426435
110 1455131971.522426
61 1455131972.018286
45 1455131972.018649
8 1455131972.474342
8 1455131973.034304
48 1455131973.266379
45 1455131973.266833
8 1455131973.682408
8 1455131973.874379
45 1455131974.066304
116 1455131974.282370
104 1455131974.354365
97 1455131974.410349
116 1455131974.474248
32 1455131974.554279
116 1455131974.650275
104 1455131974.730269
105 1455131974.730641
115 1455131974.818279
32 1455131974.874339
110 1455131974.938243
97 1455131975.002225
116 1455131975.066269
105 1455131975.162260
111 1455131975.178127
110 1455131975.218225
44 1455131975.418336
32 1455131975.522318
117 1455131975.610296
110 1455131975.754364
100 1455131975.810352
101 1455131975.938235
114 1455131976.010169
32 1455131976.082230
71 1455131976.194309
111 1455131976.242246
100 1455131976.346296
44 1455131976.434358
32 1455131976.506289
115 1455131976.602329
104 1455131976.690338
97 1455131976.778383
108 1455131976.810338
108 1455131976.962345
32 1455131977.042314
104 1455131977.138328
97 1455131977.178312
118 1455131977.258295
101 1455131977.314265
32 1455131977.394199
97 1455131977.490234
32 1455131977.562327
110 1455131977.626204
101 1455131977.674225
119 1455131977.746340
32 1455131977.810243
98 1455131977.914305
105 1455131978.002248
114 1455131978.082134
116 1455131978.210321
104 1455131978.266300
32 1455131978.346314
111 1455131978.426326
102 1455131978.498266
32 1455131978.538200
102 1455131978.666303
114 1455131978.666675
8 1455131979.042346
114 1455131979.402226
101 1455131979.522252
101 1455131979.650280
100 1455131979.850307
111 1455131979.978250
109 1455131980.026251
45 1455131980.218333
97 1455131980.386228
110 1455131980.498208
100 1455131980.570277
32 1455131980.666272
116 1455131980.722248
97 1455131980.834221
104 1455131980.834633
116 1455131980.898230
32 1455131980.970203
103 1455131981.082254
111 1455131981.154293
118 1455131981.258322
8 1455131981.434274
8 1455131981.570300
8 1455131981.730280
8 1455131981.890277
8 1455131982.058158
8 1455131982.218221
8 1455131982.378263
104 1455131982.578290
97 1455131982.594097
116 1455131982.666214
32 1455131982.746157
103 1455131982.858262
111 1455131982.938198
118 1455131983.026242
101 1455131983.106195
114 1455131983.234187
110 1455131983.234591
109 1455131983.394215
101 1455131983.506226
110 1455131983.610341
116 1455131983.706269
32 1455131983.786240
111 1455131983.882149
102 1455131983.962124
32 1455131984.034038
116 1455131984.122216
104 1455131984.194206
101 1455131984.274223
32 1455131984.274940
112 1455131984.362213
101 1455131984.466242
111 1455131984.522217
112 1455131984.562151
108 1455131984.706241
101 1455131984.834295
44 1455131984.898267
32 1455131984.978269
98 1455131985.082213
121 1455131985.154142
32 1455131985.258224
116 1455131985.362238
104 1455131985.410225
101 1455131985.578215
32 1455131985.578591
112 1455131985.754285
101 1455131985.914254
111 1455131985.994147
112 1455131986.074007
108 1455131986.218223
101 1455131986.330202
44 1455131986.402178
32 1455131986.514154
102 1455131986.770219
111 1455131986.850217
114 1455131986.930149
32 1455131986.970107
116 1455131987.074037
104 1455131987.114137
101 1455131987.210203
32 1455131987.226035
112 1455131987.306234
101 1455131987.418260
111 1455131987.514267
112 1455131987.554142
108 1455131987.714193
101 1455131987.866272
44 1455131987.922221
32 1455131988.026149
115 1455131988.122204
104 1455131988.218170
97 1455131988.282164
108 1455131988.354242
108 1455131988.490209
32 1455131988.570128
110 1455131988.642146
111 1455131988.698043
116 1455131988.778168
32 1455131988.810031
112 1455131988.890122
101 1455131988.986104
114 1455131989.074191
105 1455131989.202230
115 1455131989.274271
104 1455131989.354156
32 1455131989.426232
102 1455131989.498268
114 1455131989.634206
111 1455131989.698090
109 1455131989.730102
32 1455131989.810190
116 1455131989.882183
104 1455131989.962207
101 1455131990.026096
32 1455131990.058027
101 1455131990.178195
97 1455131990.258159
114 1455131990.314084
116 1455131990.450117
104 1455131990.522141
46 1455131990.658158
