70 1454545124.187489
111 1454545124.481539
117 1454545124.578347
114 1454545124.793319
32 1454545124.905366
115 1454545125.105305
99 1454545125.273305
111 1454545125.369423
114 1454545125.523005
101 1454545125.602751
32 1454545125.713444
97 1454545125.817240
110 1454545126.081338
100 1454545126.265252
32 1454545126.337243
115 1454545126.521304
101 1454545126.769183
118 1454545126.993233
101 1454545127.105332
110 1454545127.281320
32 1454545127.393182
121 1454545127.801370
101 1454545127.913274
97 1454545128.025331
114 1454545128.129417
115 1454545128.289242
32 1454545128.377278
97 1454545128.521296
103 1454545128.585114
111 1454545128.737175
32 1454545129.105255
111 1454545129.241576
117 1454545129.353294
114 1454545129.473230
32 1454545129.513222
102 1454545129.737506
97 1454545129.825443
116 1454545129.946744
104 1454545130.089400
101 1454545130.281267
114 1454545130.377298
115 1454545130.641349
32 1454545130.753327
98 1454545131.065330
114 1454545131.257504
111 1454545131.329391
117 1454545131.401261
103 1454545131.505386
104 1454545131.632979
116 1454545131.760953
32 1454545131.825453
102 1454545131.977276
111 1454545132.137609
114 1454545132.297454
116 1454545132.449530
104 1454545132.545523
32 1454545132.625427
111 1454545132.825452
110 1454545132.913508
32 1454545133.049448
116 1454545133.121460
104 1454545133.193361
105 1454545133.265279
115 1454545133.361462
32 1454545133.425301
99 1454545133.633302
111 1454545133.737434
110 1454545133.833580
116 1454545134.065533
105 1454545134.313444
110 1454545134.433311
101 1454545134.545333
110 1454545134.657283
116 1454545134.833542
32 1454545134.905530
97 1454545135.225640
32 1454545135.377012
110 1454545135.505656
101 1454545135.609534
119 1454545135.681394
32 1454545135.746028
110 1454545135.857542
97 1454545135.937174
116 1454545136.010438
105 1454545136.121371
111 1454545136.226075
110 1454545136.281385
44 1454545136.521260
32 1454545136.641261
99 1454545137.249470
111 1454545137.337323
110 1454545137.393225
99 1454545137.521211
101 1454545137.681177
105 1454545137.761431
118 1454545137.929199
101 1454545138.073334
100 1454545138.241336
32 1454545138.313496
105 1454545138.457626
110 1454545138.577649
32 1454545138.713398
108 1454545138.873261
105 1454545138.977365
98 1454545139.169433
101 1454545139.337122
114 1454545139.393465
116 1454545139.529316
121 1454545139.616992
44 1454545139.857641
32 1454545139.953836
97 1454545140.057264
110 1454545140.177553
100 1454545140.273565
32 1454545140.337432
100 1454545140.473492
101 1454545140.625403
100 1454545140.793404
105 1454545140.889243
99 1454545140.985422
97 1454545141.113608
116 1454545141.209413
101 1454545141.297409
100 1454545141.489344
32 1454545141.601382
116 1454545141.713407
111 1454545141.857231
32 1454545141.961345
116 1454545142.017450
104 1454545142.065436
101 1454545142.177380
32 1454545142.225346
112 1454545143.785647
114 1454545144.361543
111 1454545144.449530
112 1454545144.569776
111 1454545144.609417
115 1454545144.769412
105 1454545144.873438
116 1454545144.977376
105 1454545145.041449
111 1454545145.121275
110 1454545145.201463
32 1454545145.345465
116 1454545145.409381
104 1454545145.513151
97 1454545145.569733
116 1454545145.633571
32 1454545145.705480
97 1454545145.849147
108 1454545145.961430
108 1454545146.097417
32 1454545146.201520
109 1454545146.321603
101 1454545146.425654
110 1454545146.529492
32 1454545146.665896
97 1454545146.865282
114 1454545146.953405
101 1454545147.065553
32 1454545147.129488
99 1454545147.337288
114 1454545147.521646
101 1454545147.617678
97 1454545147.689456
116 1454545147.753459
101 1454545147.849125
100 1454545150.329644
32 1454545150.425800
101 1454545150.785305
113 1454545150.873244
117 1454545150.993259
97 1454545151.137328
108 1454545151.217205
46 1454545151.617257
13 1454545152.209577
13 1454545152.345287
78 1454545152.697151
111 1454545152.889355
119 1454545153.025302
32 1454545153.129337
119 1454545153.233147
101 1454545153.329240
32 1454545153.425247
97 1454545153.593349
114 1454545153.649323
101 1454545153.737288
32 1454545153.825213
101 1454545153.945083
110 1454545154.041254
103 1454545154.121528
97 1454545154.225358
103 1454545154.313368
101 1454545154.441250
100 1454545154.625172
32 1454545154.689324
105 1454545154.809159
110 1454545154.905124
32 1454545155.017316
97 1454545155.129251
32 1454545155.201582
103 1454545155.361468
114 1454545155.561445
101 1454545155.633168
97 1454545156.009438
116 1454545156.105440
32 1454545156.705512
99 1454545157.113693
105 1454545157.225530
118 1454545157.297411
105 1454545157.401381
108 1454545157.513504
32 1454545157.713431
119 1454545157.873466
97 1454545157.993683
114 1454545158.105340
44 1454545158.297497
32 1454545158.433409
116 1454545158.521403
101 1454545158.681409
115 1454545158.769295
116 1454545158.833458
105 1454545158.929558
110 1454545159.009420
103 1454545159.129489
32 1454545159.185375
119 1454545159.297433
104 1454545159.473329
101 1454545159.609359
116 1454545159.761480
104 1454545159.985294
101 1454545160.161343
114 1454545160.249236
32 1454545160.345302
116 1454545160.441236
104 1454545160.561154
97 1454545160.617267
116 1454545160.697266
32 1454545160.793359
110 1454545161.129608
97 1454545161.305376
116 1454545161.377390
105 1454545161.481326
111 1454545161.609232
110 1454545161.672932
44 1454545161.921226
32 1454545162.033459
111 1454545162.161121
114 1454545162.257554
32 1454545162.313234
97 1454545162.425286
110 1454545162.545074
121 1454545162.737081
32 1454545162.864970
110 1454545162.968968
97 1454545163.064966
116 1454545163.113370
105 1454545163.225152
111 1454545163.329441
110 1454545163.393133
32 1454545163.833164
115 1454545163.969001
111 1454545164.041027
32 1454545164.113907
99 1454545164.289416
111 1454545164.393266
110 1454545164.465219
99 1454545164.585165
101 1454545164.761155
105 1454545164.897101
118 1454545165.185469
101 1454545165.385216
100 1454545165.569176
32 1454545165.665121
97 1454545165.761118
110 1454545165.824953
100 1454545165.913338
32 1454545165.985640
115 1454545166.081484
111 1454545166.193140
32 1454545166.281180
100 1454545166.457193
101 1454545166.633101
100 1454545166.809052
105 1454545166.952958
99 1454545167.081203
97 1454545167.241188
116 1454545167.321146
101 1454545167.409149
100 1454545167.649166
44 1454545167.793656
32 1454545167.913003
99 1454545168.073114
97 1454545168.201120
110 1454545168.289225
32 1454545168.417070
108 1454545168.521270
111 1454545168.680990
110 1454545168.745078
103 1454545168.849355
32 1454545168.913246
101 1454545169.041277
110 1454545169.145158
100 1454545169.217182
117 1454545169.337309
114 1454545169.473315
101 1454545169.561320
46 1454545169.769262
32 1454545170.017346
32 1454545170.185354
87 1454545170.433078
101 1454545170.649370
32 1454545170.785123
97 1454545171.161464
114 1454545171.257252
101 1454545171.345273
32 1454545171.425036
109 1454545171.552874
101 1454545171.625044
116 1454545171.753081
32 1454545171.841082
111 1454545172.001266
110 1454545172.057259
32 1454545173.961353
97 1454545174.161175
32 1454545174.280991
103 1454545174.457061
114 1454545174.601064
101 1454545174.673110
97 1454545174.761051
116 1454545174.825059
32 1454545175.048973
98 1454545175.569107
97 1454545175.697063
116 1454545175.793270
116 1454545175.921049
108 1454545176.433376
101 1454545176.713355
102 1454545176.993154
105 1454545177.113229
101 1454545177.209795
108 1454545177.344994
100 1454545178.449375
32 1454545178.561214
111 1454545178.801073
102 1454545179.009111
32 1454545179.073127
116 1454545179.169451
104 1454545179.201245
97 1454545179.280985
116 1454545179.361115
32 1454545179.409136
119 1454545179.545164
97 1454545179.688827
114 1454545179.809200
46 1454545180.033176
32 1454545180.281241
32 1454545180.441207
87 1454545180.713230
101 1454545180.929305
32 1454545181.033286
104 1454545181.187274
97 1454545181.291574
118 1454545181.377825
101 1454545181.545006
32 1454545181.617036
99 1454545181.793320
111 1454545181.913049
109 1454545182.001360
101 1454545182.225216
32 1454545182.337181
116 1454545182.465183
111 1454545182.520819
32 1454545182.624960
116 1454545182.680937
104 1454545182.792893
8 1454545183.441426
8 1454545183.585105
100 1454545183.866060
101 1454545183.993084
100 1454545184.169055
105 1454545184.249303
99 1454545184.346387
97 1454545184.449455
116 1454545184.536797
101 1454545184.625098
32 1454545184.881291
97 1454545185.041071
32 1454545185.129221
112 1454545185.337288
111 1454545185.417168
114 1454545185.521045
116 1454545185.641129
105 1454545185.665166
111 1454545185.777136
110 1454545185.849156
32 1454545186.001200
111 1454545186.152907
102 1454545186.400972
32 1454545186.497027
116 1454545186.568852
104 1454545186.640871
97 1454545186.737133
116 1454545186.800953
32 1454545186.856869
102 1454545187.313175
105 1454545187.417092
101 1454545187.505037
108 1454545187.624843
100 1454545187.761081
44 1454545187.881153
32 1454545187.993124
97 1454545188.129365
115 1454545188.209248
32 1454545188.297247
97 1454545188.417236
32 1454545188.481213
102 1454545189.105124
105 1454545189.185435
110 1454545189.256892
97 1454545189.361005
108 1454545189.457036
32 1454545189.608893
114 1454545189.769087
101 1454545189.857039
115 1454545189.945285
116 1454545190.049096
105 1454545190.129215
110 1454545190.209216
103 1454545190.337293
32 1454545190.392993
112 1454545190.681168
108 1454545190.753141
97 1454545190.865110
99 1454545191.025206
101 1454545191.241550
32 1454545191.321183
102 1454545191.648887
111 1454545191.768771
114 1454545191.824868
32 1454545191.904921
116 1454545191.977013
104 1454545192.025027
111 1454545192.216997
115 1454545192.809350
101 1454545192.865055
32 1454545193.017005
119 1454545193.217133
104 1454545193.321317
111 1454545193.408966
32 1454545193.496965
104 1454545194.081151
101 1454545194.225233
114 1454545194.281184
101 1454545194.393054
32 1454545194.488891
103 1454545194.673088
97 1454545194.762459
118 1454545194.904982
101 1454545195.048717
32 1454545195.152930
116 1454545195.248984
104 1454545195.345272
101 1454545195.441119
105 1454545195.544726
114 1454545195.648685
32 1454545195.728842
108 1454545195.841622
105 1454545195.936854
118 1454545196.032970
101 1454545196.161033
115 1454545196.360872
32 1454545196.480904
116 1454545196.529000
104 1454545196.656871
97 1454545197.065228
116 1454545197.474250
32 1454545197.577725
116 1454545197.753787
104 1454545197.865046
97 1454545197.928975
116 1454545197.992971
32 1454545198.048888
110 1454545198.193030
97 1454545198.281001
116 1454545198.360932
105 1454545198.448642
111 1454545198.544802
110 1454545198.608865
32 1454545198.697555
109 1454545198.848842
105 1454545198.905009
103 1454545198.992888
104 1454545199.096987
116 1454545199.184958
32 1454545199.248989
108 1454545199.344787
105 1454545199.416842
118 1454545199.553002
101 1454545199.720926
46 1454545199.841271
32 1454545200.137097
32 1454545200.280791
73 1454545200.512919
116 1454545200.640958
32 1454545200.704985
105 1454545200.809207
115 1454545200.913108
32 1454545200.993150
97 1454545201.505308
108 1454545201.609359
116 1454545201.923574
111 1454545202.057139
103 1454545202.121184
101 1454545202.417040
116 1454545202.529015
101 1454545202.744964
8 1454545203.697276
104 1454545203.953258
101 1454545204.041165
114 1454545204.113115
32 1454545204.241170
102 1454545204.529224
105 1454545204.705211
116 1454545204.785153
116 1454545204.905126
105 1454545205.000942
110 1454545205.080877
103 1454545205.105090
32 1454545205.177152
97 1454545205.288875
110 1454545205.360825
100 1454545205.489052
32 1454545205.569079
112 1454545205.721070
114 1454545205.841063
111 1454545205.929013
112 1454545206.041080
101 1454545206.201318
114 1454545206.273331
32 1454545206.369207
116 1454545206.505059
104 1454545206.593187
97 1454545206.713000
116 1454545206.776903
32 1454545206.849029
119 1454545207.001149
101 1454545207.105032
32 1454545207.201050
115 1454545207.313113
104 1454545207.352885
111 1454545207.464855
117 1454545207.537013
108 1454545207.672944
100 1454545207.817143
32 1454545207.929047
100 1454545208.153046
111 1454545208.249061
32 1454545208.392881
116 1454545208.480861
104 1454545208.529130
105 1454545208.617090
115 1454545208.784865
46 1454545208.920933
13 1454545209.361025
13 1454545209.481048
66 1454545209.816990
117 1454545209.992955
116 1454545210.105091
44 1454545210.409018
32 1454545210.600902
105 1454545210.752909
110 1454545210.824994
32 1454545210.945066
97 1454545211.080988
32 1454545211.162236
108 1454545211.331829
97 1454545211.426050
114 1454545211.537048
103 1454545211.689207
101 1454545211.810623
114 1454545211.888989
32 1454545212.065026
115 1454545212.185364
101 1454545212.299456
110 1454545212.897072
115 1454545213.048967
101 1454545213.088956
44 1454545213.209252
32 1454545213.306334
119 1454545213.449318
101 1454545213.521023
32 1454545213.609014
99 1454545213.865027
97 1454545213.961099
110 1454545214.065133
110 1454545214.225227
8 1454545214.785384
32 1454545214.985257
110 1454545215.073166
111 1454545215.177117
116 1454545215.296940
32 1454545215.353091
100 1454545215.521100
101 1454545215.689133
100 1454545215.841162
105 1454545215.961003
99 1454545216.032894
97 1454545216.177098
116 1454545216.265213
101 1454545216.336880
44 1454545216.520942
32 1454545216.624895
119 1454545216.776841
101 1454545216.848929
32 1454545216.944887
99 1454545217.113078
97 1454545217.249189
110 1454545217.384976
32 1454545217.619089
110 1454545217.721157
111 1454545217.840741
116 1454545217.960954
32 1454545218.008760
99 1454545218.176931
111 1454545218.288992
110 1454545218.328931
115 1454545218.416908
101 1454545218.520877
99 1454545218.760715
114 1454545218.968844
97 1454545219.072888
116 1454545219.152862
101 1454545219.248976
44 1454545219.488865
32 1454545219.585024
119 1454545219.752982
101 1454545219.824895
32 1454545219.945136
99 1454545220.121300
97 1454545220.232998
110 1454545220.329013
32 1454545220.520955
110 1454545220.624958
111 1454545220.736855
116 1454545220.816940
32 1454545220.880882
104 1454545221.024968
97 1454545221.129244
108 1454545221.249045
108 1454545221.369098
111 1454545221.528947
119 1454545221.609019
32 1454545221.672893
116 1454545221.768944
104 1454545221.816975
105 1454545221.896933
115 1454545221.993028
32 1454545222.064891
103 1454545222.169033
114 1454545222.377007
111 1454545222.472879
117 1454545222.544729
110 1454545222.688668
100 1454545223.297654
46 1454545223.417083
32 1454545223.945793
32 1454545224.104836
84 1454545224.369233
104 1454545224.520977
101 1454545224.608969
32 1454545224.713360
98 1454545224.841105
114 1454545225.017358
97 1454545225.121151
118 1454545225.273063
101 1454545225.417122
32 1454545225.496806
109 1454545225.601036
101 1454545225.657074
110 1454545225.793292
32 1454545226.016993
108 1454545226.169187
105 1454545226.264907
8 1454545226.929029
8 1454545227.096986
8 1454545227.585108
44 1454545227.985045
44 1454545228.521261
32 1454545228.680984
108 1454545228.817235
105 1454545228.921015
118 1454545228.953077
105 1454545229.072888
105 1454545231.353636
110 1454545231.441155
32 1454545231.617089
97 1454545232.281253
110 1454545232.417155
100 1454545232.576861
32 1454545232.601054
100 1454545232.737066
101 1454545232.896802
97 1454545232.952649
100 1454545233.089061
44 1454545233.185126
32 1454545233.264720
119 1454545233.368754
104 1454545233.432709
111 1454545233.504965
32 1454545233.584790
115 1454545233.681022
116 1454545233.760942
114 1454545233.904968
117 1454545233.968921
103 1454545234.072936
103 1454545234.185111
108 1454545234.297043
101 1454545234.425037
100 1454545234.584898
32 1454545234.664891
104 1454545234.809033
101 1454545234.840889
97 1454545234.976965
114 1454545235.080853
8 1454545235.633339
8 1454545235.769164
114 1454545236.217369
101 1454545236.313102
44 1454545236.464801
32 1454545236.577129
104 1454545236.736827
97 1454545236.800904
118 1454545236.896974
101 1454545237.065117
32 1454545237.129140
99 1454545237.849083
111 1454545237.929331
110 1454545238.017868
99 1454545238.048932
8 1454545239.041165
115 1454545239.281291
101 1454545239.401050
99 1454545239.569512
114 1454545239.745083
97 1454545239.833073
116 1454545239.920980
101 1454545239.992955
100 1454545240.168838
32 1454545240.377000
105 1454545240.520982
116 1454545240.608960
44 1454545240.787232
32 1454545240.880817
102 1454545241.112990
97 1454545241.224858
114 1454545241.368969
32 1454545241.513891
97 1454545241.699656
98 1454545241.803441
111 1454545241.889173
118 1454545242.032905
101 1454545242.177068
32 1454545242.241018
111 1454545242.344843
117 1454545242.464907
114 1454545242.504883
32 1454545242.568862
112 1454545242.680953
111 1454545242.960843
111 1454545243.120948
114 1454545243.273052
32 1454545243.368949
112 1454545243.545030
111 1454545243.624970
119 1454545243.736986
101 1454545243.800937
114 1454545243.905044
32 1454545244.009041
116 1454545244.096743
111 1454545244.153042
32 1454545244.233011
97 1454545244.448958
100 1454545244.520824
100 1454545244.665000
32 1454545244.752642
111 1454545244.880898
114 1454545244.968924
32 1454545245.048976
100 1454545245.185088
101 1454545245.344945
116 1454545245.457212
114 1454545245.592884
97 1454545245.696995
99 1454545245.857148
116 1454545246.153392
46 1454545246.425228
32 1454545246.681229
32 1454545246.865354
84 1454545247.129299
104 1454545247.304966
101 1454545247.433061
32 1454545247.481073
119 1454545247.617138
111 1454545247.736620
114 1454545247.808844
108 1454545247.945155
100 1454545248.081128
32 1454545248.160935
119 1454545248.249043
105 1454545248.368800
108 1454545248.544941
108 1454545248.665046
32 1454545249.177112
108 1454545249.425082
105 1454545249.529262
116 1454545249.624795
116 1454545249.744840
108 1454545249.857004
101 1454545249.977037
32 1454545250.080893
110 1454545250.200759
111 1454545250.296778
116 1454545250.400610
101 1454545250.512665
44 1454545250.632663
32 1454545250.720847
110 1454545250.833088
111 1454545250.912833
114 1454545250.992745
32 1454545251.072712
108 1454545251.224876
111 1454545251.400815
110 1454545251.456668
103 1454545251.545012
32 1454545251.601000
111 1454545251.768934
114 1454545251.832763
8 1454545252.481023
8 1454545252.632835
32 1454545253.297027
114 1454545253.472784
101 1454545253.544765
109 1454545253.640738
101 1454545253.752787
109 1454545253.824802
103 1454545253.928632
101 1454545254.112634
114 1454545254.352810
8 1454545255.160940
8 1454545255.344874
8 1454545256.049189
98 1454545256.192800
101 1454545256.369309
114 1454545256.417524
32 1454545256.504477
119 1454545256.640642
104 1454545256.736679
97 1454545256.808819
116 1454545256.872521
32 1454545256.952709
119 1454545257.056740
101 1454545257.145176
32 1454545257.240908
115 1454545257.480641
97 1454545257.600861
121 1454545257.768962
32 1454545257.872924
104 1454545258.000641
101 1454545258.080972
114 1454545258.144765
101 1454545258.257041
44 1454545258.441133
32 1454545258.568798
98 1454545258.736556
117 1454545258.784642
116 1454545258.984865
32 1454545259.376766
105 1454545259.576603
116 1454545259.696847
32 1454545259.752704
99 1454545259.960962
97 1454545260.056804
110 1454545260.160888
32 1454545260.280762
110 1454545260.400980
101 1454545260.505144
118 1454545260.656696
101 1454545260.784843
114 1454545260.864960
32 1454545261.473215
102 1454545261.641025
111 1454545261.880937
114 1454545262.033091
103 1454545262.225080
101 1454545262.361272
116 1454545262.432895
32 1454545262.512870
119 1454545262.656919
104 1454545262.784936
97 1454545262.864799
116 1454545262.952960
32 1454545263.056904
116 1454545263.152982
104 1454545263.208874
101 1454545263.328927
121 1454545263.464862
100 1454545263.610425
32 1454545263.713180
8 1454545264.321386
8 1454545264.441013
32 1454545264.618784
100 1454545265.032804
105 1454545265.152758
100 1454545265.240833
32 1454545265.328720
104 1454545265.472629
101 1454545265.560627
114 1454545265.744782
101 1454545266.280972
46 1454545266.440731
32 1454545266.624713
32 1454545266.784765
73 1454545267.064688
116 1454545267.168783
32 1454545267.232880
105 1454545267.320834
115 1454545267.400965
32 1454545267.472698
102 1454545267.890084
111 1454545267.992688
114 1454545268.185263
32 1454545268.259481
117 1454545268.473438
115 1454545268.569077
32 1454545268.688566
116 1454545269.105743
104 1454545269.185848
101 1454545269.289000
32 1454545269.352861
108 1454545269.488714
105 1454545270.393331
118 1454545270.657083
105 1454545270.752995
105 1454545270.905020
110 1454545272.369006
103 1454545272.569044
44 1454545272.664850
32 1454545272.761034
114 1454545272.880722
97 1454545272.968796
116 1454545273.056869
104 1454545273.144802
101 1454545273.248809
114 1454545273.320888
44 1454545273.576792
32 1454545273.704958
116 1454545273.816758
111 1454545273.896661
32 1454545274.056923
98 1454545274.185153
101 1454545274.360992
32 1454545274.416900
100 1454545274.577256
101 1454545274.736720
100 1454545274.912865
105 1454545275.056760
99 1454545275.185074
97 1454545275.312965
116 1454545275.408894
101 1454545275.488992
100 1454545275.664862
32 1454545275.744700
104 1454545275.896814
101 1454545276.016859
114 1454545276.096967
101 1454545276.208985
32 1454545276.304756
116 1454545276.552689
111 1454545276.656582
32 1454545276.744823
116 1454545276.793873
104 1454545276.832837
101 1454545276.920593
32 1454545276.976746
117 1454545277.120749
110 1454545277.304762
102 1454545277.424797
105 1454545277.512785
110 1454545277.592877
105 1454545277.688848
115 1454545277.784794
104 1454545277.896815
101 1454545278.040731
100 1454545278.216575
32 1454545278.304890
119 1454545279.993202
111 1454545280.073070
114 1454545280.160939
107 1454545280.280733
32 1454545280.408899
119 1454545280.568845
104 1454545280.640852
105 1454545280.720842
99 1454545280.784792
104 1454545280.888768
32 1454545281.008747
116 1454545281.161180
104 1454545281.224765
101 1454545281.304628
121 1454545281.400738
32 1454545281.616722
119 1454545282.112658
104 1454545282.193061
111 1454545282.264756
32 1454545282.304661
102 1454545282.448706
111 1454545282.576529
117 1454545282.648709
103 1454545282.752695
104 1454545282.840555
116 1454545283.137320
32 1454545283.376760
104 1454545283.528569
101 1454545283.632667
114 1454545283.696612
101 1454545283.800607
32 1454545283.880480
104 1454545283.992529
97 1454545284.112658
118 1454545284.192573
101 1454545284.352674
32 1454545284.416583
116 1454545284.480495
104 1454545284.608449
117 1454545284.865013
115 1454545285.088886
32 1454545285.168904
102 1454545285.258043
97 1454545285.416879
114 1454545285.488813
32 1454545285.576587
115 1454545285.744552
111 1454545285.840808
32 1454545285.928536
110 1454545286.176632
111 1454545286.264883
98 1454545286.376655
108 1454545286.504532
121 1454545286.608556
32 1454545286.728505
97 1454545286.928512
100 1454545287.040568
118 1454545287.176627
97 1454545287.304565
110 1454545287.600593
101 1454545287.752485
99 1454545287.952453
101 1454545288.168850
100 1454545288.488922
46 1454545288.744464
32 1454545288.945340
32 1454545289.120429
73 1454545289.400753
116 1454545289.552679
32 1454545289.616599
105 1454545289.736423
115 1454545289.824552
32 1454545289.880560
114 1454545289.984499
97 1454545290.160598
116 1454545290.226235
104 1454545290.392788
101 1454545290.536653
114 1454545290.632862
32 1454545290.744623
102 1454545291.865060
111 1454545291.936927
114 1454545292.056691
32 1454545292.128635
117 1454545292.272700
115 1454545292.344736
32 1454545292.552775
116 1454545292.832729
111 1454545292.936712
32 1454545293.040608
98 1454545293.216765
101 1454545293.400777
32 1454545293.448835
104 1454545293.664713
101 1454545293.728739
114 1454545293.792930
101 1454545293.888746
32 1454545294.008795
100 1454545294.240967
101 1454545294.408891
100 1454545294.560676
105 1454545294.664578
99 1454545295.553225
97 1454545295.680817
116 1454545295.768820
101 1454545295.904848
100 1454545296.088755
32 1454545296.160888
116 1454545296.296833
111 1454545296.384994
32 1454545296.440798
116 1454545296.488952
104 1454545296.552867
101 1454545296.600667
32 1454545296.688797
103 1454545296.896976
114 1454545297.049077
101 1454545297.112801
97 1454545297.192793
116 1454545297.288696
32 1454545297.384799
116 1454545297.496767
97 1454545297.608856
115 1454545297.720667
107 1454545297.832789
32 1454545297.928841
114 1454545298.272950
101 1454545298.360747
109 1454545298.448796
97 1454545298.600856
105 1454545299.048995
110 1454545299.153017
105 1454545299.256688
110 1454545299.328766
103 1454545299.456362
32 1454545299.504479
98 1454545299.681100
101 1454545299.856611
102 1454545300.680726
111 1454545301.000714
114 1454545301.192744
101 1454545301.336637
32 1454545302.408713
117 1454545302.600569
115 1454545302.784694
32 1454545302.920614
8 1454545303.656854
45 1454545304.144770
45 1454545304.304750
45 1454545304.568526
116 1454545305.376929
104 1454545305.480703
97 1454545305.512713
116 1454545305.576637
32 1454545305.648485
102 1454545305.840591
114 1454545305.992428
111 1454545306.064523
109 1454545306.128652
32 1454545306.224531
116 1454545306.296459
104 1454545306.408799
101 1454545306.488634
115 1454545306.616427
101 1454545306.680699
32 1454545306.768484
110 1454545306.920454
8 1454545307.520787
104 1454545307.744501
111 1454545307.832382
110 1454545307.920465
111 1454545308.000536
114 1454545308.104618
101 1454545308.232379
100 1454545308.408484
32 1454545308.488736
100 1454545308.592287
101 1454545308.752402
97 1454545308.816500
100 1454545308.968390
32 1454545309.352588
119 1454545309.544618
101 1454545309.608894
32 1454545309.720792
116 1454545309.808355
97 1454545309.904433
107 1454545310.016521
101 1454545310.112549
32 1454545310.216593
105 1454545310.352666
110 1454545310.448675
99 1454545310.496680
114 1454545310.704587
101 1454545310.816547
97 1454545310.872656
115 1454545311.056798
101 1454545311.192666
100 1454545311.416547
32 1454545311.536699
100 1454545312.808755
101 1454545312.984684
118 1454545313.440879
111 1454545313.576480
116 1454545313.728596
105 1454545313.808594
111 1454545313.888552
110 1454545313.960479
32 1454545314.088383
116 1454545314.160625
111 1454545314.336531
32 1454545314.816595
116 1454545314.976492
104 1454545315.056506
97 1454545315.144347
116 1454545315.208278
32 1454545315.288484
99 1454545315.648618
97 1454545315.736672
117 1454545315.872512
101 1454545316.872651
32 1454545316.952765
102 1454545317.080584
111 1454545317.176698
114 1454545317.256544
32 1454545317.312751
119 1454545317.440686
104 1454545317.560459
105 1454545317.648460
99 1454545317.656313
104 1454545317.824328
32 1454545318.250460
116 1454545318.362779
104 1454545318.457349
101 1454545318.496878
121 1454545319.152524
32 1454545319.288436
103 1454545319.664453
97 1454545319.784469
118 1454545319.872462
101 1454545320.024526
32 1454545320.112572
116 1454545320.168335
104 1454545320.304452
101 1454545320.392508
32 1454545320.464404
108 1454545320.688469
97 1454545320.808524
115 1454545321.008313
116 1454545321.136496
32 1454545321.288722
102 1454545321.504382
117 1454545321.568419
108 1454545321.768475
108 1454545321.896430
32 1454545321.952265
109 1454545322.064373
101 1454545322.152329
97 1454545322.256465
115 1454545322.336486
117 1454545322.552325
114 1454545322.696341
101 1454545322.768425
32 1454545322.864231
111 1454545322.968352
102 1454545323.072452
32 1454545323.120743
100 1454545323.256656
101 1454545323.408517
118 1454545323.560608
116 1454545323.752397
8 1454545324.216757
111 1454545324.416668
116 1454545324.522280
105 1454545324.603424
111 1454545324.689332
110 1454545324.761029
45 1454545325.112845
45 1454545325.392608
45 1454545325.608343
116 1454545325.792906
104 1454545325.864738
97 1454545325.960504
116 1454545326.016674
32 1454545326.104652
119 1454545326.208782
101 1454545326.296700
32 1454545326.392575
104 1454545326.512691
101 1454545326.608437
114 1454545326.680724
101 1454545326.800698
32 1454545326.888732
104 1454545327.088565
105 1454545327.169187
103 1454545327.328738
104 1454545327.352684
108 1454545327.696423
121 1454545327.816653
32 1454545328.000604
114 1454545328.400683
101 1454545328.488668
115 1454545328.568588
111 1454545328.632614
108 1454545328.792629
118 1454545328.904585
101 1454545329.064609
32 1454545329.176630
116 1454545329.240641
104 1454545329.384422
97 1454545329.448638
116 1454545329.504549
32 1454545329.576624
116 1454545329.664737
104 1454545329.720485
101 1454545329.848670
115 1454545329.952719
101 1454545330.048751
32 1454545330.152371
100 1454545330.328642
101 1454545330.512680
97 1454545330.568611
100 1454545330.720646
32 1454545330.856626
115 1454545330.968537
104 1454545331.056730
97 1454545331.184652
108 1454545331.288731
108 1454545331.416779
32 1454545331.528861
110 1454545331.632835
111 1454545331.736817
116 1454545331.800782
32 1454545331.856817
104 1454545331.952752
97 1454545332.056784
118 1454545332.192696
101 1454545332.400813
32 1454545332.496791
100 1454545332.648755
105 1454545332.768492
101 1454545332.952710
100 1454545333.128709
32 1454545333.192617
105 1454545333.288713
110 1454545333.384799
32 1454545333.432637
118 1454545333.584794
97 1454545333.664796
105 1454545333.760811
110 1454545333.840434
45 1454545334.281795
45 1454545334.440580
45 1454545334.592701
116 1454545335.353099
104 1454545335.424669
97 1454545335.520795
116 1454545335.568741
32 1454545335.640731
116 1454545335.712346
104 1454545335.784484
105 1454545335.880725
115 1454545335.984715
32 1454545336.080781
110 1454545336.104575
97 1454545336.208566
116 1454545336.288586
105 1454545336.352514
111 1454545336.488597
110 1454545336.512699
44 1454545336.809874
32 1454545337.520656
117 1454545337.640780
110 1454545337.816750
100 1454545337.888694
101 1454545338.056510
114 1454545338.104451
32 1454545338.200675
71 1454545338.464731
111 1454545338.664436
100 1454545338.760592
44 1454545338.896716
32 1454545338.984664
119 1454545339.088694
104 1454545339.184700
8 1454545339.776418
8 1454545339.912660
115 1454545340.120699
104 1454545340.232328
97 1454545340.336369
108 1454545340.488584
108 1454545340.600494
32 1454545340.712516
104 1454545340.824560
97 1454545340.912471
118 1454545341.008391
101 1454545341.208694
32 1454545341.312617
97 1454545341.520160
32 1454545341.608366
110 1454545341.976525
101 1454545342.064449
119 1454545342.152373
32 1454545342.224399
98 1454545342.384744
105 1454545342.488715
114 1454545342.592695
116 1454545342.720750
104 1454545342.800450
32 1454545342.944687
111 1454545343.136939
102 1454545343.240711
32 1454545343.304592
102 1454545343.440604
114 1454545343.608655
101 1454545343.672712
100 1454545343.848669
8 1454545344.488880
101 1454545345.376991
100 1454545345.592797
111 1454545345.737057
109 1454545345.824697
45 1454545346.344555
45 1454545346.504818
45 1454545346.672397
97 1454545347.216931
110 1454545347.336727
100 1454545347.392342
32 1454545347.496193
116 1454545347.560206
104 1454545347.616188
97 1454545347.672348
116 1454545347.768288
32 1454545347.840335
103 1454545348.152572
111 1454545348.264745
118 1454545348.368597
101 1454545348.496629
114 1454545348.568454
110 1454545348.872542
109 1454545349.192635
101 1454545349.336367
110 1454545349.432365
116 1454545349.552566
32 1454545349.616481
111 1454545349.808711
102 1454545349.976679
32 1454545350.048734
116 1454545350.176730
104 1454545350.248668
101 1454545350.360626
32 1454545350.416620
112 1454545350.736549
101 1454545350.864680
111 1454545350.944425
112 1454545351.048383
108 1454545351.136723
101 1454545351.409095
44 1454545351.624770
32 1454545351.792476
98 1454545351.968317
121 1454545352.088450
32 1454545352.537602
116 1454545352.640882
104 1454545352.752772
101 1454545352.848477
32 1454545352.904375
112 1454545353.136474
101 1454545353.272441
111 1454545353.344434
112 1454545353.448475
108 1454545354.240698
101 1454545354.376515
44 1454545354.520350
32 1454545354.640393
102 1454545354.856406
111 1454545354.976417
114 1454545355.056261
32 1454545355.152433
116 1454545355.224400
104 1454545355.280363
101 1454545355.352277
32 1454545355.440602
112 1454545355.616660
101 1454545355.736730
111 1454545355.824533
112 1454545356.208725
108 1454545356.320631
101 1454545356.520578
44 1454545356.640682
32 1454545356.760545
115 1454545356.920537
104 1454545357.040604
97 1454545357.168591
108 1454545357.296438
108 1454545357.416586
32 1454545357.584416
110 1454545357.656688
111 1454545357.762562
116 1454545357.896488
32 1454545357.976470
112 1454545358.120444
101 1454545358.312374
114 1454545358.400429
105 1454545358.552521
115 1454545358.680413
104 1454545358.808521
32 1454545359.008448
102 1454545359.160443
114 1454545359.312378
111 1454545359.424480
109 1454545359.488549
32 1454545359.632472
116 1454545359.712452
104 1454545359.792200
101 1454545359.936266
32 1454545360.032544
101 1454545360.192403
97 1454545360.344463
114 1454545360.456468
116 1454545360.600394
104 1454545360.704220
46 1454545360.952450
