70 1459976778.332595
111 1459976778.690196
117 1459976778.777964
114 1459976778.969706
32 1459976779.065871
115 1459976779.241836
99 1459976779.417756
111 1459976779.593725
114 1459976779.721627
101 1459976779.809744
32 1459976779.905692
97 1459976779.977651
110 1459976780.089749
100 1459976780.177954
32 1459976780.241715
115 1459976780.353598
101 1459976780.457789
118 1459976780.649781
101 1459976780.753793
110 1459976780.865941
32 1459976781.002048
121 1459976781.177928
101 1459976781.241833
97 1459976781.369725
114 1459976781.497827
115 1459976781.737842
32 1459976781.841860
97 1459976781.945849
103 1459976782.025785
111 1459976782.153718
32 1459976782.297497
111 1459976782.393870
117 1459976782.489746
114 1459976782.569734
32 1459976782.641756
102 1459976782.785892
97 1459976782.825797
116 1459976782.945899
104 1459976783.074683
101 1459976783.209821
114 1459976783.321894
32 1459976783.457788
8 1459976783.898193
115 1459976784.025918
32 1459976784.122029
98 1459976784.425944
114 1459976784.609858
111 1459976784.721917
117 1459976784.785920
103 1459976784.849905
104 1459976784.977811
116 1459976785.049931
32 1459976785.169591
102 1459976785.409590
111 1459976785.553765
114 1459976785.561285
116 1459976786.065727
104 1459976786.265863
32 1459976786.393989
111 1459976786.505866
110 1459976786.577915
32 1459976786.641697
116 1459976786.697856
104 1459976786.769843
105 1459976786.833836
115 1459976786.945796
32 1459976787.009896
99 1459976787.201891
111 1459976787.281943
110 1459976787.353820
116 1459976787.585662
105 1459976787.721820
110 1459976787.817749
101 1459976787.881841
110 1459976788.049710
116 1459976788.145847
32 1459976788.225577
97 1459976788.377410
32 1459976788.585701
110 1459976788.865651
101 1459976788.961710
119 1459976789.065892
32 1459976789.137892
110 1459976789.218012
97 1459976789.305906
116 1459976789.361632
105 1459976789.449679
111 1459976789.545764
110 1459976789.578017
44 1459976789.801939
32 1459976789.881923
99 1459976790.114009
111 1459976790.209752
110 1459976790.273850
99 1459976790.353943
101 1459976790.521896
105 1459976790.585901
118 1459976790.745728
101 1459976790.881713
100 1459976791.057708
32 1459976791.138013
105 1459976791.225725
110 1459976791.297742
32 1459976791.377766
108 1459976791.465623
105 1459976791.529603
98 1459976791.593541
101 1459976791.737477
114 1459976791.793650
116 1459976791.953612
121 1459976792.153602
44 1459976792.409477
32 1459976792.513551
97 1459976792.593488
110 1459976792.673401
100 1459976792.761498
32 1459976792.817684
100 1459976793.001382
105 1459976793.177495
101 1459976793.433537
8 1459976793.809468
8 1459976793.953477
101 1459976794.057462
100 1459976794.241512
105 1459976794.337581
99 1459976794.457592
97 1459976794.601570
116 1459976794.657617
101 1459976794.753389
100 1459976794.937570
32 1459976795.017643
116 1459976795.146070
111 1459976795.225840
32 1459976795.289702
116 1459976795.353778
104 1459976795.417797
32 1459976795.729722
8 1459976796.089817
101 1459976796.193712
32 1459976796.265940
112 1459976796.393604
114 1459976796.481755
111 1459976796.657611
112 1459976796.745723
111 1459976796.841695
115 1459976796.993538
105 1459976797.089749
116 1459976797.185578
105 1459976797.265565
111 1459976797.337630
110 1459976797.417569
32 1459976797.513799
116 1459976797.777963
104 1459976797.881596
97 1459976798.153943
116 1459976798.225852
32 1459976798.321815
97 1459976798.465782
108 1459976798.585819
108 1459976798.721611
32 1459976798.801866
109 1459976798.913694
101 1459976799.009758
110 1459976799.113917
32 1459976799.202115
97 1459976799.593951
114 1459976799.657777
101 1459976799.761831
32 1459976799.865695
99 1459976800.041616
114 1459976800.185892
101 1459976800.265966
97 1459976800.353650
116 1459976800.417423
101 1459976800.513427
100 1459976801.025711
32 1459976801.114218
101 1459976801.361926
113 1459976801.441983
117 1459976801.577754
97 1459976801.658097
108 1459976801.785847
46 1459976802.001575
10 1459976802.417800
10 1459976802.713618
78 1459976803.137790
111 1459976803.297910
119 1459976803.385788
101 1459976803.449808
32 1459976803.529609
119 1459976803.657775
8 1459976804.041992
8 1459976804.185801
8 1459976804.321691
32 1459976804.481825
119 1459976804.657732
101 1459976804.753870
32 1459976804.833762
97 1459976805.105898
114 1459976805.201907
101 1459976805.281806
32 1459976805.369913
101 1459976805.609842
110 1459976805.713804
103 1459976806.026070
97 1459976806.281930
103 1459976806.409959
101 1459976806.521586
100 1459976806.737712
32 1459976806.785742
105 1459976806.913742
110 1459976807.017717
32 1459976807.225830
97 1459976807.425781
103 1459976807.497734
114 1459976807.665800
101 1459976807.761902
8 1459976808.129966
8 1459976808.281837
8 1459976808.441697
97 1459976808.569656
32 1459976808.785726
8 1459976809.177907
8 1459976809.313758
32 1459976809.553782
103 1459976809.858145
114 1459976810.049769
101 1459976810.122105
97 1459976810.233728
116 1459976810.305955
32 1459976810.801868
99 1459976811.218068
105 1459976811.721880
118 1459976811.825799
105 1459976811.905865
108 1459976812.145871
32 1459976812.329658
119 1459976812.473844
97 1459976812.585588
114 1459976812.665522
44 1459976813.001778
32 1459976813.097931
116 1459976813.305692
101 1459976813.457938
115 1459976813.561805
116 1459976813.625781
105 1459976813.713778
110 1459976813.809747
103 1459976813.873840
32 1459976813.953745
119 1459976814.161758
104 1459976814.289623
116 1459976814.417767
101 1459976814.537598
8 1459976814.881779
8 1459976814.985613
101 1459976815.049968
116 1459976815.121962
104 1459976815.233802
101 1459976815.329871
114 1459976815.409929
32 1459976815.481890
116 1459976815.753881
104 1459976815.817890
97 1459976815.889723
116 1459976815.953719
32 1459976816.017643
110 1459976816.145764
97 1459976816.233680
116 1459976816.289641
105 1459976816.353532
111 1459976816.433735
110 1459976816.489662
44 1459976816.673676
32 1459976816.761711
111 1459976816.857878
114 1459976816.969675
32 1459976817.017692
97 1459976817.129777
110 1459976817.257549
121 1459976817.457775
32 1459976817.649552
110 1459976818.076551
97 1459976818.178785
116 1459976818.249803
105 1459976818.321557
111 1459976818.425515
110 1459976818.513730
32 1459976818.665257
115 1459976818.769726
111 1459976818.889440
32 1459976819.001614
99 1459976819.185465
111 1459976819.273747
110 1459976819.353596
99 1459976819.457737
101 1459976819.617678
105 1459976819.897676
118 1459976820.193772
100 1459976820.513766
8 1459976820.874015
101 1459976820.977617
100 1459976821.145746
32 1459976821.225704
97 1459976821.329708
110 1459976821.417528
100 1459976821.529712
32 1459976821.585725
115 1459976821.913638
111 1459976822.009579
32 1459976822.121842
100 1459976822.273710
101 1459976822.465677
100 1459976822.633585
105 1459976822.753607
99 1459976822.825875
97 1459976822.945609
116 1459976823.017725
101 1459976823.097674
100 1459976823.313370
44 1459976823.609714
32 1459976823.713522
99 1459976823.809876
97 1459976823.905412
110 1459976823.937930
32 1459976824.033753
108 1459976824.401818
111 1459976824.569714
110 1459976824.633715
103 1459976824.689846
32 1459976824.745732
101 1459976824.873591
110 1459976825.001793
100 1459976825.065742
117 1459976825.209612
114 1459976825.361924
101 1459976825.417920
46 1459976825.713648
32 1459976825.921887
87 1459976826.218076
101 1459976826.417722
32 1459976826.601834
97 1459976826.817737
114 1459976826.913880
101 1459976827.049447
32 1459976827.161819
109 1459976827.297646
101 1459976827.393644
116 1459976827.505577
32 1459976827.585608
111 1459976827.689471
110 1459976827.753675
97 1459976827.913747
32 1459976828.033876
8 1459976828.457826
8 1459976828.601846
32 1459976828.697820
97 1459976828.785264
32 1459976828.945432
103 1459976829.145634
114 1459976829.361722
101 1459976829.433763
97 1459976829.617687
116 1459976829.689552
32 1459976829.794354
98 1459976830.289729
97 1459976830.433633
116 1459976830.505653
116 1459976830.649576
101 1459976830.793566
108 1459976830.985551
8 1459976831.385573
8 1459976831.521554
108 1459976831.705514
101 1459976831.793557
102 1459976831.929677
105 1459976832.041496
101 1459976832.209681
108 1459976832.329794
100 1459976832.481635
32 1459976832.569661
111 1459976832.673558
102 1459976832.785459
32 1459976832.841673
116 1459976832.945639
104 1459976832.953346
97 1459976833.217849
116 1459976833.321640
32 1459976833.417585
119 1459976833.649340
97 1459976833.769560
114 1459976833.833547
46 1459976834.089587
32 1459976834.393514
87 1459976835.465783
101 1459976835.649841
32 1459976835.745772
104 1459976835.969730
97 1459976836.017650
118 1459976836.137835
101 1459976836.273663
32 1459976836.345664
99 1459976836.489522
111 1459976836.561740
109 1459976836.649624
101 1459976836.769772
32 1459976836.905571
116 1459976837.057837
111 1459976837.185857
32 1459976837.329748
100 1459976837.497565
101 1459976837.673618
100 1459976837.833684
105 1459976837.977638
99 1459976838.065671
97 1459976838.209646
116 1459976838.281624
101 1459976838.377624
100 1459976838.601427
32 1459976838.642086
97 1459976838.745487
32 1459976838.873508
8 1459976839.249660
8 1459976839.401510
8 1459976839.537583
8 1459976839.681474
32 1459976839.833555
97 1459976840.065561
32 1459976840.257590
112 1459976840.433521
111 1459976840.521905
114 1459976840.617741
116 1459976840.745449
105 1459976840.793581
111 1459976840.897805
110 1459976840.985611
32 1459976841.057602
111 1459976841.233311
102 1459976841.353378
32 1459976841.425607
116 1459976841.497640
104 1459976841.553726
97 1459976841.673648
116 1459976841.745802
32 1459976841.809775
102 1459976841.953561
105 1459976842.049555
101 1459976842.129759
108 1459976842.257725
100 1459976842.345711
44 1459976842.465465
32 1459976842.569812
97 1459976842.681753
115 1459976842.793729
32 1459976842.873807
97 1459976842.969643
32 1459976843.057520
102 1459976843.713615
105 1459976843.793683
110 1459976843.873349
97 1459976843.961576
108 1459976844.033508
32 1459976844.105653
114 1459976844.289523
101 1459976844.393591
115 1459976844.449508
116 1459976844.561490
105 1459976844.633484
110 1459976844.721513
103 1459976844.793554
32 1459976844.857523
112 1459976844.961461
108 1459976845.073528
97 1459976845.153900
99 1459976845.329463
101 1459976845.481751
32 1459976845.553617
102 1459976845.673595
111 1459976845.833660
114 1459976845.953567
32 1459976846.025665
116 1459976846.137647
104 1459976846.209544
111 1459976846.529716
115 1459976846.729610
101 1459976846.825699
32 1459976846.889498
119 1459976846.985520
104 1459976847.081894
111 1459976847.161748
32 1459976847.441627
104 1459976847.801708
101 1459976847.897487
114 1459976847.937626
101 1459976848.057511
32 1459976848.137817
103 1459976848.313467
97 1459976848.441577
118 1459976848.681492
118 1459976848.857860
8 1459976849.353844
101 1459976849.481688
32 1459976849.585611
116 1459976849.681609
104 1459976849.777333
101 1459976849.865431
105 1459976850.017422
114 1459976850.137533
32 1459976850.241453
108 1459976850.401439
105 1459976850.473456
118 1459976850.585496
101 1459976850.713522
115 1459976850.913477
32 1459976851.017503
116 1459976851.121655
104 1459976851.217547
97 1459976851.273556
116 1459976851.337637
32 1459976851.409471
104 1459976851.489564
116 1459976851.569474
97 1459976851.689504
8 1459976852.081873
8 1459976852.233729
8 1459976852.361569
116 1459976852.481934
104 1459976852.617651
97 1459976852.713704
116 1459976852.753802
32 1459976852.905416
110 1459976853.145833
97 1459976853.217704
116 1459976853.281579
105 1459976853.361881
111 1459976853.458100
110 1459976853.529937
32 1459976853.625781
109 1459976853.786330
105 1459976853.915228
103 1459976853.977941
104 1459976854.113917
116 1459976854.209774
32 1459976854.809834
108 1459976855.001726
105 1459976855.106605
118 1459976855.186560
101 1459976855.345981
46 1459976855.465847
32 1459976855.729730
73 1459976855.986563
32 1459976856.185628
116 1459976856.370024
8 1459976856.553665
8 1459976856.681532
116 1459976856.833662
32 1459976856.913789
105 1459976857.009478
115 1459976857.177443
32 1459976857.281521
97 1459976857.473849
108 1459976857.593374
116 1459976858.009449
111 1459976858.113341
103 1459976858.209444
101 1459976858.433678
116 1459976858.553880
104 1459976858.737889
101 1459976858.873647
114 1459976858.961845
32 1459976859.081707
105 1459976859.465652
8 1459976859.761359
102 1459976859.841308
116 1459976860.025559
105 1459976860.265725
8 1459976860.593561
8 1459976860.713699
105 1459976860.922082
116 1459976861.009871
116 1459976861.162434
105 1459976861.330590
110 1459976861.417752
103 1459976861.481582
32 1459976861.586484
97 1459976861.786407
110 1459976861.946191
100 1459976862.107424
32 1459976862.169713
112 1459976862.233873
114 1459976862.402065
111 1459976862.426269
112 1459976862.522025
101 1459976862.897661
114 1459976863.001674
32 1459976863.130027
116 1459976863.338088
104 1459976863.410100
97 1459976863.497828
116 1459976863.561810
32 1459976863.625734
119 1459976863.762215
101 1459976863.857931
32 1459976863.937496
115 1459976864.065542
104 1459976864.106622
111 1459976864.185724
117 1459976864.281869
108 1459976864.401432
100 1459976864.521465
32 1459976864.601537
100 1459976864.705504
111 1459976864.785470
32 1459976865.017518
116 1459976865.169456
104 1459976865.249614
105 1459976865.297541
115 1459976865.409447
46 1459976865.553450
10 1459976865.921499
10 1459976866.089767
66 1459976866.505398
117 1459976866.681573
116 1459976866.817349
44 1459976867.074663
32 1459976867.217814
105 1459976867.338173
110 1459976867.433794
32 1459976867.506080
97 1459976867.657376
108 1459976867.873257
97 1459976868.025405
114 1459976868.129930
8 1459976868.433780
8 1459976868.585886
8 1459976868.721386
32 1459976868.801711
108 1459976869.001496
97 1459976869.146176
114 1459976869.225664
103 1459976869.377585
101 1459976869.537956
114 1459976869.609867
32 1459976869.657723
115 1459976869.817420
101 1459976869.937441
110 1459976870.193925
115 1459976870.409641
101 1459976870.473877
44 1459976870.665357
32 1459976870.785705
119 1459976871.025978
101 1459976871.121828
32 1459976871.210357
99 1459976871.353466
97 1459976871.426153
110 1459976871.521676
32 1459976871.641751
110 1459976871.745778
111 1459976871.889844
116 1459976872.057435
32 1459976872.137900
100 1459976872.322576
101 1459976872.521889
100 1459976872.705900
105 1459976872.873366
99 1459976872.969596
97 1459976873.105478
116 1459976873.193831
101 1459976873.289545
44 1459976873.601568
32 1459976873.769544
119 1459976874.033563
101 1459976874.153907
32 1459976874.249617
99 1459976874.425615
97 1459976874.833659
110 1459976874.993729
32 1459976875.145759
110 1459976875.281761
111 1459976875.409661
116 1459976875.521739
32 1459976875.601596
99 1459976875.825699
111 1459976875.969614
110 1459976876.025767
115 1459976876.337948
101 1459976876.417754
99 1459976876.625590
97 1459976876.825778
114 1459976876.969662
8 1459976877.289887
8 1459976877.425832
114 1459976877.473669
97 1459976877.545676
116 1459976877.641879
101 1459976877.977709
44 1459976878.129513
32 1459976878.217871
119 1459976878.345662
101 1459976878.465813
32 1459976878.521556
99 1459976878.681418
97 1459976878.753503
110 1459976879.289666
32 1459976879.409526
110 1459976879.481403
111 1459976879.609388
116 1459976879.793267
32 1459976879.833462
104 1459976880.617569
97 1459976880.729552
108 1459976880.857454
108 1459976880.977739
111 1459976881.145662
119 1459976881.241667
32 1459976881.337636
104 1459976881.473512
116 1459976881.506028
8 1459976881.865705
8 1459976882.001469
116 1459976882.193559
104 1459976882.505169
105 1459976882.593512
115 1459976882.817354
32 1459976882.873460
103 1459976883.001479
114 1459976883.153274
111 1459976883.233703
117 1459976883.289383
110 1459976883.441359
100 1459976883.553498
32 1459976883.841427
8 1459976884.257805
46 1459976884.497719
32 1459976884.601522
84 1459976885.041910
104 1459976885.257623
101 1459976885.345579
32 1459976885.457491
98 1459976885.649311
114 1459976885.801627
97 1459976885.873742
118 1459976886.049238
101 1459976886.185280
32 1459976886.257614
109 1459976886.385759
101 1459976886.465722
110 1459976886.561150
44 1459976886.753449
32 1459976886.825691
108 1459976886.969265
105 1459976887.089460
118 1459976887.257600
105 1459976887.425354
110 1459976887.857743
103 1459976888.017542
32 1459976888.113469
97 1459976888.305426
110 1459976888.409378
100 1459976888.529581
32 1459976888.601514
100 1459976888.705229
101 1459976888.873373
97 1459976888.945505
100 1459976889.129566
44 1459976889.281596
32 1459976889.401587
119 1459976889.873510
104 1459976889.945649
111 1459976890.033420
32 1459976890.113547
115 1459976890.449518
116 1459976890.593396
114 1459976890.737416
117 1459976890.857434
103 1459976890.945589
103 1459976891.057408
108 1459976891.201426
101 1459976891.297365
100 1459976891.489360
32 1459976891.553640
104 1459976891.689470
101 1459976891.761463
114 1459976891.841365
101 1459976891.953300
44 1459976892.065527
32 1459976892.193775
104 1459976892.369437
97 1459976892.569553
118 1459976892.649609
101 1459976892.817529
32 1459976892.873604
99 1459976893.049268
111 1459976893.105528
110 1459976893.185554
115 1459976893.617637
101 1459976893.769608
99 1459976894.001637
114 1459976894.201174
97 1459976894.329355
97 1459976894.697522
116 1459976894.769529
101 1459976894.905439
8 1459976895.241594
8 1459976895.377381
8 1459976895.497515
116 1459976895.553455
101 1459976895.641155
100 1459976895.825675
32 1459976895.889443
105 1459976896.017564
116 1459976896.105234
44 1459976896.313068
32 1459976896.545398
102 1459976896.762955
97 1459976896.913518
114 1459976896.977562
32 1459976897.097664
97 1459976897.273549
98 1459976897.337605
111 1459976897.449140
118 1459976897.545252
101 1459976897.697297
32 1459976897.793579
111 1459976897.881113
117 1459976898.025431
114 1459976898.225302
32 1459976898.297536
112 1459976898.593827
111 1459976898.769090
111 1459976898.913568
114 1459976899.105496
32 1459976899.401481
112 1459976899.521390
111 1459976899.633284
119 1459976899.753185
101 1459976899.825546
114 1459976899.921249
32 1459976899.969499
116 1459976900.057428
111 1459976900.113745
32 1459976900.177332
97 1459976900.289416
100 1459976900.409410
100 1459976900.569487
32 1459976900.665674
111 1459976900.833417
114 1459976900.945664
32 1459976901.065404
100 1459976901.161759
101 1459976901.321319
116 1459976901.409379
114 1459976901.585481
97 1459976901.698884
99 1459976901.849931
116 1459976902.009378
46 1459976902.153368
32 1459976902.305234
116 1459976902.505416
8 1459976903.081259
84 1459976903.321119
104 1459976903.481441
101 1459976903.577647
32 1459976903.649709
119 1459976903.785591
111 1459976903.873450
114 1459976904.241880
108 1459976904.369446
100 1459976904.641460
32 1459976904.729459
119 1459976904.809502
105 1459976904.929508
108 1459976905.121226
108 1459976905.249596
32 1459976905.329606
108 1459976905.433573
105 1459976905.529515
116 1459976905.657472
116 1459976906.290167
108 1459976906.409428
101 1459976906.545213
32 1459976906.665586
110 1459976906.977184
111 1459976907.057461
116 1459976907.137197
101 1459976907.321361
44 1459976907.449513
32 1459976907.561491
110 1459976907.633661
111 1459976907.721651
114 1459976907.793544
101 1459976907.889498
32 1459976907.937532
8 1459976908.449486
8 1459976908.569559
32 1459976908.665410
108 1459976908.817330
111 1459976908.969366
110 1459976909.049320
103 1459976909.105467
32 1459976909.161257
114 1459976909.305303
101 1459976909.433504
109 1459976909.521746
101 1459976909.633528
109 1459976909.681682
98 1459976909.809526
101 1459976909.993497
114 1459976910.049753
32 1459976910.113549
119 1459976910.289464
104 1459976910.401494
97 1459976910.465688
116 1459976910.553493
32 1459976910.633441
119 1459976910.737392
101 1459976910.873322
32 1459976910.977578
115 1459976911.097750
97 1459976911.217460
121 1459976911.345728
32 1459976911.505250
104 1459976911.585585
101 1459976911.689409
114 1459976911.761454
101 1459976911.865447
32 1459976911.969599
98 1459976912.225766
117 1459976912.321536
8 1459976912.763618
8 1459976912.913486
8 1459976913.049215
44 1459976913.289659
32 1459976913.361626
98 1459976913.441412
117 1459976913.537252
116 1459976913.649304
32 1459976913.713268
105 1459976913.825412
116 1459976913.929316
32 1459976914.001485
99 1459976914.169619
97 1459976914.281616
110 1459976914.353574
32 1459976914.489311
110 1459976914.561427
101 1459976914.835730
118 1459976914.980061
101 1459976915.137350
114 1459976915.209695
32 1459976915.497431
103 1459976915.681520
8 1459976915.986554
102 1459976916.097699
111 1459976916.185236
114 1459976916.305527
103 1459976916.937181
101 1459976917.121337
116 1459976917.193310
32 1459976917.321283
119 1459976917.441483
97 1459976917.593450
104 1459976917.641568
32 1459976917.977135
8 1459976918.425477
8 1459976918.569100
8 1459976918.705307
104 1459976918.905167
97 1459976918.977454
116 1459976919.073958
32 1459976919.137455
116 1459976919.233545
104 1459976919.265692
101 1459976919.401423
121 1459976919.473456
32 1459976919.593273
100 1459976919.785394
105 1459976919.873393
100 1459976919.969373
32 1459976920.425724
104 1459976920.545566
101 1459976920.633393
114 1459976920.689113
101 1459976920.801432
46 1459976920.889443
32 1459976921.097219
32 1459976921.281337
8 1459976921.705652
73 1459976921.905196
116 1459976922.129513
32 1459976922.257444
105 1459976922.433343
115 1459976922.521466
32 1459976922.593419
102 1459976922.753416
111 1459976922.833368
114 1459976922.937341
32 1459976923.033316
117 1459976923.161484
115 1459976923.265384
32 1459976923.345400
116 1459976923.401542
104 1459976923.433708
101 1459976923.561488
32 1459976923.593764
108 1459976923.729517
105 1459976923.809585
118 1459976923.889668
105 1459976924.354018
110 1459976924.497613
103 1459976924.705496
44 1459976924.865487
32 1459976924.993523
114 1459976925.137239
97 1459976925.241286
116 1459976925.329178
104 1459976925.417122
101 1459976925.545009
114 1459976925.617349
32 1459976925.697455
116 1459976925.817238
111 1459976925.937195
32 1459976926.033230
8 1459976926.377099
8 1459976926.521379
8 1459976926.673065
8 1459976926.833401
44 1459976927.057186
32 1459976927.145637
116 1459976927.209201
111 1459976927.313150
32 1459976927.393222
98 1459976927.481375
101 1459976927.657081
32 1459976927.713372
100 1459976927.857399
101 1459976928.017021
100 1459976928.177533
105 1459976928.265311
99 1459976928.385702
97 1459976928.481184
116 1459976928.569319
101 1459976928.649111
100 1459976928.841153
32 1459976928.881228
104 1459976929.025156
101 1459976929.065403
114 1459976929.145352
101 1459976929.249360
32 1459976929.353742
116 1459976929.489227
111 1459976929.601260
32 1459976929.665215
116 1459976929.737217
104 1459976929.793241
101 1459976929.865374
32 1459976929.929336
117 1459976930.345755
110 1459976930.505381
102 1459976930.569448
105 1459976930.665382
110 1459976930.840954
105 1459976931.177292
115 1459976931.305373
104 1459976931.401276
101 1459976931.489480
100 1459976931.673240
32 1459976931.721419
119 1459976931.817233
111 1459976931.913330
114 1459976932.009437
107 1459976932.113404
32 1459976932.241529
119 1459976932.313495
104 1459976932.401225
105 1459976932.473573
99 1459976932.537239
104 1459976932.609463
32 1459976932.705395
119 1459976932.817116
104 1459976932.865540
8 1459976933.233623
8 1459976933.361415
116 1459976933.441489
104 1459976933.537392
121 1459976933.681371
32 1459976933.801270
8 1459976934.145346
8 1459976934.249352
101 1459976934.377393
121 1459976934.457473
32 1459976934.537472
119 1459976934.633465
104 1459976934.705338
111 1459976934.801386
32 1459976934.897338
102 1459976935.025322
111 1459976935.089715
117 1459976935.153416
103 1459976935.249196
104 1459976935.329316
116 1459976935.449583
32 1459976935.785351
104 1459976935.969449
101 1459976936.065259
114 1459976936.137527
101 1459976936.241325
32 1459976936.321417
104 1459976936.409520
97 1459976936.505375
118 1459976936.561188
101 1459976936.697297
32 1459976936.769481
116 1459976936.817528
104 1459976936.865460
117 1459976937.025283
115 1459976937.105108
32 1459976937.177169
102 1459976937.257383
97 1459976937.369511
114 1459976937.481587
32 1459976937.577235
115 1459976937.665350
111 1459976937.801311
32 1459976937.945486
110 1459976938.153229
111 1459976938.249423
98 1459976938.360945
108 1459976938.481244
121 1459976938.577410
32 1459976938.681217
97 1459976938.953320
100 1459976939.065443
118 1459976939.209314
97 1459976939.321371
110 1459976939.889327
99 1459976940.081296
101 1459976940.225204
100 1459976940.425515
46 1459976940.513256
32 1459976940.729459
73 1459976941.026754
116 1459976941.321416
32 1459976941.393688
105 1459976941.641179
115 1459976941.753354
32 1459976941.825441
114 1459976941.905284
97 1459976942.009358
116 1459976942.089250
104 1459976942.193266
101 1459976942.305644
114 1459976942.417402
32 1459976942.457475
102 1459976942.601426
111 1459976942.641860
114 1459976942.817561
32 1459976942.906919
117 1459976943.049630
115 1459976943.217238
32 1459976943.289330
116 1459976943.385120
111 1459976943.425778
32 1459976943.529144
98 1459976943.649362
101 1459976943.809614
32 1459976943.873428
104 1459976943.993093
101 1459976944.081036
114 1459976944.145433
101 1459976944.249439
32 1459976944.321421
100 1459976944.473280
101 1459976944.729262
100 1459976945.041810
105 1459976945.201009
99 1459976945.345143
97 1459976945.537136
116 1459976945.617110
101 1459976945.705209
100 1459976945.905738
32 1459976945.961260
116 1459976946.065429
111 1459976946.097310
32 1459976946.153388
116 1459976946.241182
104 1459976946.289248
101 1459976946.345279
32 1459976946.433243
116 1459976946.577385
104 1459976946.625191
8 1459976946.993251
8 1459976947.105218
103 1459976947.281158
114 1459976947.425193
101 1459976947.521555
97 1459976947.593366
116 1459976947.649266
32 1459976947.705154
116 1459976947.864993
97 1459976947.961173
115 1459976948.041186
107 1459976948.112859
32 1459976948.257279
109 1459976948.409087
101 1459976948.529027
114 1459976948.585248
8 1459976948.809081
8 1459976948.897168
8 1459976949.065132
114 1459976949.177401
101 1459976949.281198
109 1459976949.392864
105 1459976949.512986
97 1459976949.705311
8 1459976949.953639
8 1459976950.073079
97 1459976950.177201
105 1459976950.304863
110 1459976950.393499
105 1459976950.481446
110 1459976950.553376
103 1459976950.681304
32 1459976950.761315
98 1459976951.017262
101 1459976951.145005
102 1459976951.217448
111 1459976951.336934
114 1459976951.441317
101 1459976951.553201
32 1459976951.641009
117 1459976952.329313
115 1459976952.473351
45 1459976952.641454
32 1459976952.921457
116 1459976953.025564
104 1459976953.065376
97 1459976953.177274
116 1459976953.241271
32 1459976953.313286
8 1459976953.617180
8 1459976953.761519
8 1459976953.929230
8 1459976954.080909
8 1459976954.217011
116 1459976954.385244
8 1459976954.737143
8 1459976954.865071
116 1459976955.241769
104 1459976955.353367
97 1459976955.472929
116 1459976955.521449
32 1459976955.617444
114 1459976955.896924
8 1459976956.218149
102 1459976956.305507
114 1459976956.433596
111 1459976956.489466
109 1459976956.569414
32 1459976956.625221
116 1459976956.697230
104 1459976956.792988
101 1459976956.937187
115 1459976957.089294
101 1459976957.145375
32 1459976957.233289
104 1459976957.337042
110 1459976957.729368
111 1459976957.817050
114 1459976957.953173
8 1459976958.345227
8 1459976958.497124
8 1459976958.593203
111 1459976958.824952
110 1459976958.905186
111 1459976958.993170
114 1459976959.128969
101 1459976959.233282
100 1459976959.425184
32 1459976959.489415
100 1459976959.592899
101 1459976959.737690
97 1459976959.873269
100 1459976959.969275
32 1459976960.097236
119 1459976960.217147
101 1459976960.312976
32 1459976960.401219
116 1459976960.793280
97 1459976960.921074
107 1459976961.041059
101 1459976961.137207
32 1459976961.233410
105 1459976961.337193
110 1459976961.441235
99 1459976961.513146
114 1459976961.674124
101 1459976961.777286
97 1459976961.905155
115 1459976961.985350
101 1459976962.073209
100 1459976962.289249
32 1459976962.497559
100 1459976962.633304
101 1459976962.785091
118 1459976962.945219
111 1459976963.104949
116 1459976963.249420
105 1459976963.337142
111 1459976963.433186
110 1459976963.521088
32 1459976963.609185
116 1459976963.689118
111 1459976963.729180
32 1459976963.817064
116 1459976963.888848
104 1459976963.993209
97 1459976964.377568
116 1459976964.481445
32 1459976964.569311
99 1459976964.865938
97 1459976965.017141
117 1459976965.153230
115 1459976965.289183
101 1459976965.361262
32 1459976965.457110
102 1459976965.529124
111 1459976965.697004
114 1459976965.921099
32 1459976965.985420
119 1459976966.408884
104 1459976966.489443
99 1459976966.609289
105 1459976966.649274
104 1459976966.873192
8 1459976967.276263
8 1459976967.425502
8 1459976967.825856
105 1459976968.065653
99 1459976968.161292
104 1459976968.273328
32 1459976968.417165
116 1459976968.497312
104 1459976968.617217
101 1459976968.721288
121 1459976968.833278
32 1459976968.937357
103 1459976969.417582
97 1459976969.521324
118 1459976969.641492
101 1459976969.881210
32 1459976969.953262
116 1459976970.041182
104 1459976970.120968
101 1459976970.193071
32 1459976970.265087
108 1459976970.513443
97 1459976970.577230
115 1459976970.656989
116 1459976970.744972
32 1459976970.825009
102 1459976971.513228
117 1459976971.633313
108 1459976971.841170
108 1459976971.969427
32 1459976972.105504
109 1459976972.474326
101 1459976972.577159
97 1459976972.721258
115 1459976972.785354
117 1459976972.921219
114 1459976973.089298
101 1459976973.225205
32 1459976973.345356
111 1459976973.585425
102 1459976973.673314
32 1459976973.753365
100 1459976974.155561
101 1459976974.289627
118 1459976974.457198
111 1459976974.633362
116 1459976974.969260
105 1459976975.073076
111 1459976975.185117
110 1459976975.241083
45 1459976975.457058
116 1459976975.681357
104 1459976975.761124
97 1459976975.833053
116 1459976975.896893
32 1459976976.016897
119 1459976976.272895
101 1459976976.393189
32 1459976976.465218
115 1459976976.632986
8 1459976977.017145
104 1459976977.177186
101 1459976977.241017
114 1459976977.304794
101 1459976977.416880
32 1459976977.489022
104 1459976977.648826
105 1459976977.745092
103 1459976977.840845
104 1459976977.912864
108 1459976978.073364
121 1459976978.265067
32 1459976979.345530
114 1459976979.592918
101 1459976979.672882
115 1459976979.768706
111 1459976979.856968
108 1459976980.040859
118 1459976980.176988
101 1459976980.401109
32 1459976981.105331
116 1459976981.217225
104 1459976981.257246
97 1459976981.313155
116 1459976981.409200
32 1459976981.449067
116 1459976981.536763
104 1459976981.569334
101 1459976981.721104
115 1459976981.801305
101 1459976981.897134
32 1459976981.961270
100 1459976982.129503
101 1459976982.280926
97 1459976982.353213
100 1459976982.505856
32 1459976982.593176
115 1459976982.697144
104 1459976982.777127
97 1459976982.881198
108 1459976983.025066
108 1459976983.145184
32 1459976983.273353
110 1459976983.385037
111 1459976983.505327
116 1459976983.553253
32 1459976983.609245
104 1459976983.720852
97 1459976983.857295
118 1459976983.929310
101 1459976984.113474
32 1459976984.217107
100 1459976984.457380
105 1459976984.593002
101 1459976984.673111
100 1459976984.849375
32 1459976984.937401
105 1459976985.033019
110 1459976985.120992
32 1459976985.161512
118 1459976985.273082
97 1459976985.360737
105 1459976985.401036
110 1459976985.489259
45 1459976985.696980
32 1459976985.833248
116 1459976985.913308
104 1459976985.937021
97 1459976986.161242
8 1459976986.481308
8 1459976986.633062
8 1459976986.785122
8 1459976986.912971
116 1459976987.025137
104 1459976987.136781
97 1459976987.217408
116 1459976987.265291
32 1459976987.353009
116 1459976987.497076
104 1459976987.545179
105 1459976987.665119
115 1459976987.793133
32 1459976987.865260
110 1459976987.921052
97 1459976988.073071
116 1459976988.113657
105 1459976988.185067
111 1459976988.297092
110 1459976988.369142
44 1459976988.593165
32 1459976988.681185
117 1459976988.801059
110 1459976988.961389
100 1459976989.041134
101 1459976989.177294
114 1459976989.257462
32 1459976989.425345
71 1459976989.721286
111 1459976989.881162
100 1459976990.009030
44 1459976990.113071
32 1459976990.233428
115 1459976990.361348
104 1459976990.433208
97 1459976990.745467
108 1459976990.969250
108 1459976991.089397
32 1459976991.233301
110 1459976991.657119
8 1459976992.105756
104 1459976992.265037
97 1459976992.345101
118 1459976992.425215
101 1459976992.585272
32 1459976992.665265
97 1459976992.768957
32 1459976992.865242
110 1459976992.945138
101 1459976993.080792
119 1459976993.145225
32 1459976993.185279
98 1459976993.345110
105 1459976993.473105
114 1459976993.537251
116 1459976993.664972
104 1459976993.729111
32 1459976993.864897
111 1459976994.041085
102 1459976994.137140
32 1459976994.193155
102 1459976994.401013
114 1459976994.601103
101 1459976994.737048
101 1459976994.881180
45 1459976995.088916
8 1459976995.544974
100 1459976995.641159
111 1459976995.793116
109 1459976995.905302
45 1459976996.065419
97 1459976996.761477
110 1459976996.889513
100 1459976996.977412
32 1459976997.089304
116 1459976997.161131
104 1459976997.193474
97 1459976997.321105
116 1459976997.377182
32 1459976997.441029
103 1459976997.681250
111 1459976997.792874
118 1459976997.881179
101 1459976998.009162
114 1459976998.065485
110 1459976998.384972
109 1459976998.577100
101 1459976998.705110
110 1459976998.785233
116 1459976998.937041
32 1459976999.009122
111 1459976999.121317
102 1459976999.217310
32 1459976999.288932
116 1459976999.369692
104 1459976999.393327
101 1459976999.544916
32 1459976999.601186
112 1459976999.737066
101 1459977000.185624
111 1459977000.312900
112 1459977000.433192
108 1459977000.545207
101 1459977000.857219
44 1459977000.992916
32 1459977001.122260
98 1459977001.225483
121 1459977001.320956
32 1459977001.425188
116 1459977001.432937
104 1459977001.520975
101 1459977001.633056
32 1459977001.704984
112 1459977001.809022
101 1459977001.936963
111 1459977002.025308
112 1459977002.104947
108 1459977002.225123
101 1459977002.513377
44 1459977002.857066
32 1459977003.145232
102 1459977003.305362
111 1459977003.392813
114 1459977003.464883
32 1459977003.537041
116 1459977003.617037
104 1459977003.632908
101 1459977003.745014
32 1459977003.801284
112 1459977004.283871
101 1459977004.387272
111 1459977004.465554
112 1459977004.553799
108 1459977004.672993
101 1459977004.817311
44 1459977004.889240
32 1459977005.089300
115 1459977005.225393
104 1459977005.273211
97 1459977005.674048
108 1459977005.817226
108 1459977005.936679
32 1459977006.089521
110 1459977006.152860
111 1459977006.241103
32 1459977006.545169
8 1459977006.945176
116 1459977007.056808
32 1459977007.129164
112 1459977007.257115
101 1459977007.377081
114 1459977007.441206
105 1459977007.528914
115 1459977007.632658
104 1459977007.712852
32 1459977007.913068
102 1459977008.089190
114 1459977008.217066
111 1459977008.297157
109 1459977008.361052
32 1459977008.417102
116 1459977008.480876
104 1459977008.545248
101 1459977008.624984
32 1459977008.672834
101 1459977008.817113
97 1459977008.897126
114 1459977008.961049
116 1459977009.105122
104 1459977009.209116
46 1459977009.513230
